0.6913189888 0.5499179959
0.6922770739 0.5527405739
0.6928552389 0.5557267666
0.6919432878 0.5592706203
0.688700974 0.5616442561
0.6856687069 0.5643216968
0.682841301 0.5665327907
0.6759013534 0.5686402917
0.672096014 0.5675342083
0.6691381335 0.5663725734
0.6662319899 0.5636357665
0.6633582711 0.5608491302
0.6606974602 0.5584244728
0.658348918 0.5546883941
0.6564622521 0.5513613224
0.6556874514 0.5476322174
0.6548463106 0.5412589908
0.6548463106 0.5412589908
0.6576876044 0.5358145833
0.6621700525 0.5303822756
0.6684365273 0.5270109177
0.678190887 0.5296643972
0.6851078272 0.5352797508
0.6898090839 0.5430532694
0.6915209293 0.5525026321
0.6909564734 0.5603561401

