0.524225831 0.7047896385
0.5266774893 0.7080947161
0.5299158096 0.7080954313
0.5322005153 0.7083326578
0.5369044542 0.7092322707
0.5419942737 0.7100926042
0.5476489067 0.7131260633
0.5547356606 0.7156316042
0.5616728663 0.717066288
0.5684116483 0.7175633311
0.5752085447 0.7184378505
0.5814656615 0.7192748785
0.5880748034 0.7204057574
0.5929739475 0.7205531597
0.5935748816 0.7200616598
0.59411937 0.7193459272
0.5932999253 0.7186119556

0.55515486 0.7147427201
0.5525220037 0.7095600963
0.5506185889 0.7045711875
0.5469462276 0.697699368
0.5423201919 0.6901282668
0.5365573764 0.6818933487
0.5324777961 0.6749197245
0.5289345384 0.6677180529
0.5246219635 0.661596179
0.520586133 0.6564790606

0.5603896379 0.707806468
0.5627021194 0.7061558962
0.567581296 0.7043203115
0.5713053346 0.7000116706
0.5735280514 0.6947976351
0.5751105547 0.6899882555
0.5780117512 0.6859135032
0.583186388 0.6841294765
0.5879696012 0.6814252138
0.5902295709 0.6770228148
0.5924987793 0.6736967564

