0.5064401627 0.5346868634
0.5075461864 0.5334445834
0.5092479587 0.5317535996
0.5123813152 0.5325682163
0.5175356865 0.5338292122
0.5219660997 0.5340487957
0.5260669589 0.5345544815
0.5310131907 0.53574121
0.5371278524 0.5367431045
0.5431429148 0.5375503302
0.5480031371 0.5379605293
0.5537598729 0.5375638604
0.558863461 0.5381529331
0.5635263324 0.5383108854
0.5673313141 0.5384079218
0.5680174828 0.5387541056
0.5683453083 0.5382586718

0.5401876569 0.5307491422
0.5391945839 0.5272086859
0.5374433994 0.5217673182
0.534976542 0.5162581801
0.530385375 0.5099747181
0.5254287124 0.502614975
0.5220031738 0.4967181981
0.5199639201 0.4916301668
0.5186957121 0.4871381521

0.5378342867 0.5154086351
0.5410296917 0.51323241
0.5466854572 0.5143927336
0.5522253513 0.5117324591
0.5568003654 0.509408474
0.5610455871 0.5062017441
0.565025568 0.5042956471

