0.82433182 0.2474838495
0.8262854815 0.2469603419
0.8326427341 0.2474391758
0.8402526975 0.2483580858
0.8516955376 0.2502249181
0.8630933166 0.250559926
0.8733901381 0.2511870861
0.8870075345 0.2528467476
0.9031080604 0.2540162504
0.9197682142 0.2547709048
0.9321343899 0.2510711253
0.9376154542 0.2472742051
0.9434881806 0.2459910512

0.8930563927 0.2519632578
0.8873046637 0.244695738
0.8795856237 0.2352219522
0.8724011779 0.2244389951
0.8647605181 0.2146729529
0.8579009175 0.2058514059
0.8533067107 0.1995554864

0.8895241022 0.2398810834
0.8910417557 0.2345237881
0.897382617 0.2282050401
0.9045578241 0.220330447
0.9099153876 0.2111772299
0.9149850011 0.2054886669
0.9207866192 0.2019294202

