0.5100423098 0.3052162826
0.5149908066 0.307541877
0.5217829943 0.3111107647
0.5292707086 0.3133800328
0.5372269154 0.3150317967
0.5459126234 0.3159781992
0.5532997251 0.3174664378
0.5599379539 0.3192857802
0.5645333529 0.3207201958

0.5383327603 0.3134618104
0.5346232653 0.3064722121
0.5309459567 0.2976729274
0.5270050764 0.2878751159
0.5232446194 0.2792293727
0.5192536712 0.2719694376
0.5166358948 0.2670981288

0.5402121544 0.3029412329
0.5439730287 0.302200228
0.5495103002 0.3008747995
0.5533760786 0.2989472747
0.555747509 0.2951692343
0.5575585365 0.2911759615
0.5601688623 0.2881314158
0.5627812147 0.2851496339

