0.7266649604 0.236409232
0.734544754 0.2383949906
0.7420963049 0.2392706275
0.7527438998 0.2396656573
0.7639244795 0.2396952212
0.7788286209 0.2406616509
0.795840323 0.2438667119
0.80859828 0.2464949638

0.7654829621 0.2290174663
0.7603216171 0.2190283835
0.7562969923 0.2061691284
0.752015233 0.1947450638
0.7482919693 0.1879001856

0.7752016187 0.2331936061
0.7814452648 0.2293311656
0.7892302871 0.2229735702
0.7962940335 0.2172148079
0.8035130501 0.2122289091
0.8107890487 0.2075145245
0.8169143796 0.204254657
0.8203476667 0.2023637444

