0.7309007645 0.5817549825
0.7364587784 0.5850282907
0.7428699136 0.5844141245
0.7471443415 0.5795508623
0.7544531822 0.579394877
0.763653338 0.5813262463
0.7709795237 0.5808950663
0.7773516774 0.5793802738
0.7815390825 0.5803592205
0.7816333771 0.5802916288
0.7772948742 0.5782755017
0.7713007331 0.5765208602
0.7638318539 0.5745773911
0.7551112175 0.571392417
0.7473993301 0.5681105852
0.7417146564 0.5645630956
0.7373937368 0.5597447753
0.7356126904 0.5544544458
0.7359526753 0.5509366393
0.7383003235 0.5479426384
0.7434952855 0.5456470847
0.7501756549 0.5448708534
0.759098053 0.5448328257
0.7662168145 0.5455263257
0.7721495032 0.5452703238

