0.7621979713 0.4357589781
0.7657710314 0.4351123571
0.7711372375 0.436103642
0.777007997 0.437473774
0.7820695639 0.4370797575
0.788566947 0.4391774833
0.79534477 0.440649271
0.7997019291 0.4401694238
0.8035356998 0.4404333234
0.8064011335 0.4425846934
0.8070024848 0.4436928034
0.8055811524 0.4428640306
0.8030305505 0.4413436651
0.7989137173 0.4401523471
0.7939430475 0.4375639558
0.787920475 0.4341234267
0.7818228006 0.4308004379
0.7759027481 0.4268529713
0.7704392672 0.4217973351
0.7675611973 0.416233778
0.7661229968 0.4119107127
0.7663733959 0.4086417556
0.7679343224 0.4054990411
0.7718241215 0.4030485153
0.7770115137 0.4025271535
0.7824422121 0.4035185874
0.7885110378 0.4050778151
0.7942438722 0.4069158137
0.7988657951 0.4082660973

