0.52871418 0.4461280704
0.570489645 0.453076005
0.570489645 0.453076005
0.5717163086 0.4504565299
0.5717163086 0.4504565299
0.5716004968 0.4495468438
0.5709566474 0.4517059028
0.5667077899 0.4520613551
0.556191504 0.4504469037
0.5481359363 0.4496926367
0.5413555503 0.446677357
0.5352910161 0.4433023036
0.5324904919 0.4382044077
0.5308904648 0.4333258271
0.5313001275 0.4273597598
0.5330091119 0.420607239
0.5379102826 0.4167807102
0.5435820818 0.4131777287
0.5506495833 0.4110263586
0.5580930114 0.411952436
0.5651418567 0.4140419364
0.5700052977 0.4149587154

