0.8151180148 0.7641040087
0.8152463436 0.7646254301
0.8157684803 0.7656171918
0.8178632259 0.7668258548
0.8209969401 0.7657995224
0.8258830905 0.7658576369
0.8320055008 0.7664285898
0.8387774229 0.7663626075
0.8450011611 0.7659981847
0.8517856002 0.7667494416
0.8562041521 0.7670056224
0.8585732579 0.7670342922
0.8588844538 0.7668960094
0.8566333652 0.7655454278
0.8526974916 0.7645375729
0.8480379581 0.7629637122
0.8427193165 0.7603906393
0.837100625 0.7572092414
0.8314164281 0.7541115284
0.8273277283 0.7506748438
0.8235225081 0.7472086549
0.8214989901 0.7435437441
0.8210607171 0.7406699061
0.8227617741 0.7381578088
0.8258392215 0.7356567979
0.8301483989 0.7336614728
0.8356288075 0.7331677675
0.8426551819 0.7336426377
0.8493689299 0.7345052361
0.8541007638 0.7342520952
0.8573340178 0.7343090773

