0.8290144801 0.8564665318
0.8283218145 0.8565901518
0.8264256716 0.8487496972
0.8251649141 0.8420699835
0.824119091 0.8357799649
0.8236882687 0.8278781176
0.8235417604 0.8198689222
0.8241025209 0.8137544394
0.8246734142 0.8077602983
0.8261027336 0.8047603369
0.8282706738 0.80662328
0.8318369389 0.8112837076
0.8351145983 0.8185682297
0.8398813605 0.8299082518
0.8457378745 0.8421620131
0.8521848321 0.8525138497
0.8561400771 0.853428781
0.8611391783 0.8533397317
0.8626756072 0.8473004103
0.8634450436 0.8385436535
0.863589108 0.8274094462
0.8640453815 0.8177095652
0.8628890514 0.8080835938
0.861248076 0.7988374233

0.8076912761 0.8284296989
0.8063085079 0.8222786188
0.803879559 0.8134169579
0.8016965985 0.8076732159

