0.6650031209 0.4646082222
0.6642701626 0.4585697055
0.665466547 0.4551128447
0.6660847664 0.44826442
0.6635953784 0.4381220937
0.6625984907 0.4317146242
0.6627288461 0.4272630215
0.6641415358 0.4263723493
0.6667000055 0.4325257838
0.6707551479 0.4389576018
0.676119566 0.445293963
0.681199193 0.4522500634
0.687107861 0.460539639
0.6936089396 0.4670023024
0.6977199316 0.4686692059
0.6998674273 0.4674524367
0.7013072968 0.4637563825
0.7003700733 0.4564871788
0.699442625 0.4471122324
0.6997382045 0.4397002459
0.6998274922 0.4323446155
0.6998274922 0.4241628051
0.6995748281 0.4183917344

0.6443693042 0.4509491622
0.6417521238 0.4467894435
0.6372468472 0.4394192696
0.6295902729 0.4276066422
0.6243881583 0.4205475748

