0.5589058399 0.1619572788
0.558713913 0.1570101678
0.5578770041 0.1499421597
0.5552777052 0.1406080127
0.5530275106 0.1334952861
0.5508602262 0.1248412803
0.5500008464 0.1167897657
0.5507520437 0.1137196869
0.5528162122 0.113735728
0.5567108393 0.1161901131
0.5614932775 0.1214241162
0.5665767789 0.1286005527
0.5697119236 0.1354461312
0.5745993853 0.1434765756
0.5799180269 0.1523325741

0.593673408 0.1595168263
0.5930044651 0.1540248841
0.5911308527 0.1451173127
0.5900540948 0.13900581
0.5900266767 0.1344445944

0.5335578918 0.1320497692
0.5281921029 0.1251467168
0.5195723772 0.1122624204
0.5137525797 0.106328249
0.5072270632 0.1006175652

