0.7511780262 0.3724814653
0.7542662621 0.3720236421
0.7531660795 0.3631070256
0.7513257265 0.3518410623
0.7507872581 0.3426725268
0.7490309477 0.3339077234
0.7504426837 0.3264397979
0.7518302202 0.3191908598
0.7528694868 0.313828826
0.7558078766 0.3151373863
0.7603020668 0.3199545145
0.7631787658 0.3259450495
0.7655150294 0.3329073191
0.7687568665 0.3413592875
0.7727268338 0.3502957523
0.775452137 0.3574099541
0.7787951827 0.3607130051
0.781471014 0.3589593768
0.782011807 0.3535428047
0.7833333015 0.3459081948
0.7850087881 0.3400028348
0.7862783074 0.333876878
0.7865405083 0.3271494508
0.787533164 0.3228346109
0.7884219289 0.3199573457

0.7288649678 0.3397285044
0.7256515026 0.3350589275
0.7212255597 0.3284471035
0.7171676159 0.3219704032

