0.5425893068 0.4120580554
0.5450735688 0.4052440226
0.5455921888 0.3960865438
0.5422961712 0.3858043551
0.5428956747 0.3801243305
0.5444898605 0.3763195276
0.5453229547 0.3745776415
0.5458500385 0.3763738275
0.5493038297 0.3828808665
0.5533884764 0.3895347118
0.5575758219 0.396684289
0.5633643866 0.4042001963
0.5685243607 0.4123340249
0.5740477443 0.4157253504
0.5764427185 0.4147058427
0.5797015429 0.4103310406
0.5813034773 0.4038920701
0.5810501575 0.3963708878
0.5807877779 0.3900497556
0.5812879801 0.3835577965
0.5802606344 0.3766674697

0.5206741095 0.3963421285
0.5193325281 0.3915062249
0.516356349 0.382238239
0.5100587606 0.3749859929

