0.856148839 0.3485981226
0.8564605713 0.3472706974
0.8562896252 0.3437431455
0.8557984829 0.3389193416
0.8557984829 0.3389193416
0.8545796871 0.3305432796
0.8525059223 0.3219003677
0.8529629111 0.3170155883
0.8527476192 0.3127286136
0.8534237146 0.3111691773
0.855497539 0.3117033839
0.8598206043 0.3158855438
0.8655373454 0.3212765157
0.8709734082 0.328487426
0.8794293404 0.3398045003
0.8840566278 0.3469244242
0.888127327 0.3515848517
0.8875479102 0.3480605483
0.889347434 0.3450052738
0.8910428286 0.3386365175
0.8920682669 0.3320623636
0.8918528557 0.3243945539
0.8934361339 0.319280684
0.8945462704 0.3140695691
0.893483758 0.3094313741

0.8301228285 0.3349719942
0.8267254829 0.3284212649
0.8255227804 0.3204905093
0.8227192163 0.3147037029

