0.5005912781 0.8405542374
0.5010583997 0.8365597725
0.5028568506 0.8336459398
0.5037625432 0.8312754631
0.5051916838 0.8286912441
0.5071885586 0.8262894154
0.5089461803 0.8250029683
0.510438323 0.8252164125
0.5118640065 0.8251085877
0.5136752725 0.8254623413
0.5149216056 0.8263949156
0.5160650015 0.8279905319
0.5174154043 0.8295423985
0.5178943276 0.8314353824
0.5186727047 0.8330017328
0.5186113119 0.8359042406
0.5186972022 0.8392295241
0.5206760764 0.8414176106
0.5215495825 0.8448235989
0.52266711 0.8483712077
0.5233977437 0.8513509631
0.5238290429 0.8542500734
0.5244169235 0.8572561741
0.5259263515 0.8603907228
0.5271109343 0.8633044958
0.5277798772 0.8659118414
0.5285660028 0.8682713509
0.5294840932 0.8707145452
0.5302402377 0.8731276393
0.531408906 0.8744884133
0.532161057 0.875968039
0.53286165 0.8763935566
0.5335825086 0.8767089248
0.5342354178 0.8768956661
0.5346670747 0.8761009574
0.5354244113 0.8752129078
0.5356990695 0.8739142418
0.5358930826 0.8713978529
0.5358430147 0.8688920736
0.5362439752 0.8656393886
0.536572814 0.8622523546
0.5374187231 0.8585649133
0.5385439396 0.8546611071
0.5395706296 0.8503882289
0.5408002138 0.8460063934
0.5423211455 0.8419305682
0.5436632037 0.8389710784
0.5450071096 0.8361268044
0.5463971496 0.8338800073
0.5477449298 0.8320929408
0.5488176346 0.8315206766
0.5506073833 0.8311972618
0.5528692007 0.8316171765
0.5546267629 0.8321869969
0.5562263727 0.8338133693
0.5568404794 0.8375229836
0.5570258498 0.8420757055
0.5579063892 0.8460705876
