0.719604373 0.6640587449
0.7208454609 0.6672178507
0.7226413488 0.6716208458
0.7230511904 0.6752644777
0.7208272219 0.676276207
0.7178088427 0.6762102842
0.7161374092 0.6761040688
0.7145300508 0.6741235852
0.712257266 0.6688408256
0.7102684975 0.6624726057
0.7083715796 0.6553883553
0.7076413035 0.6486272812
0.7075003386 0.6422393918
0.707218051 0.6357553601
0.7080032229 0.6298441887
0.7094330788 0.6251044273
0.7115674019 0.6219744682
0.7142823935 0.6219953299
0.7165658474 0.624714911
0.7195245624 0.6308076382
0.7228885889 0.6395469904
0.727007091 0.6475856304
0.7309550643 0.6509237885
0.7344721556 0.6465842128
0.7378448248 0.6457073689
0.7400329113 0.6347447038
0.7415302992 0.6229306459
0.746237278 0.6156820059
0.7505589724 0.6121960282
0.7555108666 0.6150892973
0.7630796432 0.6218449473
0.7630796432 0.6218449473
0.7657777071 0.6385590434
0.7711858749 0.6597289443
0.7715203762 0.6786339283
0.768184185 0.6846353412
