0.749530375 0.4650096893
0.7477715611 0.4582560062
0.7459365129 0.4524978995
0.7446365356 0.4471206665
0.7428646088 0.4368216395
0.7407662868 0.4186891913
0.7399692535 0.4065918326
0.7399379611 0.3988831043
0.7424778938 0.3935294151
0.7495462894 0.3892281055
0.7568546534 0.3846117854
0.7629439831 0.3835270703
0.771214962 0.3883025348
0.7814759016 0.4004511833
0.7920517921 0.419921875
0.8014280796 0.4353665113
0.8087685704 0.4472002983
0.8139785528 0.4522789717
0.8167995214 0.4512063861
0.8188588023 0.4462930858
0.8161194324 0.4180612564
0.8172643185 0.4021139443
0.8204615116 0.3900669813
0.8276039362 0.3876445889
0.8348271847 0.3934058249
0.8437114358 0.4075766206
0.8472011685 0.411467582
0.8537891507 0.4213126302
0.8586119413 0.4352617264
0.8584313989 0.4465642869
0.8548963666 0.4548083544
