0.5333764553 0.3098695874
0.533395946 0.3068974316
0.533395946 0.3068974316
0.5341057777 0.3035165668
0.5358705521 0.2998582423
0.5387101769 0.296213299
0.5416002274 0.2932127714
0.5438016057 0.2912956774
0.5460870266 0.2892024815
0.5480330586 0.2880870104
0.5502091646 0.2882115841
0.5521525145 0.2885089219
0.5537724495 0.2895596921
0.5551738739 0.2915027738
0.5566192865 0.2941339016
0.5583367944 0.297781378
0.5606434345 0.3032580912
0.5626745224 0.3084756136
0.5634627938 0.3140389919
0.5634028316 0.31997931
0.5631212592 0.3256677389
0.5625904799 0.3313296437
0.5607187748 0.3363958597
