0.5005842447 0.7147603035
0.5007944703 0.714589715
0.5033867359 0.7144847512
0.5067498684 0.7145239115
0.5096179247 0.7149416208
0.5122773647 0.7150892019
0.5136672258 0.7152360678
0.5160329342 0.7155633569
0.5187107921 0.7168822885
0.5218833685 0.7183482647
0.5245904922 0.7201667428
0.5250734687 0.722122848
0.5252463818 0.7233064175
0.526327014 0.7263016701
0.5277557373 0.7293881774
0.5284677744 0.7324900627
0.5286210775 0.7356752157
0.5285128355 0.738706708
0.528221488 0.7417856455
0.5278955698 0.7446560264
0.5280210972 0.7472252846
0.5275191069 0.7497422695
0.5270806551 0.7518495321
0.5267752409 0.7528151274
0.5260141492 0.7530500889
0.5254848003 0.7512047291
0.5249398947 0.7483782768
0.5246098042 0.7455251217
0.5244963169 0.7428835034
0.5248143673 0.7403199673
0.5253327489 0.7378666401
0.525716424 0.7354899049
0.5270970464 0.7324754
0.5281357765 0.729724288
0.5299477577 0.7272168398
0.5315911174 0.7259805202
0.5328388214 0.7241818905
0.5343244076 0.722055912
0.5358820558 0.7202003598
0.5368191004 0.7200089693
0.5384084582 0.7193764448
0.5400627255 0.7189987898
0.5413529873 0.7191247344
0.5425037742 0.7193052769
0.5435072184 0.7198750377
0.5445473194 0.72052598
0.5451757908 0.7217493653
0.5456080437 0.7236052752
0.5460367799 0.7261634469
0.5457974672 0.7291368246
0.5452509522 0.732657671
0.5453084707 0.7360354662
0.545145154 0.7399686575
