0.8657757044 0.5145971775
0.8647290468 0.5151934624
0.8649117947 0.5168085098
0.8651764393 0.5169306397
0.8650696874 0.5142295957
0.8645696044 0.5082358718
0.8641133904 0.499671936
0.8646371365 0.4915158749
0.8671140671 0.4818563461
0.8697849512 0.4737274647
0.8721797466 0.4675183892
0.8755298853 0.4638772905
0.8813965321 0.4624488056
0.887250185 0.4620463848
0.8947654963 0.4671791196
0.9008684158 0.4735558033
0.9056537747 0.4847375154
0.9088008404 0.4966891408
0.9123541117 0.5090413094
0.9161833525 0.5156821012
0.9185484648 0.5134592056
0.918597579 0.5030600429
0.9178631306 0.4887313843
0.9186527729 0.4755433202
0.9219531417 0.4676981568
0.9270508289 0.4731029868
0.9307160974 0.4872665405
0.933118701 0.4973837435
0.9340079427 0.512403667
0.9348069429 0.5273731947
0.9329475164 0.5475260615
