0.6004226208 0.3631621599
0.6019397974 0.3639362156
0.6033318639 0.364890933
0.6041491628 0.3653584421
0.6032975912 0.3644681573
0.5994052291 0.3613162041
0.5959166288 0.3585987687
0.5932568312 0.3563002944
0.5914685726 0.3531596661
0.5897503495 0.3495638669
0.588371098 0.3447591066
0.5874709487 0.339889884
0.586958766 0.3349964619
0.5877047777 0.3294855356
0.588733077 0.3242553473
0.5902808905 0.3193696737
0.5931556821 0.3157632947
0.5962191224 0.3122240305
0.5995318294 0.3098598719
0.6028119326 0.3082703054
0.6070088148 0.3115204573
0.6120411158 0.3185971677
0.6169872284 0.3281843364
0.6213673353 0.3362912536
0.6232776642 0.338064909
0.6259577274 0.3351790607
0.6269818544 0.3243408203
0.6309110522 0.3116748929
0.6353675723 0.304250598
0.6425815225 0.292871803
0.6484103203 0.2877215445
0.6562591195 0.2933653891
0.6638485789 0.3067934513
0.6670907736 0.3231809437
0.6606268287 0.3465421796
0.6606268883 0.3465420902
