0.5222812891 0.1094630584
0.5221646428 0.1095588505
0.5207415819 0.1092470288
0.5208564997 0.109079726
0.5198119879 0.1072513387
0.5149399042 0.1038920507
0.510972321 0.0996869728
0.5080217719 0.09525648504
0.5062122345 0.09070445597
0.505820632 0.0865675956
0.5082149506 0.08323352784
0.5118886828 0.07982875407
0.5151173472 0.07684176415
0.5178062916 0.07468583435
0.5206212997 0.07277118415
0.5231084824 0.07094961405
0.5255604982 0.06957356632
0.5279037356 0.06856326759
0.5302946568 0.06836889684
0.5330689549 0.07038743794
0.5357475281 0.07305761427
0.5386514068 0.07623505592
0.5411993861 0.07998633385
0.5437641144 0.08440455794
0.5465727448 0.08923986554
0.5492255092 0.09303241223
0.5498108268 0.09518492222
0.5495612621 0.09619332105
0.548987031 0.09604893625
0.5473858118 0.09488327056
0.544941783 0.09187024832
0.5428981185 0.08894600719
0.5410472155 0.08590039611
0.5398317575 0.08255726099
0.5392045975 0.07946562022
0.5390043855 0.07645604759
0.5394490361 0.07361616194
0.5407786369 0.07118723541
0.5424948931 0.06904683262
0.544355154 0.06777171791
0.5461134911 0.06634196639
0.5482252836 0.06510412693
0.5503823757 0.06461687386
0.5526127219 0.0651608333
0.5552985072 0.06694731116
0.5564591885 0.06789194047
0.5581247807 0.07091112435
0.5596196651 0.07416681945
0.5617645383 0.07957182825
