0.6894513369 0.4420007765
0.6890388131 0.4427930713
0.6883772016 0.4436373115
0.6890264153 0.4440625608
0.6894173026 0.44380036
0.6895601153 0.4410588741
0.6892542243 0.4318526089
0.6881904006 0.4221608937
0.6867780089 0.4118884504
0.6859588623 0.4018180668
0.6863715649 0.3939368427
0.6869306564 0.3871682882
0.6887472868 0.3837701678
0.6914716363 0.3841247857
0.6952377558 0.3880133629
0.6995590329 0.3942100406
0.7033621669 0.4035395682
0.7056950331 0.4138143659
0.7082537413 0.424408555
0.7109512091 0.4322468638
0.713596046 0.4333215058
0.7135019898 0.422491461
0.712572813 0.4082148373
0.71233356 0.3924887776
0.7141496539 0.378136903
0.7174580097 0.3720546365
0.7223894596 0.3657685518
0.7291827798 0.3652843833
0.736092329 0.3689028919
0.7439364791 0.3756873012
0.7505550385 0.3836721778
0.7543524504 0.3928681612
0.7554649115 0.4030903876
0.7534285784 0.4145146012
0.7521007657 0.4226834774
0.7515864372 0.428517431
0.7503216267 0.4326556325
0.7487874031 0.4331996739
