0.5174909234 0.8051441312
0.5179681778 0.8080589771
0.5170894265 0.8069733977
0.5206148624 0.80558002
0.52013731 0.8042099476
0.5189471245 0.802519083
0.517521739 0.8015762568
0.5156294107 0.7979135513
0.5141606331 0.7957292199
0.5128631592 0.7930344343
0.5116159916 0.7903969288
0.511256218 0.7881981134
0.5120686293 0.7858492136
0.5119864941 0.783467412
0.5120669603 0.7804480195
0.5116695762 0.7781227827
0.5117940903 0.776104331
0.512537241 0.7741681337
0.5132450461 0.7722191811
0.513885498 0.770236671
0.5140309334 0.7688980699
0.5145109296 0.7677660584
0.5159102678 0.7667167187
0.5175055861 0.7660454512
0.519674778 0.765850842
0.5216779113 0.7664521337
0.5241955519 0.7661725283
0.527133882 0.7662684321
0.5297639966 0.7669500113
0.5325058103 0.7678248882
0.5347131491 0.7691479325
0.5369463563 0.7709394693
0.5394550562 0.772218883
0.5411860943 0.7744685411
0.542227149 0.7770456076
0.5435412526 0.7795572281
0.5444995165 0.7819811106
0.5444307327 0.7845289707
0.5451134443 0.7871015072
0.5454186201 0.7898499966
0.5452181697 0.7911465764
0.5449575186 0.7931392193
0.5438060164 0.7953094244
0.5432401896 0.7970698476
0.5424110293 0.7991181016
0.5421689749 0.8004757762
0.5421606302 0.8013047576
0.5412886143 0.802257061
0.5406913757 0.8023005724
0.5400813818 0.8023058176
0.5395386815 0.801494658
0.5393852592 0.8001396656
0.5387128592 0.7986723185
0.5379606485 0.7967566252
0.5375661254 0.7947833538
0.5376348495 0.7920949459
0.5375711918 0.7891462445
0.537622571 0.78657341
0.5379083157 0.7838985324
0.5388733745 0.7810427547
0.5403546691 0.7779086828
0.5411859751 0.7752586603
0.5424019098 0.7728533745
0.5438329577 0.7708525658
0.5456851721 0.7692592144
0.547871232 0.7688536048
0.5500705242 0.7682812214
0.5516245365 0.7676991224
0.5530523062 0.7681580782
0.5550594926 0.7688483
0.5569285154 0.7701010704
0.5586614609 0.7714141607
0.5597968102 0.7731888294
0.5606707931 0.775211215
0.5613898635 0.7777737379
0.5621586442 0.7803750038
0.5628095269 0.7832550406
0.5633635521 0.7862393856
