0.7575749159 0.6714498997
0.7565363646 0.680128336
0.7570309043 0.6823610067
0.760435462 0.6759214401
0.7614630461 0.6681354642
0.7627059817 0.6585183144
0.765535295 0.6463359594
0.768586874 0.6365271807
0.774918139 0.6255172491
0.7797368169 0.6198766828
0.7849569321 0.6150435805
0.7904727459 0.6128796935
0.7953590751 0.6164209247
0.7991672754 0.6218562126
0.8022757769 0.6310148239
0.8055595756 0.6398987174
0.8064450026 0.6529262662
0.8072363734 0.6626918316
0.8089009523 0.6617726088
0.8101037741 0.6546627879
0.8113161325 0.6415803432
0.8143281937 0.6314548254
0.819247663 0.6221659184
0.823649466 0.6181001067
0.826500535 0.619951725
0.8280094266 0.6303423643
0.8277142048 0.6363309026
0.8280106783 0.656883955
0.8278992176 0.6643924117
