0.6054093838 0.4619323313
0.6054465771 0.4592605829
0.6019580364 0.4557750225
0.5975434184 0.4510648847
0.5946314335 0.4459579587
0.594658494 0.444024682
0.5953188539 0.4395589232
0.5958348513 0.433696568
0.5949258208 0.42634058
0.5943384171 0.4181667268
0.5950337052 0.4106817245
0.5983206034 0.4041550159
0.6016808748 0.3988115788
0.6065968275 0.3954298496
0.6119100451 0.3933387697
0.6170939207 0.3925319016
0.6224283576 0.3960926235
0.6256113052 0.4028775096
0.6270893216 0.4119856954
0.6286690831 0.4210717976
0.6312500238 0.4285795391
0.6332274675 0.4305175543
0.6357941628 0.4281389415
0.6373330355 0.4202991426
0.6391298771 0.4160604775
0.6395170689 0.4020914733
0.6431919336 0.3913906813
0.6503301859 0.3804117739
0.6571955085 0.3714370728
0.6641730666 0.3683080971
0.6748098135 0.3782991767
0.6748098135 0.3782991767
0.6800215244 0.4094012082
0.6689642668 0.4419342279
0.665746212 0.4574757516
