0.7444309592 0.2333106399
0.74567765 0.2374511659
0.7491848469 0.2358585596
0.7493646741 0.2250129431
0.7467468977 0.213308081
0.7441740036 0.201159507
0.7437431216 0.1906813383
0.7446487546 0.1803495735
0.7469454408 0.1711636782
0.7497698665 0.1649686843
0.7564266324 0.1707516611
0.7654408813 0.1805047095
0.7756942511 0.19409132
0.7845232487 0.2095693946
0.7922105789 0.2204440236
0.7983989716 0.2298193872
0.8034694195 0.2361970991
0.8053179979 0.2318971604
0.8047534823 0.2165538371
0.8031584024 0.1998313516
0.8036389351 0.1857366562
0.8069301844 0.1752295047
0.8123472929 0.1739306897
0.822296679 0.1908795238
0.8300043941 0.2119847536
0.8366202116 0.2243780196
0.8413637877 0.2365924567
0.8436351418 0.2440306991
0.8417035341 0.2461093962
