0.6790052056 0.2258268595
0.6820175648 0.2373618633
0.6836535931 0.2404260933
0.6818611622 0.2309729755
0.6787490249 0.2049311846
0.6746537089 0.1777218282
0.6785290241 0.1624964923
0.6859722137 0.1558246911
0.6955344081 0.1576772779
0.7070736885 0.1730276048
0.7149598002 0.1960031241
0.7203652859 0.2194149345
0.7288717031 0.2274447978
0.7309539318 0.2135284543
0.729629159 0.195679903
0.730663836 0.1789358258
0.7343874574 0.1673283428
0.7408607006 0.1649062783
0.7475378513 0.1815639585
0.7534601688 0.1986165047
0.7550263405 0.224362582
0.7525674105 0.2383329868
0.749284327 0.2421896458
