0.5108487606 0.1640477926
0.5100181103 0.1635887176
0.5101158619 0.1625062525
0.5100153089 0.1611703485
0.5088514686 0.1589458883
0.50673455 0.1556274146
0.5059865713 0.1528805941
0.5069758892 0.1504561305
0.5081475377 0.1480662078
0.5085509419 0.1456024051
0.5082992911 0.1431266367
0.5084450245 0.1405611038
0.5090132356 0.1382971704
0.5101062655 0.1358863711
0.5109035969 0.1339183152
0.5120540261 0.132095933
0.5125985146 0.1311641484
0.5138296485 0.130015105
0.5161857009 0.1295156926
0.5185809731 0.1293625683
0.5215530396 0.1302262396
0.5245646834 0.1316010207
0.5275969505 0.1336471438
0.5308392644 0.1361446083
0.5327811837 0.1377573907
0.5359574556 0.1403871477
0.537799418 0.1428244859
0.5385507345 0.1443547308
0.5395450592 0.145829618
0.5387969017 0.1454180628
0.5380473733 0.1449003071
0.5362070799 0.1426748633
0.5353627801 0.1408051848
0.5353627801 0.1408051848
0.5346128941 0.1378363073
0.5345827341 0.1351302713
0.5347479582 0.1314652711
0.5376224518 0.1283406764
0.5408557653 0.1251986772
0.5437256098 0.122809656
0.5478026271 0.1212570369
0.5519979596 0.1208270267
0.5554070473 0.1221855357
0.5584086776 0.125679493
0.5621553659 0.1310104132
0.5651628971 0.138414517
0.5671006441 0.1454528868
0.568199873 0.1516592205
