0.6665837169 0.6156203747
0.6662425399 0.6203084588
0.6681218147 0.6267282963
0.6732338667 0.633441925
0.6786984801 0.6371809244
0.6868827343 0.6390916109
0.6923066378 0.6393792033
0.6956702471 0.635799706
0.6964966059 0.6296430826
0.693136692 0.6212152243
0.6848041415 0.6120557189
0.6757258177 0.6066106558
0.6659288406 0.6035761833
0.652810812 0.6008131504
0.6383435726 0.6013730764
0.6291578412 0.6020838618
0.6218216419 0.6038839817
0.6173588634 0.6051515937
0.6167786717 0.6065227389
0.6183025837 0.6080573797
0.6253330708 0.609151721
0.6343824267 0.610501647
0.6438801289 0.6102630496
0.65494591 0.6093912721
0.6667220592 0.6077307463
0.678686738 0.6058840752
0.6898505092 0.6036709547
0.6979584098 0.5997655392
0.699999094 0.5941283703

