0.5579354167 0.465939343
0.5586799979 0.4733628333
0.5575957894 0.4789552689
0.5581046939 0.4828468561
0.5632582903 0.487320751
0.5686571002 0.4936798811
0.5757731199 0.4940406084
0.5809242129 0.4912852347
0.5845016241 0.4876081347
0.5856131315 0.4807144403
0.5819342732 0.4736392498
0.5769246817 0.468152225
0.5701354742 0.463860929
0.5604588389 0.4601126611
0.5484184623 0.4585680962
0.5377349257 0.4579070807
0.5259694457 0.4560509026
0.515407443 0.4556438327
0.5043486953 0.4547361135
0.5004882812 0.4551770389
0.5004882812 0.4546695352
0.5042311549 0.4559463263
0.5141313672 0.4569821954
0.5213114023 0.4555843472
0.5308560729 0.456355691
0.5425658226 0.4574118853
0.5521731973 0.45776999
0.5609781742 0.4566234052
0.5709837079 0.4560567439
0.5782927275 0.4534938335
0.5806083679 0.4497340918
0.5793234706 0.4457413256

