0.5469875336 0.7069703937
0.5475335121 0.7114287615
0.5483921766 0.7161408067
0.5493322611 0.7191883326
0.5511490107 0.7248442173
0.5547809005 0.7335140705
0.5577799082 0.7392190695
0.5609736443 0.7417464852
0.5651339293 0.7436498404
0.5702397227 0.7439682484
0.5743403435 0.7401223779
0.577047348 0.7337210178
0.5792205334 0.7286790609
0.5801132917 0.723025918
0.5796405077 0.7170417309
0.5769984722 0.7126737237
0.5732845068 0.7101563811
0.5673481822 0.7086900473
0.5601529479 0.7081443071
0.5533293486 0.7064580917
0.5441554785 0.7035518885
0.5357587934 0.7013624907
0.5279131532 0.6994368434
0.5204004645 0.6972819567
0.5101553202 0.6970847845
0.5039212704 0.6984713674
0.500559926 0.6993188858
0.50055933 0.6988968849
0.50058496 0.6993091702
0.5036319494 0.6995202303
0.5052661896 0.6992529631
0.5079870224 0.6988438964
0.5109282732 0.6997075081
0.5147719383 0.7010865211
0.5194272995 0.7017496824
0.5265069008 0.7009606361
0.5350102186 0.6996437311
0.5425546765 0.6990476847
0.5525255799 0.6977361441
0.5616788864 0.6984170675
0.5685924292 0.697650671
0.5747066736 0.6950201988
0.5776654482 0.6918683648
0.5787335634 0.6892228127

