0.8597118855 0.8988921642
0.8572570682 0.8989357948
0.857766211 0.9054203033
0.8578132391 0.9131455421
0.8608865738 0.9179723263
0.8668695688 0.9243203402
0.8748621941 0.9319924712
0.8824384809 0.9353632927
0.8912762403 0.9352592826
0.9016566277 0.9357053041
0.9080822468 0.934004426
0.9058288336 0.9248313308
0.9026460648 0.917655468
0.8971936703 0.9110828638
0.8883792758 0.9039207697
0.877204895 0.8985077143
0.8675701618 0.8949342966
0.8569155335 0.8917363286
0.8463427424 0.8897774816
0.8371919394 0.8896183968
0.82965976 0.8896671534
0.8237905502 0.8888227344
0.8187784553 0.8884168267
0.8166504502 0.8901081681
0.8169370294 0.8905895948
0.819368422 0.8903225064
0.8233300447 0.8910706639
0.8292198777 0.8933053017
0.8370336294 0.8938441277
0.8450424075 0.8939010501
0.8549620509 0.8960497379
0.8667159081 0.8985099196
0.8771391511 0.8972169757
0.8880844116 0.8983663321
0.8968820572 0.8978854418
0.9011870623 0.8951147199
0.9037003517 0.8927273154

