0.5562327504 0.296092838
0.5572833419 0.3038793206
0.5584142804 0.3115297556
0.5607584715 0.3146359921
0.5640441775 0.3149856031
0.5685129166 0.3177593946
0.5751971006 0.3188117743
0.5811841488 0.316898942
0.586579442 0.3140640557
0.5888969898 0.3093099892
0.5870129466 0.3025239706
0.5839277506 0.2963587344
0.5777377486 0.2903536856
0.5698767304 0.2845212221
0.561080575 0.2806171179
0.5531331897 0.2750379443
0.5440348983 0.2703956366
0.5342668295 0.2700562179
0.523673892 0.2744855285
0.5145645142 0.2732585371
0.5074115992 0.2717474997
0.5045058727 0.2727682292
0.5048613548 0.2744101286
0.510391891 0.2756732702
0.5183961391 0.2770426571
0.5255381465 0.2786138356
0.5373274088 0.2805318832
0.5478105545 0.2844479084
0.5597884655 0.2847603858
0.5679087639 0.283326298
0.574632287 0.2833244503
0.5810294747 0.282389462
0.5839610696 0.2785282433
0.5837052464 0.2733168602
0.5823162794 0.2693772018

