0.7660640478 0.1727523953
0.7708743215 0.1837002933
0.7760032415 0.1921757609
0.7815521955 0.1954698563
0.7860515118 0.1946146935
0.7922411561 0.1950815171
0.7904535532 0.1871350706
0.7838578224 0.1755473316
0.7744838595 0.1652947217
0.7654830813 0.1614558548
0.7537129521 0.1577177793
0.741928637 0.1548280269
0.7322612405 0.1537657231
0.7250088453 0.1547482014
0.7201530933 0.1571790725
0.7183154225 0.1580986381
0.7199986577 0.1587558687
0.7283003926 0.1601564437
0.7372158766 0.1594390422
0.7478641272 0.1561033428
0.75872159 0.1525568515
0.7717859745 0.1478117406
0.7823449373 0.1428705156
0.7897788286 0.1382673085

