0.6500679851 0.2486398071
0.6511443853 0.2580052614
0.6523385644 0.2633392811
0.6556079984 0.2698185444
0.6612388492 0.2772707939
0.6701059341 0.2844098508
0.6779224873 0.2848967016
0.6823669672 0.2788727582
0.6834203601 0.2752808034
0.6845018864 0.2690631151
0.6786155105 0.2589406967
0.6719514132 0.2517242432
0.6641634107 0.2498490512
0.6081215143 0.3014928699
0.6390303373 0.2422718704
0.6355965137 0.2338680178

0.6110044718 0.2304695547
0.6168538332 0.2334474474
0.6238219142 0.237752676
0.6322793961 0.239462465
0.6398973465 0.2402115911
0.650282383 0.2422254682
0.6608070135 0.2433626056
0.6691700816 0.2423457354
0.6748225689 0.2403300256
0.6795235276 0.2393091172
0.6824368238 0.2386162281
0.6834971905 0.2365671843

