0.6623052955 0.6115682721
0.6623719931 0.6185163856
0.6649056077 0.6266933084
0.6675181389 0.6332064867
0.673252821 0.6427190304
0.6850627065 0.6503767967
0.6942275167 0.6527010202
0.696351409 0.6477140188
0.6964541674 0.6414338946
0.6935452223 0.6348252296
0.6876006722 0.6268657446
0.6791965365 0.6209024787
0.6688623428 0.61711061
0.6595147848 0.6132279038
0.6487492323 0.6102486849
0.6382173896 0.6092076302
0.6287533641 0.6107964516
0.6237946153 0.6111754775
0.622477591 0.61112988
0.6201562285 0.6134727001
0.6206572056 0.6146062613
0.626688838 0.6125394702
0.6352673769 0.6122275591
0.6417348981 0.6125710011
0.6509128809 0.611549139
0.6618512869 0.6100909114
0.672580421 0.6087729335
0.6805706024 0.6077699661
0.6889986992 0.6060449481
0.6959657669 0.6034980416

