0.7504252791 0.3627970219
0.7505555153 0.3636871278
0.7518335581 0.3658840358
0.7527675033 0.3689671755
0.752410531 0.371342808
0.7521049976 0.3752470016
0.752430439 0.3811737299
0.7535383701 0.3882810473
0.7547363043 0.3961699009
0.7571208477 0.4037266076
0.7581087351 0.4076218009
0.7588015795 0.4116099477
0.7604312897 0.4132603705
0.7616076469 0.4144515693
0.763251543 0.4163112044
0.7658518553 0.41711092
0.7683872581 0.4158860445
0.7717494369 0.4158247709
0.7754050493 0.416027844
0.780071497 0.4171500206
0.785317421 0.4190083146
0.7905259728 0.4199684262
0.795770824 0.4206224978
0.8009154797 0.4209187925
0.8055619597 0.4222732186
0.8110030293 0.4236478806
0.8148005009 0.424888432
0.8159867525 0.4242738783
0.8179931641 0.4236230254
0.8187994957 0.422920078
0.8190766573 0.4210791588
0.8189406395 0.4183983505
0.8175730109 0.414198488
0.8162070513 0.4093570411
0.8165639639 0.4040368497
0.8179811239 0.399356544
0.8191097975 0.39448452
0.8201619387 0.3877286017
0.8219435811 0.3815278411
0.8230856657 0.3764797151
0.8246096969 0.3721344173
0.8258333206 0.3689275384
0.8258718252 0.3669158518
0.8246974349 0.3654330969
0.8217574358 0.3654670119

0.7916013002 0.4122387171
0.7894964218 0.408777982
0.7890645266 0.4009238183
0.788479805 0.3928084373
0.7879820466 0.386364907
0.7876987457 0.3817174435
0.7876912355 0.3769338727

0.8277692795 0.3984619677
0.8295184374 0.4038750529
0.8298879862 0.4056301415
0.8313758969 0.4083807468
0.8368912339 0.4119986594
0.8444085121 0.411789
0.8490223885 0.4061077535
0.8511801958 0.4021329284

