0.6527315974 0.1408655345
0.6533303857 0.1419317424
0.6525427699 0.1420818716
0.6520476937 0.1459194422
0.6522888541 0.15200077
0.6525958776 0.1586074233
0.6523942947 0.1635874361
0.6508431435 0.1662040502
0.6494404078 0.1686429679
0.6483351588 0.1713468134
0.6469484568 0.1748935431
0.6465317011 0.1780701876
0.6482318044 0.1792426407
0.6486288309 0.1801411957
0.6502085924 0.1807763129
0.6528470516 0.1821561456
0.6557659507 0.1831172705
0.6599488258 0.1831789911
0.6647507548 0.1842605025
0.6711339951 0.1851725876
0.6773722172 0.1861594766
0.6834242344 0.1873397827
0.6900595427 0.1884762943
0.6961033344 0.1900405586
0.7022674084 0.1911023557
0.7074189186 0.1917223781
0.7104067206 0.191663295
0.7135500908 0.1916308105
0.7158762217 0.1911876798
0.7179549932 0.1905343831
0.7192198038 0.190174371
0.7204421759 0.1906143427
0.7212569714 0.1913477182
0.7216914296 0.1917703599
0.7222668529 0.1915727407
0.7218550444 0.1894399077
0.7214585543 0.1881120801
0.7212219238 0.1856955141
0.7210403681 0.1828412116
0.7209660411 0.1789984107
0.7210242748 0.1754045486
0.7212487459 0.1706021726
0.7216690779 0.1658024788
0.7218190432 0.160875991
0.7226644754 0.1548200697
0.7234432697 0.1501240432
0.724247098 0.1467020661
0.7249294519 0.1448444873

0.6916131377 0.1858599931
0.6909224987 0.18396613
0.6904664636 0.17846331
0.6889851689 0.1721948683
0.6869516373 0.1636243612
0.6853482723 0.1540601999
0.6860386729 0.1476694942
0.6874806881 0.1418323517

0.7273058891 0.1658575088
0.7284127474 0.169741869
0.7300553322 0.1716338843
0.7308149338 0.1731543392
0.7327470779 0.1750088781
0.7355462313 0.1763996333
0.7379256487 0.1771446615
0.7420865893 0.1777854562
0.7477382421 0.1758650541
0.7524921298 0.1706705689
0.7559456825 0.1644677371
0.7582093477 0.1559964418

