0.5257402658 0.6364979148
0.526902318 0.6405610442
0.5273939967 0.6442457438
0.527217865 0.6457841396
0.5278904438 0.6484202743
0.5271841288 0.6518887281
0.526208818 0.6564567089
0.5247119069 0.6605621576
0.5236467123 0.6634424925
0.5225433111 0.6659427881
0.5219384432 0.669110477
0.5218800902 0.6718577147
0.5223578811 0.6746103168
0.5240980387 0.6756973267
0.5257824063 0.6754974127
0.5282768011 0.6760892868
0.5324544311 0.6766646504
0.5368393064 0.6768279076
0.5413718224 0.6768301725
0.5459725857 0.6756469011
0.5513154268 0.6748682261
0.5562167168 0.6750156879
0.5610686541 0.6764543056
0.5664497614 0.6777720451
0.5718508959 0.679309845
0.5758606791 0.6816709042
0.5791583061 0.684676528
0.5830775499 0.6864256859
0.5855560899 0.6868816018
0.5866940022 0.6858426929
0.5872176886 0.6844264865
0.5866398215 0.6832380295
0.5867285728 0.6820074916
0.5868600607 0.6809186935
0.5873450041 0.6788058281
0.5866439939 0.6756204367
0.5858874321 0.6719834208
0.5841606259 0.6674466729
0.5837338567 0.6633524299
0.5832540393 0.6585057974
0.5825265646 0.6540813446
0.5825947523 0.6487201452
0.5816898942 0.6439722776
0.5801557302 0.6414949894
0.580524385 0.6405642033
0.5808148384 0.6412286758

0.5577338934 0.6737072468
0.5585281253 0.6696070433
0.5582774282 0.6638088226
0.5541175604 0.6539010406
0.5518898964 0.6462765932
0.5524117351 0.6414934397

0.5846055746 0.6567572355
0.5843592286 0.6583873034
0.5859746933 0.6621557474
0.5890496969 0.6647491455
0.5924721956 0.6675988436
0.5956085324 0.6677415371
0.5995675325 0.6643116474
0.6027704477 0.6618427038
0.6065188646 0.6599034071

