0.6448010802 0.6688143611
0.6458601952 0.6732232571
0.6457051039 0.6772091985
0.6426217556 0.6820729375
0.6394554377 0.6881244779
0.637807548 0.6926987767
0.635884285 0.6955660582
0.6341750026 0.6983724833
0.633911252 0.7006394267
0.6334857941 0.7027637959
0.6341539621 0.7040068507
0.6362017989 0.7052648664
0.6386739016 0.7067499161
0.6419823766 0.7072603106
0.6456406713 0.7076423764
0.649897933 0.7080113888
0.6552517414 0.7086445689
0.662174046 0.7099264264
0.6685762405 0.7120280266
0.6747304201 0.7144272327
0.6810392737 0.7164520025
0.6867073774 0.7178038955
0.6924319267 0.7191736102
0.6981804967 0.7215479016
0.701977551 0.7231616974
0.7046283484 0.7232164145
0.7049101591 0.7215958834
0.7055768371 0.720801115
0.7060433626 0.7202326655
0.7055038214 0.7179566622
0.7056612968 0.7145050168
0.7045540214 0.7091295123
0.703488946 0.7045041323
0.7031798363 0.7004054785
0.7025651932 0.694393158
0.7020856738 0.688393712
0.7015020847 0.6826767921
0.7013528347 0.6786394119
0.7010543346 0.6760668755
0.7001108527 0.6751506329

0.6754483581 0.7193623185
0.6742126942 0.7148110867
0.6745390892 0.7099716663
0.6753983498 0.7049634457
0.6760399938 0.6963988543
0.6748400927 0.6877871752
0.6752064228 0.6802043319
0.6757096052 0.6742150784

0.704200089 0.6939965487
0.7077600956 0.699336648
0.7142559886 0.7029162645
0.7206896544 0.7038943172
0.7266871929 0.7027160525
0.7329593301 0.7021744251
0.7390164137 0.6981903911
0.7406543493 0.6922736168
0.738687396 0.6851781607
0.7359342575 0.6754876971

