0.522439599 0.6832255721
0.5231574774 0.6853193045
0.5241203904 0.6872736216
0.5235897303 0.6913166046
0.5218499899 0.6958719492
0.5196075439 0.6991220713
0.5173234344 0.7020736933
0.5158140659 0.7063336968
0.514857471 0.7112725973
0.5148093104 0.7157210708
0.515394032 0.7172813416
0.513122201 0.718079567
0.512036562 0.71947366
0.5136554241 0.7202848196
0.514693439 0.7216272354
0.5184608102 0.7216591835
0.521294713 0.722001195
0.5248525739 0.7219525576
0.5298823118 0.7218825817
0.5361577272 0.7230893373
0.5422410965 0.7251650095
0.5482265353 0.7257841825
0.5537780523 0.725414753
0.5591589212 0.7269626856
0.5638903975 0.7292369604
0.5681917667 0.7326521873
0.5730546713 0.7361843586
0.5770370364 0.7369260788
0.5765111446 0.7331215739
0.5760076046 0.730563879
0.5759313107 0.7274824381
0.5764830112 0.723772645
0.5758332014 0.7194331884
0.5748034716 0.7141329646
0.5742615461 0.7090807557
0.5747110248 0.7048584223
0.5750584602 0.6989399791
0.5737665892 0.6933013201
0.5725626945 0.6881197095
0.5724586844 0.6857043505
0.5727875233 0.6852134466
0.5725630522 0.6864095926

0.5463706255 0.7157912254
0.544928968 0.7115458846
0.5467451811 0.7084091902
0.548576653 0.7027521133
0.5462301373 0.6952425241

0.5812471509 0.7071137428
0.5821614861 0.7111676931
0.5851509571 0.7142913342
0.5879787803 0.7176300287
0.5916140676 0.721029222
0.5969329476 0.7224844098
0.6011892557 0.7202525139
0.6039294004 0.7163082957

