0.7426106334 0.5341079831
0.7413654923 0.5352640152
0.7406284213 0.5373413563
0.7402700186 0.5393890738
0.7409050465 0.5430163145
0.7413361073 0.5454763174
0.7414132953 0.548343122
0.7414597273 0.5528770685
0.7416480184 0.5570665002
0.7420591712 0.5608769655
0.7425602078 0.5649356842
0.7428886294 0.5676353574
0.7434687614 0.5701953173
0.7445334792 0.572322011
0.7453380823 0.5736370683
0.7465515733 0.5741963387
0.7473914027 0.5744408965
0.7484555244 0.574175477
0.7502447367 0.5741400719
0.7527858019 0.5751607418
0.755586803 0.5756613612
0.7587836385 0.5760666132
0.7629297376 0.5767230392
0.7677974701 0.5778563023
0.7730849981 0.5800715685
0.7791489363 0.5821328759
0.7846631408 0.58339113
0.7896693945 0.5838080049
0.7939144373 0.5846825838
0.7972161174 0.5852844119
0.7998679876 0.5857815146
0.8012200594 0.5863121748
0.8038787842 0.5868517756
0.80327636 0.5845369697
0.799941361 0.5797982812
0.7983173132 0.5745515227
0.7983488441 0.5694653988
0.7985810041 0.5613240004
0.7988066673 0.5541359186
0.800350666 0.5476807356
0.8012818098 0.5413271785
0.8023725748 0.5348603725
0.8027925491 0.529726088
0.8023525476 0.5266056657
0.8009371758 0.5275130868

0.7719538808 0.5597813725
0.7711232901 0.5540837049
0.771905899 0.5501492023
0.7732223272 0.5456714034
0.7727156281 0.5402445793
0.7716820836 0.534825027
0.7721906304 0.5316483378

0.8026791811 0.5544933081
0.8040946722 0.5564502478
0.8074582815 0.561126709
0.8109148145 0.5647704601
0.815110743 0.5655382872
0.8215015531 0.5660607219
0.8263773918 0.5658565164
0.8307938576 0.5658121109
0.8348986506 0.561158061
0.8357736468 0.5544424057
0.8355970383 0.546810925

