0.7696837187 0.4450098872
0.7704698443 0.4452336133
0.7715147138 0.4463395774
0.7730971575 0.4494712949
0.7741633058 0.4523969889
0.7752741575 0.4592869282
0.7752741575 0.4592869282
0.7704414129 0.4649499655
0.7635833025 0.4667229056
0.755924046 0.4637183249
0.7493599653 0.4576742053
0.7438055873 0.448128432
0.7417598367 0.4400062859
0.7441187501 0.4338552952
0.7476042509 0.4307003915
0.7534301281 0.4321269989
0.7607293129 0.4387820959
0.7686316967 0.4497162998
0.7721363306 0.4574536085
0.7722483277 0.4615480006

0.7563904524 0.429156065
0.7663627863 0.4318578839
0.7773647308 0.4351502657
0.7882769704 0.4362359345
0.7988940477 0.4377326071
0.8087741137 0.4416129589
0.81676054 0.4478671849
0.8182783127 0.4540977478
0.8149920702 0.4581848383
0.809500277 0.4632858336
0.801492095 0.4636977315
0.7920823097 0.4547454417
0.784596324 0.444711864
0.778711915 0.4323195517
0.7748146653 0.4176128209
0.7702144384 0.4033764005

