0.5861193538 0.8474149108
0.5838618279 0.8549290299
0.5788341761 0.8608680964
0.5731494427 0.8609081507
0.5685259104 0.8570055366
0.5610048771 0.8534869552
0.5568137169 0.8480736613
0.5547555089 0.8428317904
0.5547425151 0.8360291719
0.5549852252 0.8298428655
0.5579179525 0.8270624876
0.5631176233 0.82507658
0.5670841932 0.8268128633
0.5715318322 0.8304440975
0.5747864246 0.8355733156
0.5774753094 0.8427579999
0.5789526701 0.8492190242
0.5778381824 0.8532008529

0.5519884825 0.8332756758
0.5556722879 0.8306604624
0.5620819926 0.8298656344
0.568336606 0.828399539
0.5738613605 0.8279032111
0.5816890597 0.8289334178
0.5902849436 0.8308563232
0.5977661014 0.8353074193
0.6040629148 0.8387969732
0.6080976725 0.8436195254
0.6105142832 0.8512169123
0.6134115458 0.856476903
0.6124359369 0.8606225252
0.6075908542 0.8629082441
0.6039782166 0.8624919653
0.5963217616 0.8579832315
0.5889645815 0.8532145619
0.5825449228 0.8468385339
0.5770078897 0.8361267447
0.5721891522 0.8278499246
0.5697990656 0.819367528
0.5685036182 0.8102753758
0.566342473 0.8035016656

