0.9029993415 0.1112552658
0.9038608074 0.1235584021
0.9049392939 0.1310397685
0.9014786482 0.1336341649
0.8973872662 0.1398898214
0.891780436 0.1468019933
0.8828178644 0.1446799785
0.8764491081 0.1402875781
0.8720782995 0.1384063959
0.8689363003 0.1351996362
0.8675746918 0.129238382
0.869692564 0.122236371
0.8737516403 0.1184237748
0.8811606169 0.1144671887
0.888463974 0.1141219214
0.8964150548 0.1164490655
0.9006057978 0.1201798171
0.9026718736 0.1257813722

0.8724853992 0.1133122593
0.8802576065 0.1117447466
0.8877948523 0.1107772365
0.8957790732 0.1085128188
0.9071535468 0.1104077399
0.9192340374 0.1124641448
0.9273785949 0.1132448018
0.9369800091 0.113148354
0.9474126697 0.1162775606
0.9541506171 0.1209321395
0.9555329084 0.1243599281
0.9544821382 0.1291361302
0.9522723556 0.1342724562
0.9490172863 0.1379953027
0.9445258379 0.1380731612
0.9386507273 0.1365403831
0.9338715076 0.1310523301
0.929027915 0.1247348562
0.9253280163 0.118008703
0.9209955931 0.1091539636
0.9174790382 0.1004729643
0.9137051105 0.09172602743
0.9113961458 0.08480579406
0.9090387821 0.07917975634

