0.7773342133 0.3841146827
0.7805495858 0.3895863295
0.7842649221 0.3958129287
0.782958746 0.3972132504
0.7807525992 0.3985146284
0.7791717649 0.4004173875
0.7766984701 0.4021915197
0.7745414376 0.4037793279
0.7716450095 0.4041315317
0.7650120258 0.4017461538
0.7616314888 0.3997661471
0.7589105964 0.3967397213
0.7563952208 0.3942449987
0.7544951439 0.3910799325
0.7509349585 0.3856906891
0.7509349585 0.3856906891
0.7511045933 0.3769731522
0.7516942024 0.3705788851
0.7564730048 0.3687607944
0.7626026869 0.3691645265
0.7689576149 0.3728850484
0.7742766142 0.3794771433
0.7789258957 0.3895998597

0.7632838488 0.3724372387
0.769084096 0.3725038767
0.7766898274 0.374158442
0.7833688855 0.3737621307
0.7907897234 0.3739349544
0.8011701703 0.3775696754
0.8100298047 0.3810532689
0.8163283467 0.3819341362
0.8221367598 0.3836790919
0.8284290433 0.3894478083
0.8292776942 0.3959903717
0.8286646605 0.4002033174
0.8287075758 0.405904144
0.8260643482 0.4087375998
0.815972209 0.4021997452
0.808227241 0.39660725
0.8026515841 0.3941457868
0.7945802808 0.387057662
0.7858110666 0.3779107332
0.7803132534 0.3728787005
0.7780584097 0.3658604324
0.7749483585 0.3572836518

