0.6921596527 0.6433160305
0.6937004328 0.6457006931
0.6958975196 0.6491568685
0.6966552734 0.6516326666
0.6933637857 0.655287981
0.690526545 0.6569449902
0.687492907 0.6606940627
0.687492907 0.6606940627
0.6826968193 0.6656095982
0.6768450737 0.6674772501
0.6682834029 0.6618987322
0.6615726352 0.6558958888
0.6573449373 0.6501532793
0.6554940343 0.6419343948
0.6540496945 0.6355537772
0.6592793465 0.6336461902
0.6654194593 0.6322683692
0.6706205606 0.6326379776
0.6760983467 0.63885355
0.6813820601 0.6463022828
0.6836880445 0.6539024115

0.6589515805 0.6319355369
0.6661612391 0.6318331957
0.6733957529 0.631131053
0.6792314649 0.6291981936
0.6865330338 0.6295039654
0.6957075596 0.6308661103
0.7030707598 0.6302908659
0.7098402977 0.6304918528
0.716796875 0.6329752207
0.7221946716 0.6362456083
0.7267212868 0.6393774748
0.7301478386 0.6439439654
0.7330976725 0.6500678062
0.734403193 0.6560480595
0.7322580218 0.6592365503
0.7303411365 0.661272943
0.7262420654 0.6620207429
0.7209888101 0.660474062
0.715054512 0.6563059688
0.7100235224 0.650767386
0.7045930624 0.6441007853
0.6996861696 0.6360814571
0.6954008341 0.6279778481
0.6922330856 0.6197436452
0.6882373095 0.6126736403
0.6838797331 0.6071977019

