0.848611176 0.701798439
0.8475203514 0.7002147436
0.8420514464 0.6936897039
0.8336912394 0.6879513264
0.8224452734 0.6843124032
0.810559392 0.6812765598
0.8006309867 0.6809903979
0.7935630679 0.681763947
0.7896945477 0.6830585599
0.7878596187 0.6828612089
0.7896966934 0.6837954521
0.7946705222 0.6845908165
0.7997621298 0.6849458814
0.8070547581 0.6850982308
0.8172502518 0.6856262088
0.829164505 0.6862177253
0.8414293528 0.6868670583
0.8542359471 0.6873745322
0.8646149635 0.6857322454
0.8710036874 0.681003809
0.8751195669 0.6765017509
0.874879837 0.6707648039
0.8742651939 0.6662977338

0.8159945607 0.7057988048
0.8136029243 0.7007388473
0.8130805492 0.6953320503
0.812782526 0.6858155131
0.8117935061 0.6750077605
0.8120428324 0.6662606001
0.8118204474 0.6588026285

