0.7997621298 0.2491691709
0.795410037 0.242353797
0.7902534008 0.2401022017
0.7819105387 0.2373508513
0.7708229423 0.2351317555
0.7601079941 0.2350669205
0.7517174482 0.2346260995
0.7441957593 0.2337647974
0.7384492755 0.2344917357
0.7366014123 0.237853229
0.7362985611 0.2390688509
0.737169683 0.2392688096
0.7422864437 0.2408546805
0.7507917285 0.2421771884
0.7596222162 0.2418521047
0.7684842944 0.2402886748
0.7794103622 0.2396716774
0.7920479178 0.2389494479
0.8026348352 0.2369295955
0.8102092743 0.2338729203
0.8116145134 0.2274025083
0.8116856813 0.22061643
0.8099435568 0.2144996971
0.8058844209 0.2105538547
0.8015441298 0.2094794214

0.7690552473 0.2612369359
0.7675184011 0.2571896911
0.7667089701 0.2499324381
0.7659612894 0.2404677868
0.765966177 0.22931844
0.7650309801 0.2211804539
0.7634741664 0.2128095031
0.7621369958 0.2049336433
0.7596279979 0.2008378804

