0.5552865863 0.1349779814
0.5531306267 0.1298976541
0.5464109182 0.1219384223
0.5345507264 0.1113365591
0.5209097862 0.1014043763
0.5060101151 0.09692781419
0.5064901114 0.09785863012
0.5230118036 0.103461951
0.5381336212 0.1090470031
0.5542274117 0.1201351061
0.5638912916 0.1207640991
0.5706340075 0.1135552377
0.5723292232 0.1039847061
0.5680578351 0.09514860064
0.5589511395 0.08089542389
0.5527899861 0.08055001497
0.5472326875 0.07796724141

0.5319904089 0.1308889091
0.5274405479 0.1179609299
0.5276154876 0.1023326591
0.5258461237 0.08832979202
0.5249067545 0.07937783748

