0.7803714871 0.3617156744
0.7747477293 0.355869174
0.7673798203 0.3500833809
0.7564151883 0.3435469568
0.7461862564 0.339974165
0.7377003431 0.3390365243
0.7297331095 0.3383459449
0.7254216075 0.3387393057
0.724572897 0.3398190737
0.7274400592 0.3411655128
0.7307120562 0.34290272
0.7359015942 0.3441919088
0.7444649935 0.3461221457
0.7545213699 0.3485068679
0.7634179592 0.3485534787
0.774382472 0.3476402462
0.7872523665 0.3476245701
0.7965755463 0.3466601372
0.80260396 0.343020618
0.8033435345 0.3367897272
0.8011542559 0.3303289115
0.7996445894 0.3269128203

0.7477706075 0.3648460507
0.7476713657 0.3596808612
0.7489783168 0.3505828977
0.7483966351 0.3365982175
0.7495046258 0.3250015676
0.7518038154 0.3183157444
0.7523640394 0.3105997443

