0.7752153873 0.29095155
0.7725515962 0.2846827507
0.7636965513 0.2756943107
0.7514586449 0.2675091028
0.7405153513 0.2632117271
0.7266048789 0.2609500587
0.7165488601 0.2604054809
0.7138364315 0.2624420226
0.7120294571 0.2649706006
0.7177542448 0.2689654827
0.7272634506 0.2715755701
0.7393029928 0.272536993
0.7521637082 0.2723928392
0.7664843798 0.2707019448
0.7793058157 0.267563343
0.7856734395 0.2607464492
0.7878700495 0.2527660728
0.7854087353 0.2480465174
0.7797231674 0.2472407669

0.7435721159 0.2842563093
0.7414898872 0.2697666883
0.7431250811 0.2562501729
0.742371738 0.2392677665
0.7413042188 0.2257687747

