0.5652982593 0.3979010582
0.5605142117 0.3938322663
0.5532352924 0.3894354105
0.54379493 0.3846800625
0.5278035998 0.3811502457
0.5112567544 0.3781252503
0.5004882812 0.3773859739
0.5004882812 0.3789313138
0.5177471042 0.3818001449
0.5297997594 0.3834308088
0.542001605 0.3859505057
0.5567072034 0.3896697462
0.5699086189 0.3913917542
0.5684270263 0.3818243146
0.5707713962 0.3744562864
0.5719439983 0.3707299232
0.5683506727 0.3661711216
0.5635390282 0.3637009263
0.5599045157 0.3648488224

0.5298585296 0.4054977298
0.5282452703 0.3971842527
0.5291034579 0.3858856559
0.5300042033 0.3755831718
0.5296116471 0.3661645353
0.5298122764 0.3590891659

