0.7691221237 0.4522435963
0.7686190605 0.4504652619
0.7630506754 0.4443528056
0.7528362274 0.4362878501
0.7439758778 0.4321354032
0.7359268069 0.4289877713
0.7259462476 0.427215308
0.7156686783 0.427521199
0.7078821063 0.4291099012
0.7036045194 0.4286881983
0.7012238503 0.4299890995
0.7020006776 0.4301839173
0.7052565217 0.4318424165
0.7106030583 0.4338790476
0.718721807 0.4356952906
0.7288006544 0.4358889163
0.7383872271 0.4364466071
0.7518401146 0.4370982647
0.7647612691 0.4376291037
0.775894165 0.435244143
0.7823399901 0.4321021438
0.7886760235 0.4294886887
0.7912909985 0.4255359173
0.7887128592 0.420546174
0.7828292847 0.414041996
0.7778493166 0.4107370377

0.7262763977 0.4429014325
0.7282830477 0.4349873066
0.730398953 0.4266793728
0.7287420034 0.4171423316

