0.825748086 0.8761318922
0.8297182918 0.8775961399
0.8370454311 0.8786290884
0.842590034 0.8791382909
0.84700948 0.8784945607
0.8520747423 0.8775802255
0.8598556519 0.8783822656
0.8692411184 0.8808751106
0.8781377077 0.8816283941
0.8823189735 0.8777623177
0.8850100636 0.8746905327
0.8875623941 0.8727405667
0.8882060647 0.8703254461
0.8860310316 0.8681019545
0.8784198761 0.8646777868
0.8704664707 0.8605573177
0.8611010909 0.8557069898
0.852648139 0.8504385948
0.8450992107 0.8454011679
0.8374066353 0.8391509652
0.8312143087 0.8325983882
0.8279633522 0.8282635212
0.8253978491 0.8243301511
0.8249336481 0.8216176629
0.825940311 0.820341289

0.8863700628 0.8674809933
0.8922811747 0.8684272766
0.898375392 0.8691695929
0.907484889 0.8708034754
0.9194152355 0.8728336096
0.9321706295 0.874772191
0.9433190823 0.8769119978

