0.5215038061 0.7070977688
0.5242196918 0.7071237564
0.5275120735 0.706133008
0.5309069753 0.7060978413
0.5350880027 0.7059236169
0.5391979218 0.7051568031
0.5444303155 0.704507947
0.5490934849 0.7035314441
0.5530036688 0.7022960782
0.5553869009 0.7005062699
0.5545172095 0.697162807
0.5509517193 0.6928343773
0.5483404398 0.6893163919
0.544503212 0.6854819059
0.5398504734 0.6813097
0.5341770649 0.677303791
0.5277826786 0.6732516289
0.5221864581 0.6702372432
0.5174443722 0.6665859222
0.5136267543 0.6630746722
0.5107409954 0.6605559587
0.5096812844 0.6591155529
0.5109449625 0.6587331295
0.5136780739 0.6585489511
0.5159247518 0.6579904556
0.5174514055 0.6585882902
0.5191150308 0.659851253

0.5591840148 0.6965363622
0.5660504103 0.6979900599
0.5722442269 0.6981743574
0.5794805288 0.7001869082
0.5863206983 0.7016415596
0.5926451087 0.7014884353
0.5973960161 0.7017668486
0.6026703715 0.7023592591

