0.5997523069 0.2920814753
0.6041253805 0.291234374
0.6080749035 0.2899591625
0.6122732162 0.2898682654
0.6170503497 0.2899062634
0.6234327555 0.2898869514
0.6302458048 0.289517343
0.6368736029 0.2893866897
0.642539978 0.2904482782
0.6450645924 0.2902417183
0.6453415751 0.2886127532
0.6447577477 0.2862990499
0.642267406 0.2816773355
0.6389737129 0.2769032121
0.6334631443 0.2725044489
0.628567934 0.2687357664
0.6236546636 0.2649715543
0.618445158 0.2598696649
0.6135731936 0.254470706
0.60954386 0.2491502017
0.6073144674 0.2453339994
0.6067023277 0.2428844571
0.6059862375 0.2403479517
0.6072949767 0.239785552
0.608738482 0.2401400656

0.648170352 0.2796384692
0.654553771 0.2804843485
0.6602647305 0.2825137377
0.6657474041 0.2847245336
0.670866847 0.2864617705
0.6766791344 0.287694186
0.6823887825 0.28853333
0.6874259114 0.2891115844

