0.647591114 0.5587874651
0.6537358761 0.5594732165
0.6606278419 0.5594368577
0.6668221951 0.5600700974
0.6740264893 0.5610048771
0.6769013405 0.5587673187
0.6754667163 0.5545601845
0.672772646 0.5507318974
0.6686784029 0.5482215285
0.664275527 0.5442257524
0.6581699848 0.5391527414
0.6511073112 0.5346903205
0.6429569721 0.5307747126
0.6340351105 0.5274628401
0.6272419691 0.5232892632
0.6261013746 0.518435359
0.6246196628 0.5145174265
0.6255698204 0.5133267045
0.6257988214 0.5118970275
0.6261037588 0.5103654861
0.6314091682 0.5102242827
0.6367195845 0.5102443695
0.6440925598 0.5126755238

0.6726343036 0.5485746861
0.6737066507 0.548140645
0.6790086031 0.5493882895
0.6859691143 0.550176084
0.6942821741 0.5501825809
0.700550437 0.5499680638
0.7080013752 0.5503501296
0.7164133787 0.5514973402

