0.639603734 0.1303824186
0.6438239813 0.1313681453
0.6479033828 0.1313665807
0.6512345076 0.1309749037
0.6540119052 0.1294415742
0.6573960781 0.1289145648
0.6620265245 0.1299172491
0.6660714746 0.1301631331
0.6674003005 0.1291054338
0.6682482958 0.1273075491
0.6665373445 0.1241929755
0.665273726 0.1223630905
0.662749052 0.1204378903
0.6594073772 0.1175859347
0.6548621655 0.1140720546
0.6502159238 0.1101083457
0.6447894573 0.1055718362
0.640044868 0.1013319418
0.6357732415 0.09650272131
0.6312320232 0.0908658877
0.6275080442 0.08529444039
0.6268820167 0.08233509958
0.626319766 0.08011246473

0.6649282575 0.121751301
0.6699153185 0.1251381636
0.6754652262 0.1275174916
0.6815566421 0.1286381334
0.6874245405 0.1293594837
0.6929535866 0.1307546496
0.6985547543 0.1321504414
0.7043010592 0.1336117089
0.7090019584 0.1343168914

