0.5172649622 0.9015128613
0.5203436017 0.9005762935
0.5260850191 0.9015369415
0.5352787375 0.9025998116
0.5412173271 0.9008275867
0.5475179553 0.8990556002
0.5530158281 0.8985665441
0.5570076108 0.8990781307
0.5578415394 0.8987388611
0.5541648865 0.8954396248
0.5513888001 0.891284585
0.5495196581 0.8868162632
0.5446045399 0.8832830191
0.5378260016 0.8795814514
0.5311300755 0.8762567639
0.5259945989 0.8716011643
0.5214993358 0.8664508462
0.5166698098 0.8631569743
0.512819469 0.85916996
0.5099750757 0.8551263809
0.509256959 0.8516080379
0.5120888352 0.8499799371
0.5144581795 0.8498135805
0.5159855485 0.8498682976
0.518465817 0.8502221107
0.520598352 0.8496974111
0.5235881209 0.8511414528

0.559253633 0.8936699629
0.5670229793 0.8910951614
0.5734524727 0.8913339376
0.5808927417 0.8930745125
0.588542819 0.8932437897
0.5950016975 0.8924385309
0.6014729738 0.8921849728

