0.7485144138 0.3952950835
0.7505193949 0.3951383829
0.7558326721 0.3945879936
0.7612044215 0.3943251073
0.7678456903 0.3942997754
0.7735357285 0.3943712413
0.778721571 0.3947530091
0.7850985527 0.3951636553
0.7902149558 0.3944016993
0.7925261855 0.3916136324
0.7908790708 0.3886833787
0.7890192866 0.3868695498
0.7830737829 0.3839300871
0.7776238918 0.3807993531
0.7718763351 0.3769798875
0.7652026415 0.3726550341
0.7586009502 0.3680265546
0.7529627085 0.362636447
0.7492361069 0.358105123
0.7475583553 0.3536657095
0.7461025119 0.3496301174

0.7835152149 0.387206018
0.7908629775 0.3891710639
0.7988989353 0.3885797858
0.8084961772 0.3891258538
0.8196951151 0.3897955418
0.8293641806 0.3904150426
0.8386875987 0.3904285431

