0.6250505447 0.6352337003
0.6264593005 0.6372013688
0.6277635098 0.6375453472
0.6287866235 0.6394273639
0.6305910945 0.6431924105
0.633218348 0.648207128
0.6357747316 0.6540199518
0.6390786767 0.6604146361
0.6422274113 0.6663944721
0.6454436779 0.6721252203
0.6483242512 0.6770687103
0.6508187056 0.68054986
0.6526708603 0.683039546
0.6539379954 0.6840103865
0.654915452 0.6827711463
0.6557456255 0.6803488731
0.6559763551 0.6777725816
0.6565316319 0.6737716198
0.6569834948 0.6693479419
0.6580287814 0.6644649506
0.6588833332 0.6593763232
0.660330236 0.6539795995
0.6619804502 0.6488407254
0.664141655 0.6442616582
0.6663225293 0.6398937106
0.6681250334 0.6360153556

