0.5254799128 0.3671455383
0.5268101096 0.3688592017
0.5289338231 0.373470217
0.5318921804 0.3805605471
0.5351167321 0.3862198591
0.5384485722 0.3926432431
0.5418522954 0.3994345367
0.5451325178 0.4065770209
0.5477146506 0.4118673205
0.5503033996 0.4147098958
0.5519417524 0.4163581729
0.5531356931 0.4148596227
0.5536783338 0.411700964
0.5546329021 0.4084049165
0.5553685427 0.4038734734
0.5559331775 0.3976720273
0.5570069551 0.3909240365
0.5582669377 0.3834127784
0.5595993996 0.3755688369
0.5616521835 0.3684048057

