0.7410127521 0.6277655959
0.7419412732 0.6302605867
0.7437793612 0.6326380968
0.7446508408 0.6348759532
0.7459076643 0.6391690969
0.7482306361 0.6460701227
0.7510501742 0.6535180211
0.7534039617 0.6589616537
0.7560989857 0.6639941931
0.7586275339 0.6683273911
0.7606735826 0.6712796688
0.762078166 0.6699818373
0.7637310028 0.6695545912
0.7649156451 0.6664389372
0.7659947872 0.6625545025
0.7677747011 0.6580348015
0.769879818 0.6535634995
0.7722723484 0.6471876502
0.7747972608 0.6407826543
0.7775020003 0.6349626184

