0.6522996426 0.2165587395
0.6529706717 0.2184705287
0.6539877057 0.2223775685
0.655900538 0.2267839462
0.6568121314 0.2310839444
0.6582445502 0.236533761
0.6602594256 0.24169375
0.6623327136 0.2455303073
0.6643135548 0.249156177
0.6663537025 0.2516394258
0.6682044864 0.2526907325
0.6694995165 0.2512076497
0.6703986526 0.2487267554
0.671522975 0.2461471707
0.6727528572 0.241933763
0.6738095284 0.2366646826
0.6753436923 0.231561929
0.6772142649 0.2265690565
0.6793661714 0.2216020972
0.6813530922 0.2167600542
0.6829670072 0.2120834589

