0.7321805954 0.05805096403
0.7324827909 0.06178722903
0.7345148325 0.06509599835
0.7362522483 0.07146880031
0.7382694483 0.07794126868
0.7425867915 0.08763612807
0.7457843423 0.09572082758
0.7492806911 0.1016966775
0.7522354722 0.1058800071
0.754317522 0.1085855439
0.7560346723 0.108605884
0.7568693161 0.1058735698
0.7577105165 0.102720283
0.7586581111 0.09718996286
0.7603411674 0.09195229411
0.7619553804 0.08610790968
0.765237391 0.07866831124
0.7682083249 0.07215856016
0.7709075809 0.06539230794
0.7726835608 0.05980379134

