0.732838273 0.5840280652
0.7356021404 0.5862416029
0.7356021404 0.5862416029
0.7356021404 0.5862416029
0.7373435497 0.5902717113
0.7398457527 0.595261693
0.7426592708 0.6011404991
0.7459834218 0.608389616
0.7491054535 0.6146165729
0.7521113753 0.6201700568
0.7535760403 0.6241155267
0.7549818754 0.6249969006
0.7557405829 0.6237334609
0.75616014 0.6210490465
0.7566046715 0.6165668964
0.7577493191 0.6117254496
0.7592925429 0.60601753
0.7614455223 0.6003969908
0.7639595866 0.5944072008
0.7662941813 0.5884543061
0.7685368061 0.5829328299

