0.5653934479 0.3228117228
0.56572932 0.3230625987
0.5670454502 0.3244988918
0.5670188069 0.3290620744
0.5649605989 0.3332463801
0.5637960434 0.3379349113
0.5615475774 0.3430582583
0.5580051541 0.3485343754
0.5552582741 0.3546848893
0.5537664294 0.3605622053
0.5511986017 0.3640826643
0.5492799878 0.3672231734
0.5490908623 0.3706808388
0.5481964946 0.3722624779
0.5470175743 0.372630775
0.5470510721 0.3719625771
0.5470725894 0.3704507351
0.5462387204 0.3662291169
0.5455591083 0.3609094918
0.544780612 0.3556087315
0.5422596931 0.3488496542
0.5389583707 0.3407654762
0.5358778834 0.3327983916
0.5336509943 0.3252258897
0.5303275585 0.3179330528
0.5274043679 0.3114805818

