0.6020557284 0.1414601654
0.6031615138 0.1461357623
0.6048436165 0.1491996497
0.6032079458 0.1481933296
0.5960091949 0.1443699747
0.590215981 0.142725721
0.5850640535 0.1421091855
0.5785675049 0.1422617882
0.5711109042 0.1417502761
0.5639634728 0.1402312517
0.556877017 0.1385153383
0.5509038568 0.136577636
0.5460486412 0.1358209401
0.5424494743 0.1340274364
0.5398536325 0.1318307519
0.5393745899 0.1303490102
0.5391990542 0.1295356601
0.5406761169 0.1291558444
0.5432673097 0.1281911433
0.545645833 0.1260917932
0.5477358103 0.1242543161
0.5516319275 0.1231998056
0.5568238497 0.1222355962
0.5625914335 0.1198883951
0.5669875145 0.1173406839
0.5712890625 0.1146186292
0.5758143663 0.1119561791
0.5818461776 0.1102795154
0.5882382393 0.1102742702
0.5921242833 0.1093079895
0.5951828361 0.1071346104
0.5994477272 0.1057402939
0.6023197174 0.1044701785
0.6039923429 0.1029295847
0.6043205857 0.1012931019
0.6015913486 0.09929530323
0.5985123515 0.09618203342
0.5951011777 0.0933277905
0.588981986 0.08993005008
0.5823053122 0.08658582717
0.5748990774 0.08281639218
0.56671381 0.07573268563
0.5578702092 0.06808694452
0.5499902964 0.06158444658
0.5452356339 0.05947926268
0.5418916345 0.05919680744
0.538774848 0.05807485059

0.5338573456 0.0917892158
0.5293763876 0.08529710025
0.5212119818 0.07448667288
0.5121011734 0.06406150758
0.5076693892 0.05920415744
0.5016312599 0.0511418581

