0.7246221304 0.206417948
0.723464489 0.2058393061
0.7184019685 0.2028326541
0.7050344348 0.1992212236
0.6877480149 0.1960753202
0.6743234396 0.1951572448
0.6609235406 0.193212226
0.6495360732 0.1884174943
0.6429035068 0.1872186065
0.6419018507 0.1865099669
0.6421763897 0.1841719151
0.6442652941 0.1802956164
0.6489869356 0.1782617867
0.6580133438 0.1769495457
0.6677082181 0.1761187613
0.67849195 0.1743373275
0.6907853484 0.1728933752
0.7025427818 0.1711163819
0.7113053799 0.1686576456
0.7156063318 0.1659701169
0.7144392729 0.1624546349
0.7118816376 0.1617838442
0.7106637955 0.1607898921
0.707691431 0.1605807692
0.7008726001 0.157443583
0.6896467805 0.1512888819
0.6808565855 0.1469861269
0.6728545427 0.1431924552
0.6648101807 0.1386277378
0.6565648317 0.1328116357
0.6503136158 0.1282534152
0.6456332207 0.125361681
0.642049551 0.1223973036

0.6511907578 0.1592205465
0.6450166702 0.1528629214
0.6383585334 0.1435697377
0.6343581676 0.1382222474

