0.7207784057 0.7610384822
0.7188510895 0.7616434097
0.7126905918 0.7575182915
0.7043514252 0.7540043592
0.697697103 0.7535184622
0.6918708086 0.7532389164
0.6845804453 0.7526392937
0.6775922775 0.7510938644
0.6707229018 0.7491881847
0.6650397778 0.7474107742
0.6615151763 0.7462471128
0.6578748822 0.7448034883
0.6550045013 0.7430197001
0.6530942321 0.7419850826
0.652445972 0.740894556
0.65258044 0.7396860719
0.6539674997 0.7378468513
0.6562379599 0.7362422943
0.6593200564 0.7351979017
0.6633688807 0.7338680625
0.6678170562 0.7327836156
0.6747334003 0.7310977578
0.681030035 0.7289330363
0.6870985031 0.7271549106
0.6925224066 0.72522825
0.6975092292 0.7234432697
0.7021692991 0.7217324972
0.7063244581 0.7205706239
0.7085530758 0.7192406058
0.709266901 0.7180957794
0.7098213434 0.7172117233
0.7081595063 0.7157713175
0.7051939368 0.7137838006
0.7002233863 0.7110717893
0.6940601468 0.7084851265
0.6873174906 0.7074596882
0.6815782785 0.7059103847
0.6756753325 0.7034356594
0.6686087251 0.6995993853
0.6623697877 0.6958071589
0.657309711 0.6931535602
0.6530194283 0.6919679642

0.6408765316 0.7186203599
0.6377856731 0.716329217
0.6379488111 0.7147467136
0.6361070275 0.7099553347
0.6317743659 0.7047407031
0.6282655001 0.7008106112

