0.6017409563 0.5112769604
0.6009249687 0.5123800635
0.6004508138 0.5135655999
0.5963317156 0.5112717152
0.5904675722 0.508928895
0.5838935375 0.5078041553
0.5786454678 0.508364141
0.5728763938 0.5079958439
0.5650684237 0.5065289736
0.5568957925 0.5033217072
0.5489704609 0.4992671013
0.5427861214 0.4971921444
0.5382072926 0.4960374832
0.5341002345 0.4944279194
0.531868279 0.4923556447
0.5316051841 0.4897949696
0.5322080851 0.4899486303
0.5348445177 0.4908194542
0.5365902185 0.4901058674
0.537635684 0.4883875251
0.5397771001 0.4838131666
0.5423564315 0.4815667272
0.5460609794 0.4812913537
0.5516586304 0.4812892079
0.5571240187 0.4799650908
0.5627279282 0.4775802195
0.568521142 0.4753794074
0.5747525692 0.4745007157
0.5819088221 0.4741684198
0.587649107 0.4728149474
0.5928081274 0.4718838334
0.5980733633 0.4708597064
0.6011462808 0.4698343277
0.6027143002 0.4692514539
0.6047323942 0.4685472548
0.6048976779 0.4660300314
0.6015828848 0.4626588821
0.5989614725 0.4592855275
0.5948915482 0.4559096992
0.5900928974 0.4536557198
0.584721446 0.4519765973
0.5782800913 0.4488889277
0.5701912045 0.4415875375
0.5617370009 0.4347172081
0.5529130101 0.427277118
0.5455181003 0.4220186174
0.539953649 0.4190967679

0.5313388705 0.4634537399
0.5245176554 0.456848681
0.5204842687 0.4530110359
0.5157521963 0.4469200373
0.5122413635 0.4407078624
0.5076658726 0.4340698719

