0.7068276405 0.4710712433
0.7054162621 0.4716068506
0.7040176392 0.4722435176
0.7022348642 0.4726469517
0.6985452771 0.4725233912
0.6931664348 0.4706565738
0.6870301366 0.4684299231
0.6816067696 0.4684050977
0.6758440733 0.4689364731
0.6697761416 0.4684159756
0.6635633707 0.4672226608
0.6571512222 0.4658979774
0.6514720321 0.4650751352
0.646310389 0.464740932
0.6418678164 0.4642415047
0.6375204921 0.4632720947
0.6334392428 0.4620550871
0.6307587624 0.4611051083
0.6290333867 0.4609600306
0.6289259195 0.4604684711
0.6285172105 0.4594500959
0.6284140348 0.4578939974
0.628816843 0.4565403461
0.6307725906 0.4558242559
0.6341985464 0.4556276202
0.6374847889 0.4550156593
0.6402542591 0.4533337951
0.6438497305 0.4514069855
0.6478298903 0.4500945807
0.6530533433 0.4494071603
0.6582889557 0.4487071931
0.6632441878 0.4474993348
0.6684115529 0.4457625151
0.6729210615 0.4442184567
0.6769651771 0.4430621862
0.6811749339 0.4420268834
0.684461534 0.4414610863
0.6872953176 0.4404071569
0.6893267632 0.4396364987
0.6900637746 0.4389189482
0.6908426881 0.4377820194
0.6905732155 0.4363678694
0.6894497871 0.4342328012
0.6867492795 0.4322950244
0.6835795045 0.4303588271
0.6792820692 0.4282214642
0.6751818061 0.4262422621
0.6705957651 0.4240311086
0.6657217741 0.4217651486
0.6601230502 0.4187141061
0.6549350619 0.415420711
0.6500492692 0.4117389917
0.6448316574 0.407890588
0.6400706768 0.4037461281
0.636079669 0.4004115462
0.6331534386 0.3986109495
0.6309036016 0.3979936242
0.6291134357 0.3972501159
0.6283803582 0.3962140083

0.6175031662 0.4249018729
0.612855792 0.420149684
0.6088643074 0.4152665138
0.6058313847 0.4126132727
0.6028265953 0.4084134102
0.5992982388 0.403642565

