0.8296533823 0.6556074023
0.8300584555 0.6568610668
0.8315523863 0.6582535505
0.8291904926 0.6563256383
0.8227232695 0.6524006128
0.8150272369 0.651034236
0.8070529699 0.6519146562
0.7989498377 0.6521943808
0.7908904552 0.6518706083
0.7821652889 0.6509336233
0.7750453949 0.6503421068
0.769839704 0.6501153111
0.7659779787 0.6496316791
0.7632437348 0.6491658092
0.7608668804 0.6485415101
0.7592163682 0.6469893456
0.7586950064 0.6451350451
0.7597943544 0.6436548233
0.7623317242 0.6417326927
0.7656982541 0.6401107907
0.7699418068 0.6378927231
0.7750504613 0.6349425912
0.7805408239 0.6326552033
0.7875491381 0.6306785941
0.7957203984 0.6287848353
0.804102838 0.625937283
0.8105657101 0.6236717701
0.8161919117 0.6219954491
0.8218399882 0.6208205223
0.8263295889 0.6198801398
0.8292622566 0.6186618805
0.8279694319 0.6166216135
0.8271276951 0.6148519516
0.8243489265 0.6139478087
0.81905967 0.6137666702
0.8119558096 0.6114252806
0.8027834892 0.6071462631
0.7946045399 0.6044392586
0.787573278 0.6024233699
0.7804370522 0.600808382
0.7741869092 0.5991200209
0.76876086 0.5974168777
0.7640812397 0.5959460735

0.7536728382 0.6215743423
0.747854352 0.6169333458
0.7459962964 0.6137495041
0.7441705465 0.6087149978
0.7410485744 0.6035009027
0.7363743782 0.5972737074

