0.6542205811 0.6257322431
0.6546604633 0.624378264
0.6552000642 0.6229009032
0.6560041904 0.6210271716
0.6558558345 0.6186109781
0.6535158157 0.6127330661
0.6519819498 0.610261023
0.64968431 0.6061000824
0.64968431 0.6061000824
0.6450118423 0.6043972373
0.6410580873 0.6041415334
0.6376866698 0.6068160534
0.6348508596 0.6118141413
0.6340863109 0.6173855662
0.6344079971 0.6235866547
0.6387118101 0.6308915615
0.6464943886 0.6354364157
0.6538158655 0.637313664
0.6605647802 0.6380643249
0.666665256 0.6363303661
0.6720492244 0.6323792934
0.6747554541 0.6256159544
0.6779130697 0.620039463
0.6785064936 0.6126406789
0.6760425568 0.6047543287
0.6714758277 0.5999025702

