0.5542575121 0.4606054425
0.5520718098 0.4544112682
0.5488778949 0.4463800788
0.5478021502 0.4376998246
0.5449793339 0.429900974
0.5408404469 0.4235721529
0.5371935964 0.4208152294
0.5330076218 0.4233317673
0.5306894779 0.4300909638
0.5302591324 0.4374386966
0.5308671594 0.4436970353
0.5361032486 0.450135529
0.5420771241 0.4573123157
0.5489042401 0.463678509
0.5569646955 0.4651592374
0.5632802844 0.4648064673
0.5692059994 0.4663004279
0.576163888 0.4638921022
0.5781978369 0.4555184245
0.5793620944 0.4481571317
0.5807211399 0.4418318272
0.579636097 0.4355589151
0.5788627267 0.4313502014
0.5795035362 0.4313867986
0.5795636177 0.4303940237
0.5789387822 0.4285329878
0.5789694786 0.4279276133
0.5797505379 0.4276106954

