0.9081654549 0.9200462699
0.9032175541 0.9113659859
0.9024170637 0.9041249752
0.8980548382 0.8919906616
0.8915452957 0.8834166527
0.8889465928 0.8785520792
0.8831658959 0.8740009069
0.877065897 0.8729183078
0.8721604943 0.8753336072
0.8697037697 0.8801518679
0.8703203201 0.8880502582
0.8736508489 0.8961470723
0.8789262772 0.9035631418
0.8919115067 0.9131000042
0.9047021866 0.919293046
0.914077282 0.9192962646
0.9192339182 0.9161586761
0.9237978458 0.9112223983
0.9261032939 0.9041136503
0.925516367 0.8959037066
0.9239690304 0.8888555765
0.9231584072 0.8839671612
0.9191322327 0.8786156178

