0.5784239173 0.2173948884
0.5759369731 0.214317441
0.5741906166 0.2091877311
0.5707184672 0.2055694163
0.5616849065 0.1989476681
0.5521935225 0.1920703053
0.54558146 0.1888471246
0.539873898 0.1875756681
0.5346004367 0.1866845638
0.530477643 0.1846403778
0.5307415128 0.1836731881
0.5305556655 0.1805182248
0.5322239399 0.1793327779
0.538425684 0.1819945872
0.5441439748 0.1812106818
0.5474619865 0.178042829
0.5550203919 0.1765147448
0.5655289888 0.1780734211
0.5730077624 0.1766265184
0.5809147358 0.1750459373
0.5897618532 0.176338926
0.5961765051 0.1766137779
