0.8147822618 0.5402001143
0.8147822618 0.5402001143
0.8169001341 0.5468118191
0.8164442778 0.5533075333
0.8131331801 0.5610660911
0.8054788113 0.5636050105
0.7969790101 0.5589822531
0.7876950502 0.5464240909
0.7785702944 0.533828795
0.7695665359 0.5202561021
0.7615681887 0.5089659095
0.7538959384 0.5023691058
0.7453331947 0.5042579174
0.7392808795 0.5149838328
0.7411565781 0.5299060941
0.7475055456 0.5460995436
0.7555341721 0.5533793569
0.7624844909 0.5491844416
0.7692403197 0.5417791605
0.7778942585 0.5284280181
0.7889472246 0.5184123516
0.7994950414 0.5136705637
0.8093658686 0.5218952298
0.8132255673 0.5352475047
0.8131346703 0.5443186164
0.812118113 0.5518125892
0.8103319407 0.5572170615

