0.589830637 0.3870444298
0.5910022259 0.3923072219
0.5921184421 0.3984915614
0.5918527246 0.402875185
0.5897920728 0.4058888257
0.5855538845 0.4055040777
0.578258872 0.3987168074
0.5732684731 0.3925546408
0.5650860071 0.388307482
0.5552790165 0.3821177185
0.546638906 0.3741731048
0.5371005535 0.3644440472
0.529492557 0.3567855358
0.5254757404 0.3547644019
0.5207702518 0.3558577299
0.5169535875 0.3598753512
0.5155277252 0.3665511608
0.5168142319 0.3774666786
0.5180359483 0.3864549994
0.5214897394 0.3951553106
0.5272080302 0.4017654657
0.5352358222 0.4032372236
0.540677011 0.4018038511
0.5436074734 0.4007898867
0.5447608829 0.3953441083
0.5472530723 0.3895998895
0.5515256524 0.3850087523
0.5596593618 0.3800519109
0.5661276579 0.3748075962
0.5732836127 0.3712252378
0.5796551704 0.3686448932
0.586889863 0.3689212203
0.5928552151 0.3733618855
0.5959008932 0.3780696988
0.5979925394 0.3826907277
0.596421957 0.3883901238

