0.9390333891 0.2270955741
0.9372206926 0.2326740623
0.9360132217 0.2377113402
0.9303262234 0.2376434505
0.9181592464 0.2316767275
0.9074906111 0.2259869874
0.8967195749 0.2187335342
0.8873499632 0.2114896774
0.8780423403 0.2038777918
0.868994236 0.1959297955
0.860921979 0.1906714886
0.853843987 0.1899571568
0.8479371667 0.1937170029
0.843985796 0.1983131766
0.8422296047 0.2048264742
0.8429586887 0.2137505561
0.8468053341 0.2238802761
0.8515872955 0.2294902951
0.8561357856 0.232761085
0.8622636795 0.2344639748
0.8683783412 0.2343229651
0.8747588396 0.2308293879
0.8787010312 0.2227600515
0.883019805 0.2166838199
0.888948977 0.2095684409
0.8960779309 0.2031234205
0.903378129 0.1964082271
0.9108316302 0.1903772652
0.9192314148 0.1853246391
0.9282615185 0.1834415495
0.9363040328 0.1861131042
0.9414553642 0.1901759207
0.9433203936 0.1952291429
0.9438307285 0.2045641243
0.9443721175 0.2127859592
0.9417184591 0.2233459055

