0.7103052139 0.8655924201
0.7118742466 0.8703603745
0.7162076235 0.8780293465
0.7186022401 0.8824307919
0.7178440094 0.8874581456
0.7152072191 0.8926406503
0.7124947309 0.8987548351
0.7093819976 0.9060103893
0.7052766085 0.907335043
0.7002739906 0.9045052528
0.6937924027 0.8987391591
0.6871929765 0.8924742937
0.6825708747 0.8873075247
0.6769658327 0.8816598654
0.6700361967 0.8736758232
0.6624891162 0.8656472564
0.655236721 0.8592529893
0.648661375 0.8550494909
0.6433495283 0.8525722027
0.6388447285 0.854675889
0.6343544126 0.8589379191
0.6298933029 0.8666003942
0.6275008917 0.8745014668
0.6269298792 0.8810125589
0.6272955537 0.8906685114
0.6312381029 0.8979091644
0.6349384785 0.9028461576
0.6417844296 0.9008520842
0.6471406221 0.8963536024
0.651398778 0.8902298212
0.6561071873 0.8851818442
0.6617105007 0.880395174
0.6690793633 0.8743677139
0.6761882305 0.8678380251
0.6832300425 0.8621213436
0.691341877 0.8577734232
0.6998457313 0.8573604822
0.7065712214 0.8594492078
0.711845994 0.8634628654
0.7164191604 0.8671715856
0.7179136276 0.8728752732

