0.836789608 0.1487399489
0.8338401914 0.1512024552
0.8320208788 0.1580831558
0.8329554796 0.1645670384
0.8319438696 0.1702239513
0.8261822462 0.1741179973
0.8198040128 0.1757374853
0.8128506541 0.1745485663
0.8074002266 0.1711166501
0.7998162508 0.1628475636
0.7909188867 0.1527465284
0.7816559076 0.1423757374
0.7728104591 0.1328138709
0.7643489838 0.1227790788
0.7562408447 0.113284193
0.7487114668 0.1070586145
0.7423355579 0.1045783907
0.736712575 0.1068229601
0.7325839996 0.1132674962
0.7308937907 0.12378636
0.7306758761 0.1333596408
0.7329703569 0.145320192
0.738936305 0.1549146771
0.7442165017 0.1608482301
0.7514169812 0.1619301587
0.7573834062 0.1599821001
0.7620363235 0.1533062011
0.7672663331 0.1442545652
0.7736942768 0.1355187744
0.7823234797 0.1281417906
0.7934806347 0.1213933453
0.807182014 0.1176991239
0.8207269907 0.1170573011
0.8335207701 0.1213114709
0.8397119045 0.1281995028
0.8408659101 0.1362720579
0.8408043981 0.1467738301
0.8402756453 0.155056566

