0.9350344539 0.7822549939
0.9399482012 0.7870141268
0.9416569471 0.7926470041
0.9428710938 0.8005743027
0.9422359467 0.8062033653
0.9385663271 0.8115703464
0.9294854403 0.8150494099
0.921364665 0.8161849976
0.9143012166 0.8163360953
0.9061056376 0.8124189973
0.8978617787 0.8071524501
0.8900203705 0.8019339442
0.8830577135 0.7951155901
0.8771470189 0.7897012234
0.8704184294 0.7832601666
0.8640697002 0.7766880393
0.8579946756 0.7717685699
0.8536704779 0.768869698
0.8500042558 0.7677583694
0.8470131159 0.7688615918
0.844614923 0.7717610598
0.8432455063 0.7781603336
0.842508316 0.7851772904
0.8427085876 0.7923127413
0.8460924029 0.8012569547
0.8498573303 0.8079766035
0.8548918962 0.8120774031
0.8607217669 0.8115586638
0.8672503233 0.8109737635
0.8732257485 0.8094932437
0.8796890974 0.8050802946
0.8868451715 0.8000810146
0.8945886493 0.7960698605
0.9025583267 0.7919666767
0.9104058146 0.7877053618
0.9174121022 0.7845588923
0.9235585928 0.783043623
0.9288841486 0.7827858925
0.9329865575 0.7864525318
0.934248209 0.7906469107
0.9334557056 0.7963758111
0.9309250116 0.8020237684

