0.5459411144 0.196833849
0.5425322652 0.2006537467
0.5371896029 0.2038443536
0.5314837694 0.211216867
0.5294100046 0.2231562436
0.5337679982 0.2321978658
0.5373014212 0.2371423393
0.5416975021 0.2406806499
0.5472760201 0.2427976429
0.5525012612 0.2441035211
0.5567265749 0.240495801
0.5606924891 0.2353234291
0.5643869042 0.2312771082
0.5686246157 0.2251770794
0.5727448463 0.2178768814
0.5771003962 0.2138283998
0.5809597969 0.211595878
0.5825533867 0.211815089
0.584625721 0.2155752778
0.586790204 0.2249923199
0.5869482756 0.232144326
0.5858483911 0.2383348793

