0.7808976173 0.05563939363
0.7784757614 0.06261258572
0.7777791023 0.06714297831
0.7749950886 0.06661359221
0.7721061707 0.07302575558
0.7696587443 0.08347073942
0.7712345123 0.09174323827
0.7728124261 0.09660544991
0.7748509645 0.1016406193
0.7774888873 0.1062304676
0.7814791203 0.1066323221
0.7844065428 0.1034408361
0.7885946035 0.1004204005
0.7925479412 0.09712348878
0.7966614962 0.09182007611
0.8015184402 0.08479508013
0.8066169024 0.07906521857
0.8116925955 0.07117775083
0.8160426021 0.06592410803
0.8182797432 0.06889920682
0.8200300336 0.07654450834
0.8208978176 0.08419457078
0.8210217953 0.09017213434
0.8198884726 0.09828022867
0.8185839057 0.108328186
0.8163434267 0.114922218
0.813103199 0.1191640049

