0.6563638449 0.5912027359
0.6556436419 0.5944219828
0.6540722251 0.5987621546
0.6547237039 0.6043632627
0.6576377153 0.6106970906
0.6610012054 0.6151692867
0.6651848555 0.6167551875
0.6687660217 0.615881145
0.67116189 0.6112033725
0.6734536886 0.6052209139
0.6758337021 0.5981738567
0.6788401604 0.5920639634
0.6822274327 0.5876771808
0.686062932 0.5863038898
0.6894433498 0.5878141522
0.6923109889 0.5912734866
0.6941114664 0.5961690545
0.6955097318 0.6022698879
0.69518888 0.6092389822
0.6941918135 0.6153721809

