0.5500198007 0.6928576231
0.5471622944 0.7012792826
0.5469437838 0.7067739367
0.5458980799 0.710133791
0.5453417301 0.7127635479
0.544713378 0.7157327533
0.5442498326 0.7193354964
0.5449333191 0.7241418958
0.5456180573 0.7283405066
0.5474262834 0.7364896536
0.5474262834 0.7364896536
0.5490050316 0.7383859754
0.5510878563 0.7380828857
0.5550664067 0.7337816954
0.5586361885 0.7289693356
0.5610948801 0.7217923403
0.5638873577 0.7156549692
0.56836164 0.7124398947
0.5733613968 0.7110977173
0.5770878196 0.7130937576
0.5813370943 0.7178500891
0.5844832659 0.7228555679
0.5856741667 0.7306149006
0.5865091681 0.7392493486
0.5858713388 0.7454744577
0.5830327272 0.7492936254
0.580508709 0.7521210909

