0.6457567811 0.7595763206
0.6452395916 0.7627183199
0.643646419 0.7667212486
0.6426296234 0.771918416
0.6431246996 0.7792080641
0.6459087133 0.7863112688
0.6500636339 0.7911800146
0.6533446312 0.794834435
0.6575392485 0.7962510586
0.6615053415 0.7947065234
0.664522469 0.7893583775
0.666821897 0.7831732035
0.6701763272 0.776052475
0.6730788946 0.7692602873
0.6763833165 0.7655966878
0.6792334914 0.7650783062
0.68208462 0.7691419125
0.6829115152 0.7770067453
0.6834964752 0.7851222754
0.6830519438 0.791847229
0.6813417673 0.7980208993

