0.6186587811 0.7286250591
0.6180443764 0.7292886376
0.6192187071 0.7289037704
0.6203958392 0.7283709645
0.6208854318 0.7274295092
0.6199404001 0.7255101204
0.6185430884 0.7238542438
0.6176694036 0.7222278714
0.616691649 0.7207583189
0.6148853898 0.7188532948
0.6120684743 0.7163453102
0.6084626317 0.7138318419
0.6056442857 0.711799562
0.6030846238 0.7105481029
0.6008018851 0.7092186213
0.5979143381 0.7073251009
0.5937613845 0.7055203915
0.5904920697 0.7039919496
0.5879371762 0.7029305696
0.5855079889 0.7018705606
0.5832337141 0.7001264691
0.5797762871 0.6983669996
0.5764967799 0.6965487599
0.5743045211 0.6951197386
0.5727116466 0.6939212084
0.5709415674 0.6921927929
0.568063736 0.6906304359
0.5651221275 0.6890699863
0.5631945729 0.6876152754
0.5618575811 0.6869366169
0.5607548952 0.6863705516
0.5588539839 0.685364604
0.5559645891 0.6844961643
0.5544439554 0.6832709312
0.5528557301 0.6826822758
0.5519813299 0.6820869446
0.5509421825 0.6816864014
0.5488225222 0.6811609864
0.5473167896 0.6807971597
0.5463736057 0.6806997061
0.5464462042 0.680211544
0.5464389324 0.6800993085
0.5461245775 0.6800669432
0.5456706285 0.6800830364
0.5471591949 0.6797018051
0.5491192341 0.6792088151
0.551012218 0.6786562204
0.5534564257 0.6776847839
0.5561070442 0.6765085459
0.5590298176 0.675696969
0.5631809235 0.674405098
0.567366302 0.6737542748
0.5722716451 0.6728258133
0.5774819851 0.6725735664
0.5829284787 0.6723569036
0.5881499648 0.672206521
0.5925214291 0.6713080406
0.5965507627 0.6697654724
0.6010847092 0.6698555946
0.6064697504 0.6704134941
0.612237215 0.6708518267
0.6169945598 0.6703754067
0.6214004159 0.6690813303
0.626033783 0.6680278182
0.6311830878 0.6677583456
0.6365242004 0.6675714254
0.6418769956 0.6668549776
0.647921145 0.6655938029
0.6537173986 0.66553092
0.6594609618 0.6656777263
0.6640345454 0.665982306
0.6684068441 0.6661614776
0.6733763218 0.6661080718
0.6787999272 0.6664052606
0.6838756204 0.6671507359
0.688503325 0.667861104
0.6931104064 0.6678480506
0.6971794367 0.6675872803
0.7010720372 0.667645216
0.7044579983 0.6677276492
0.7068224549 0.6677727699
0.7088694572 0.6677640676
