0.5045651793 0.4663858414
0.5027868748 0.4659385681
0.5048720241 0.463540256
0.505241096 0.4602595568
0.5031762719 0.4574514329
0.5004882812 0.4545548856
0.5004634261 0.450795114
0.5004882812 0.445650667
0.5021642447 0.4382328689
0.5024826527 0.4306399226
0.5024114251 0.4229409099
0.5049243569 0.4155995846
0.5096657872 0.4093758762
0.5146689415 0.4046393633
0.5192178488 0.3999727964
0.5226804018 0.3949318528
0.5266288519 0.390198946
0.531455636 0.3865726888
0.535353303 0.3834354877
0.5389022827 0.3807230592
0.5444367528 0.3787704706
0.5493850708 0.3775291443
0.55471313 0.3769780695
0.5600234866 0.3774605989
0.5644464493 0.3791965544
0.567927897 0.3817376494
0.5716723204 0.3854196668
0.5757418871 0.3885834217
0.579010725 0.3927268386
0.5813004971 0.3977558613
0.5817741156 0.4036709964
0.5827909708 0.4082905054
0.5829844475 0.4135676026
0.5828468204 0.4195514917
0.5832664967 0.4241251945
0.5817298889 0.4281738102
0.5791621208 0.4316623211
0.5764642358 0.4337604046
0.5750108361 0.4350764751
0.5746079087 0.4348635972
0.5730801225 0.4332960248
0.5712145567 0.4300589561
0.5705649257 0.4259634614
0.5715136528 0.4215020835
0.5744782686 0.4165714979
0.576872468 0.4120426774
0.579428792 0.4075450301
0.5828055739 0.4032153189
0.5870277882 0.3988016248
0.5913704038 0.3945471644
0.5957599878 0.3905702829
0.5994244218 0.3868023157
0.6033284664 0.3829331994
0.6075977087 0.3800168037
0.6120793819 0.3779275417
0.6167695522 0.3764632344
0.6213667393 0.3751241565
0.6252875328 0.3743591309
0.6290516257 0.3752034605
0.6333907843 0.3765156865
0.6373754144 0.3784904182
0.6400825381 0.3811004162
0.6425147057 0.3837387264
0.6445764899 0.3866972327
0.6460697651 0.3916572332
0.6477307677 0.3963429928
0.6484134197 0.4017108679
0.6483474374 0.4065005779
0.6482485533 0.4114531279
0.6475551724 0.4168428183
0.6472469568 0.4217710197
