0.7900718451 0.2825728357
0.7928986549 0.28263551
0.7949127555 0.283031702
0.7977865338 0.2848195136
0.8006902933 0.2867833376
0.8041990399 0.2895205915
0.8070901036 0.2923378944
0.8096675277 0.2955275774
0.8119172454 0.2989074588
0.8135499358 0.3030738235
0.8145692348 0.3069236577
0.8152710795 0.3104070127
0.8157314658 0.3152812123
0.8164461851 0.3192784488
0.8161128759 0.3229993582
0.8142414093 0.3268392682
0.812284112 0.3303966522
0.8103750348 0.3339653611
0.8087675571 0.3376117349
0.8072500229 0.3412575424
0.8049402833 0.3448133469
0.8019920588 0.3482331634
0.7996585965 0.3516411185
0.7968344688 0.3547604978
0.7931331396 0.3573966622
0.7896194458 0.3599147201
0.7854035497 0.3620927632
0.7812620401 0.3637381196
0.7770152688 0.3653075099
0.7725633383 0.3663750887
0.7681690454 0.3669987321
0.7638142109 0.3673049212
0.7600054145 0.367059648
0.7557972074 0.3668267429
0.7513062358 0.3660047054
0.7468925714 0.3649445772
0.7431319356 0.3633912802
0.7398809195 0.3610490561
0.7365323901 0.3580916524
0.7334679365 0.3545412421
0.7305697203 0.349737823
0.7276031971 0.3452298939
0.7247614861 0.3404967189
0.7219496965 0.335875988
0.7193498015 0.3309968114
0.7171374559 0.3257240057
0.7156614065 0.3202797771
0.7147597075 0.315523982
0.7146553993 0.3110253215
0.714191556 0.3062016964
0.7141584158 0.3009365201
0.7148259282 0.2955271006
0.7166830301 0.290181309
0.7190049887 0.2855630219
0.7209765911 0.2811126411
0.7225012779 0.2767472863
0.7247120738 0.2724463046
0.7281377912 0.2685301304
0.7320674062 0.2648983598
0.7363681793 0.261623919
0.7411762476 0.2596879601
0.7457077503 0.257265985
0.7507658005 0.2552847266
0.7562019825 0.2537291944
0.7628343701 0.2525395453
0.7702284455 0.2524164319
0.7769781351 0.2528100312
0.7826095819 0.2527155876
0.7884421349 0.2523457706
0.7945142388 0.252505213
0.8008271456 0.2533256114
0.8066461682 0.2536908984
0.8118892312 0.2545901537
0.8175252676 0.255761534
0.8234170079 0.2569839954
0.8292432427 0.258577615
0.8353500366 0.2604033947
0.8412135839 0.2618640959
0.8461821079 0.2636707723
0.850967586 0.2664628327
0.8563800454 0.2692688704
0.8623645902 0.2729877532
0.8682179451 0.2756209075
0.8723086119 0.2783879042
0.8754891753 0.2809997797
0.8792062402 0.2844229639
0.8834968805 0.2886444926
0.8877190351 0.291927129
0.8908818364 0.2947762609
0.8930684924 0.2974910736
0.8954425454 0.3014153838
0.8982087374 0.306032598
0.9005250931 0.3106921911
0.9017788768 0.314443469
0.9018601179 0.3185074329
0.901480794 0.323186785
0.899958849 0.3283219934
0.897541821 0.3337267637
0.8952214718 0.3384929299
0.8899822235 0.3443191946
0.8830254078 0.3498728275
