0.5809500813 0.2536091208
0.5815166831 0.2545040846
0.5869461298 0.252949357
0.5923749804 0.2511575222
0.5993286967 0.2491957843
0.612624228 0.248831898
0.6278580427 0.2541653812
0.6538952589 0.2632457614
0.6715407372 0.2675759792
0.6755213737 0.2691277564
0.6672098637 0.268342793
0.656915307 0.264339298
0.6395796537 0.2575861514
0.6156121492 0.24829337
0.5931498408 0.2321180701
0.5791590214 0.2141856849
0.5760005713 0.1959140897
0.5820057988 0.1856458634
0.6007868648 0.1880282164
0.6253437996 0.1950938404
0.6499233246 0.2037743628
0.6643289328 0.2101508528
0.6667367816 0.2093657553
0.6675670743 0.2094024718
0.6664352417 0.209394291
