0.6829128265 0.738476634
0.7184296846 0.7457178831
0.7302541733 0.7568440437
0.7302541733 0.7568440437
0.7429138422 0.7707073689
0.759385705 0.7882270217
0.7752120495 0.8051133156
0.7931184769 0.8191274405
0.8112671971 0.830984056
0.8321935534 0.8433911204
0.8508220911 0.8551600575
0.8590923548 0.8602420688
0.8634349704 0.8621862531
0.8702067137 0.8615210056
0.8729063869 0.8591182232
0.8706614375 0.8570418954
0.8642393947 0.8555619121
0.8505415916 0.8522076607
0.8388425112 0.8500847816
0.8294818401 0.8443077803
0.8165793419 0.8375970125
0.8067198992 0.8292043209
0.7964721322 0.8223384619
0.7885671854 0.8111573458
0.7826067805 0.7973442078
0.7782976627 0.7826910019
0.7743067741 0.765530467
0.7720384598 0.7493386269
0.7699489594 0.7345294356
0.7677596807 0.7182844877
0.766299963 0.7020558119
0.7641741037 0.6867209673
0.7632721663 0.672247231
0.762445271 0.6598391533
0.7630822659 0.6530752182
0.7638596296 0.6486130357
0.7665328979 0.6494468451
0.7704442739 0.6535878181
0.7723267674 0.6571910977
0.7722529769 0.6620262861
0.7722831964 0.6683646441
0.7726913691 0.6765164137
0.7720371485 0.6875367165
0.771207571 0.7009783387
0.7716055512 0.7127088308
0.7726508975 0.7253398895
0.772408843 0.7415679693
0.776109457 0.7595331669
0.7829384208 0.7753914595
0.7914527655 0.7868472338
0.7987764478 0.7990260124
0.8140848875 0.8016588688
0.8275567293 0.7981919646
0.8356453776 0.7942208648
0.841386795 0.7825375199
0.8508116007 0.770354867
0.8623976707 0.7633214593
0.8765909076 0.7548208237
0.8886162043 0.7490798235
0.898462534 0.7437520027
