0.5982934237 0.460986197
0.6086171865 0.4706676006
0.605717659 0.476028949
0.601754725 0.4791822731
0.598956883 0.488963306
0.594538033 0.4972631037
0.5886327624 0.4964003563
0.578257978 0.4862347841
0.5651926398 0.4728276134
0.5536677837 0.4602732062
0.5441067815 0.4524584115
0.5360674858 0.4460499287
0.5315283537 0.4459137022
0.5296202898 0.4551595151
0.5319259167 0.4598641992
0.5330220461 0.4658048749
0.5417940617 0.4796494544
0.553462863 0.4837977588
0.5564135313 0.4818709791
0.5586625338 0.4791304469
0.5694651604 0.4749054611
0.5760056376 0.4707269669
0.5790720582 0.4634491801
0.5872865915 0.4581837654
0.5962097049 0.4573605061
0.6026630402 0.4616512656
0.6078820825 0.472045064
0.6095111966 0.4800159931
