0.5559288859 0.5540641546
0.5498758554 0.5322645903
0.5498758554 0.5322645903
0.5498758554 0.5322645903
0.5472699404 0.525539875
0.5447771549 0.5187574625
0.5421438813 0.511519134
0.5401746035 0.5051383972
0.5381620526 0.4987323582
0.5364855528 0.4928687513
0.5359586477 0.4897813797

0.5229670405 0.5443546772
0.525785327 0.5437911749
0.5293516517 0.5417202115
0.5322394371 0.5379078388
0.5353126526 0.5339097381
0.5391141176 0.5299047232
0.5428766012 0.525093317
0.546374619 0.5197936893
0.5504942536 0.5146466494
0.5543473959 0.5088906884
0.5579328537 0.5031220913
0.5613791943 0.4983150959
0.5642140508 0.4936252534
0.5665899515 0.4899721444
0.5683610439 0.4872455299
0.5692574978 0.4862252474

0.5088559985 0.5101900697
0.5095772743 0.5095505714
0.5131852627 0.511097312
0.5169364214 0.5120934844
0.5211291909 0.5108183026
0.5264496803 0.5109750032
0.5344634056 0.5124287009
0.5425207019 0.5135611892
0.5509167314 0.5146811604
0.5598278046 0.5168840885
0.5693229437 0.5198828578
0.577603519 0.5212128162
0.5845832229 0.5212432146
0.5902886391 0.5205702186

