0.8778681159 0.8725299835
0.8795406222 0.8716409206
0.8790059686 0.8666876554
0.8752129078 0.8601747751
0.8712643385 0.8531566858
0.8679336905 0.8454307914
0.8643585443 0.8373252749
0.8613849878 0.8291251063
0.8600129485 0.8224158287
0.8592686653 0.8168338537
0.8583872318 0.8120931983

0.843952775 0.866861701
0.8435021043 0.8640121222
0.8455621004 0.8612015247
0.8484060168 0.858643055
0.8510307074 0.8542038798
0.8547865152 0.8497571945
0.860175848 0.845169425
0.8653858304 0.8396291733
0.8698351383 0.8337904811
0.8748347759 0.828584671
0.879217267 0.8238851428
0.8825545907 0.8195627332

0.8227159977 0.8359063864
0.828332901 0.8377260566
0.8338667154 0.8389685154
0.8398178816 0.8391498923
0.8486354351 0.8407851458
0.8596198559 0.8441228867
0.869222939 0.8463361859
0.8789610863 0.848105669
0.8888283372 0.8499658704
0.8964408636 0.8509976864

