0.689617753 0.9495033026
0.6917651892 0.9495686293
0.6910232306 0.9449128509
0.6876026392 0.936170578
0.6839829683 0.9277014732
0.6814882159 0.9205600023
0.67775774 0.9122635126
0.6744961143 0.9037003517
0.672174871 0.8957544565
0.6698909998 0.8889988065
0.6683565974 0.8837049007
0.6673909426 0.8796233535

0.6575424671 0.9448297024
0.6610206366 0.9420100451
0.6646256447 0.938886404
0.6677588224 0.9343986511
0.6705470681 0.9283427596
0.6749788523 0.9225975275
0.6793740988 0.9165989757
0.6836733818 0.9100576043
0.6880250573 0.9037615061
0.6925344467 0.8981965184
0.696385026 0.8932992816
0.6997982264 0.8894411325
0.7025489211 0.8863133192
0.7045220137 0.8838127255

0.6396781802 0.9079471827
0.6427454352 0.9089002013
0.6464155912 0.9099134803
0.6504999399 0.9102756381
0.6559189558 0.9114250541
0.6621316671 0.9129323959
0.6694132686 0.9143343568
0.6764692664 0.9155718088
0.6839917898 0.9168352485
0.6917033792 0.9179288745
0.6981605291 0.9188979864
0.7040221691 0.9197282791
0.7085531354 0.9208277464
0.7124528289 0.9219111204

