0.7744948864 0.8478404284
0.7719609737 0.842566967
0.7686849833 0.8369030952
0.764116466 0.8289464116
0.7601000071 0.8205334544
0.7573206425 0.8132677078
0.7551347017 0.8054492474
0.7531241775 0.797414422

0.7438554764 0.8451337218
0.745036304 0.8421092629
0.7501674891 0.8398404121
0.755464375 0.8351554275
0.758793056 0.829149127
0.7637039423 0.82421875
0.7681771517 0.8187664151
0.7717955112 0.8124784231
0.7747921348 0.8073899746
0.7784978151 0.8030985594
0.7812630534 0.7986936569
0.7832060456 0.7957216501

0.7302684784 0.8118667006
0.7351332903 0.8134403825
0.7397736311 0.8147935271
0.7460836172 0.816793859
0.7538123727 0.8190662861
0.7619254589 0.8208938837
0.7704957724 0.8222305775
0.7791537046 0.8241582513
0.7867583632 0.8252261877
0.7930122614 0.826043129
0.7982099652 0.8270507455

