0.9223810434 0.2133715153
0.9208551645 0.2135094553
0.9195845127 0.2119667232
0.9180951118 0.2094343603
0.9156337976 0.2046873122
0.9120970964 0.1988849938
0.9086411595 0.1919348389
0.9050030112 0.1843320876
0.9017784595 0.1745240092
0.8990419507 0.1646919847
0.8976756334 0.1563998312
0.8963661194 0.1496295631
0.8957688212 0.143847242

0.8847367764 0.2087343335
0.8869081736 0.206287235
0.8898048997 0.2020391822
0.8939967155 0.1968308389
0.898039341 0.1922562271
0.9022729993 0.1858914346
0.9065859914 0.1783740371
0.910946846 0.1718571484
0.915381968 0.1668977886
0.9189697504 0.16172041
0.9217480421 0.1561715007
0.9243040681 0.1521629989
0.9260575771 0.1495353878

0.8681730628 0.1741309464
0.8724333644 0.1769938469
0.877399087 0.1789105237
0.8825697899 0.179633677
0.8884345293 0.1803451329
0.8942168951 0.1821994334
0.9006727934 0.1829721928
0.9065623283 0.1828353703
0.9125778079 0.184614718
0.9182416797 0.1873245984
0.9237795472 0.1890143603
0.9282739162 0.1891817153
0.9321377277 0.1893106699

