0.6925031543 0.6967738867
0.6924808621 0.6975177526
0.6929828525 0.6983776689
0.6929956079 0.6950054169
0.6913136244 0.691129446
0.6892426014 0.6871035099
0.6869224906 0.6829527617
0.6845196486 0.6784602404
0.680462122 0.6714804769
0.677628994 0.6668696404
0.6750389338 0.6622135639
0.6727144718 0.6573525071
0.671115756 0.6525469422
0.6678673029 0.6435179114
0.6651140451 0.634956181

0.6533077359 0.6960679293
0.6561558843 0.6904942989
0.6596244574 0.685827136
0.6643327475 0.6795245409
0.6693873405 0.671851337
0.6741415858 0.6629376411
0.679951489 0.655262351
0.6858471036 0.6471090913
0.6905245781 0.6396686435
0.6952433586 0.6338162422
0.6978324652 0.6292564869
0.6983751059 0.6258395314

0.6281141043 0.6635632515
0.6356937885 0.6644786596
0.6442694068 0.665030539
0.6541895866 0.6660501361
0.664938271 0.6677214503
0.6768165827 0.6699593663
0.6876803637 0.6697711945
0.6985404491 0.6685920358
0.7059180737 0.6700423956

