0.903542757 0.2835566401
0.9030406475 0.2786539793
0.8976502419 0.2704142034
0.8903256655 0.2583660483
0.8841830492 0.247571826
0.8785883784 0.2369580567
0.8726308346 0.2281028777
0.867598474 0.2203621864
0.8622875214 0.2150256932

0.8597054482 0.2693392634
0.8641478419 0.2671605945
0.8681321144 0.2629565001
0.871032536 0.2585793138
0.8749701977 0.2542429864
0.8803130984 0.2489882261
0.8854062557 0.2423410714
0.891513586 0.2365083694
0.8984533548 0.2308247238
0.9050036073 0.2252424955

0.8417088389 0.2421151847
0.8463360667 0.2434531599
0.8525984287 0.2453448176
0.8595833778 0.2469804138
0.8693621159 0.247635901
0.8812479973 0.2497252673
0.8928585649 0.2527365983
0.9032891989 0.2552429736
0.9152889252 0.2564361095
0.9263691902 0.2580078244
0.9347323775 0.2580929995

