0.843904376 0.1588085592
0.8465310931 0.1600494683
0.8515073657 0.1613469422
0.8555122614 0.1609012783
0.8592243195 0.1591546237
0.8656150103 0.1618138552
0.8719054461 0.1629792154
0.8743430376 0.1622202694
0.8771521449 0.1621308029

0.8446080089 0.1423484385
0.8483498096 0.1429796666
0.8518799543 0.1423396915
0.8553915024 0.1420363635
0.8587189913 0.1417265236
0.8632254601 0.141885072
0.8673896194 0.1423597485
0.8700953722 0.1422432512
0.8724761009 0.1425920576
0.8738498688 0.1426145285
0.8739732504 0.1417406499

