0.8289601207 0.2022763491
0.8289000988 0.2016736716
0.8294340968 0.2016439587
0.8303930759 0.2022618204
0.833661437 0.2035353184
0.8353513479 0.2037605047
0.8366855979 0.2029860765
0.8405269384 0.2015559077
0.8437244892 0.2020680457
0.8472844362 0.2032752186
0.8500484824 0.2039290965
0.852812171 0.2038507164
0.8572538495 0.2033834308
0.8592125773 0.2034085691

0.8219868541 0.1758189797
0.8260444403 0.176765129
0.8306214809 0.1777312905
0.8347671628 0.1764909774
0.8407298923 0.1774884164
0.8472402096 0.1788775325
0.8521660566 0.1785664707
0.8565696478 0.1780162454
0.8600908518 0.1789646596

