0.5127871037 0.6699694395
0.5130319595 0.6698517203
0.5132526755 0.6701185703
0.5157933235 0.6709689498
0.5178587437 0.6714427471
0.5193873644 0.6711063385
0.5220288038 0.6713340878
0.5246168971 0.6713533401
0.5263787508 0.6712498665
0.5279192924 0.6713453531

0.5061579347 0.6435447335
0.5071911216 0.6440353394
0.5089643002 0.6439575553
0.5109722018 0.6431174278
0.5136202574 0.6436481476
0.5172902942 0.6446069479
0.5203648806 0.6439316273
0.5230214596 0.6435369849
0.5258539915 0.6440768838
0.5275182724 0.6438651681
0.5284693837 0.6426345706

