0.7286952734 0.2085129023
0.7283438444 0.2091966122
0.7297657728 0.2070839703
0.7328252196 0.2068245113
0.7363243103 0.2057401538
0.7411682606 0.2053147256
0.7473167181 0.2056352496
0.7529015541 0.2057559341
0.7577260733 0.2048793137
0.7617962956 0.20399037
0.7638832331 0.2033682168

0.729782939 0.183851555
0.7315148115 0.1836587936
0.734860301 0.1837281138
0.7379417419 0.1833280623
0.7411882281 0.1826950908
0.7456982136 0.1828951836
0.7504170537 0.1837777346
0.7543061972 0.1841205508
0.7573772073 0.18342112
0.7594207525 0.1829230934

