0.5152914524 0.9127123356
0.5165790319 0.9147602916
0.5183266401 0.916018784
0.5206652284 0.9155907035
0.523265481 0.9148557186
0.5267087817 0.914952457
0.5311396718 0.9144663215
0.5351499915 0.9126197696
0.537307024 0.9125888348

0.5137093663 0.890899539
0.5144968033 0.8909860253
0.5144457817 0.8906635046
0.515409708 0.88931036
0.5171726942 0.8893592358
0.5196661353 0.8899612427
0.5222309828 0.889636755
0.5245709419 0.8888834119
0.5272031426 0.8891640902
0.529976368 0.8891208172
0.5320034027 0.8889291286

