0.510799706 0.7031012774
0.5105361938 0.7037177086
0.5136684179 0.7045865059
0.5153594017 0.7024250031
0.5175465345 0.7017678022
0.5208810568 0.7030808926
0.5250109434 0.7041764259
0.5288175344 0.7031216621
0.5307047367 0.7024410963
0.5328037739 0.7028462887
0.534394145 0.7032806873

0.5056858659 0.678413868
0.5071459413 0.6795099378
0.5099639893 0.6807290912
0.5118708611 0.6810437441
0.5153992176 0.6802231669
0.5193636417 0.681381166
0.5228349566 0.6819947958
0.5254771709 0.6816811562
0.5278398991 0.6812948585
0.5290672779 0.6816478968

