0.5782917738 0.9030160904
0.5779067278 0.9030915499
0.5760883093 0.9015843868
0.5724067688 0.8984895349
0.5669842958 0.8952672482
0.5617132783 0.89412117
0.5575944781 0.8941845298
0.5529651642 0.8948150277
0.5475488901 0.895299077
0.5422760844 0.8944678307
0.5367208719 0.8925795555
0.5327249765 0.8911696672
0.5305495858 0.8909279704
0.5300351381 0.891004622
0.5311231613 0.8902651668
0.5316711068 0.8871982694
0.5324780941 0.8845235705
0.5365328193 0.8831807375
0.5417762399 0.8816934824
0.5467115641 0.8797709346
0.5529938936 0.8779765368
0.5574057698 0.8763376474
0.5630334616 0.8744307756
0.5696237683 0.872072041
0.5749863982 0.8703240752
0.577131331 0.8683390617
0.5769200325 0.8663330674
0.5771378875 0.8648126721
0.577070117 0.8629492521
0.5743128061 0.86141783
0.5712922812 0.8597673178
0.5666455626 0.8574261069
0.5611482859 0.8535869718
0.5547834635 0.8501859903
0.5481234193 0.8471741676
0.5406687856 0.8442302942
0.5330663919 0.8405742049
0.5278502107 0.8378548026
0.5249755383 0.8344291449
0.5232348442 0.832719624
0.5230050087 0.831936717

