0.8223842382 0.171872586
0.8236047626 0.1743131429
0.8168719411 0.1741932034
0.8083714247 0.1742617935
0.8009675741 0.1750645339
0.793597579 0.1756037176
0.7824214697 0.1749330163
0.7706293464 0.1743985713
0.7588487864 0.1730279326
0.7495557666 0.1723203659
0.7404239774 0.170730412
0.7331392765 0.1691516191
0.7265904546 0.1681131572
0.7227313519 0.1667991281
0.720790863 0.1659038067
0.7209831476 0.1646370292
0.7227430344 0.1626415253
0.7257769108 0.1604249477
0.7310828567 0.1582460254
0.7401716709 0.155938223
0.7482783794 0.1535074711
0.7592399716 0.1510224938
0.7698175311 0.1487326175
0.779090941 0.1466812491
0.789609313 0.144783318
0.8002910018 0.1425099075
0.8084318042 0.1396725923
0.81031847 0.1367807984
0.8067877293 0.1340104491
0.8022547364 0.1312612146
0.7961905599 0.129384473
0.7855269909 0.1267782152
0.7757015824 0.123609215
0.7617049813 0.119166851
0.7501266003 0.114684999
0.7398177981 0.1100394651
0.7295367718 0.105237484
0.7208644748 0.100872539

