0.7959681153 0.7338359356
0.793561697 0.734247148
0.7891917229 0.7350990772
0.7827994823 0.7333287001
0.7759163976 0.7319238186
0.767862916 0.7308073044
0.758584857 0.7292274833
0.7495075464 0.7275995612
0.7416668534 0.7260590196
0.7345300317 0.7241626978
0.7288000584 0.722355485
0.7233790159 0.7209178805
0.72134763 0.7193653584
0.7198758125 0.7173374295
0.7196937799 0.7151845694
0.722450614 0.7130320668
0.7269197106 0.711427927
0.7323691845 0.7097135782
0.7416434884 0.7082173228
0.7508379221 0.7069318295
0.7608184218 0.7064526081
0.7712835073 0.7071502209
0.7839379311 0.7070191503
0.7923774123 0.7050967216
0.7983314395 0.7025840282
0.8023611903 0.7010769248
0.8039966822 0.7014637589
0.8022578955 0.7013450861
0.7938789129 0.6981380582
0.7843967676 0.6939377189
0.7735601664 0.6895447969
0.7620298862 0.6848681569
0.7524641156 0.6807411313
0.7419559956 0.6760652065
0.73305583 0.6715729237
0.7254021764 0.6668105721
0.7194052339 0.6619122028
0.7143387794 0.6583562493

