0.72255373 0.7777673006
0.7180860043 0.7771664858
0.7119400501 0.7757049799
0.7042015195 0.7733644843
0.6967128515 0.7712983489
0.6879499555 0.7683590055
0.6784561276 0.7649055719
0.6697613001 0.7626966834
0.6612756252 0.7607905269
0.6541972756 0.7593536973
0.6487918496 0.7568345666
0.6444786787 0.7536405325
0.641084969 0.7511704564
0.6407616138 0.7493807077
0.6425509453 0.7485199571
0.64699018 0.7473517656
0.6504995227 0.7460807562
0.6552714109 0.7447745204
0.6629506946 0.7437584996
0.672723949 0.7433361411
0.6833256483 0.7432493567
0.6916618347 0.7418635488
0.6989284754 0.7401913404
0.7046750188 0.7392622232
0.707449317 0.737175405
0.7054109573 0.7338387966
0.6983121037 0.7291612029
0.6912956834 0.7250293493
0.6830635071 0.7212862968
0.6732916832 0.7177609801
0.6631531715 0.7132678628
0.6543444395 0.707788825
0.6468176246 0.7025305629
0.6411427855 0.6975746751

