0.9162990451 0.9116808176
0.9161019325 0.9091675878
0.9091742635 0.9039958715
0.9010468125 0.8990879059
0.8965960741 0.8978782892
0.889092207 0.8958387375
0.8787782192 0.8937020302
0.8682186007 0.8915848136
0.8579599857 0.8882909417
0.8496666551 0.8860528469
0.8421451449 0.884308517
0.8364472985 0.8825262785
0.8322656155 0.8811474442
0.8301713467 0.8807316422
0.8295943141 0.879748106
0.8304662704 0.8790262938
0.8332183361 0.8777626753
0.8378238082 0.8767646551
0.8439355493 0.875718534
0.8499606848 0.8744561076
0.859359026 0.8723160625
0.8687101603 0.8712222576
0.8796311617 0.8706501722
0.889657259 0.8703696132
0.8983681202 0.8704060316
0.9055116177 0.8688927293
0.9065144062 0.8663086891
0.9053590298 0.8633919954
0.9021577835 0.8610832095
0.8938234448 0.858461678
0.8837009668 0.8544976711
0.8727753162 0.8501276374
0.8632017374 0.8460689783
0.8538466692 0.8415196538
0.8457630873 0.8371437788
0.8391888738 0.8331404924
0.8340183496 0.8293024898

