0.8876520395 0.4930704832
0.8857858777 0.4936145246
0.8791036606 0.4918590188
0.8721162677 0.4918651581
0.861299634 0.4897749126
0.8492409587 0.4873070717
0.8379132152 0.4859420657
0.8280303478 0.4841346741
0.8192228079 0.4808542132
0.8147245646 0.477994889
0.8142418861 0.4757046103
0.8158626556 0.4735788703
0.819226861 0.470813036
0.824698925 0.468745023
0.8345819712 0.4669047594
0.8448352814 0.4638192058
0.8534776568 0.4621739984
0.8643217087 0.4602083564
0.8709347844 0.4595214725
0.8736994267 0.4575722516
0.8738040328 0.4552376568
0.8732398748 0.4532750547
0.8740153909 0.4521906376
0.8722980022 0.4503338337
0.8677205443 0.4477846622
0.8605678678 0.4450793266
0.8538151383 0.4431241751
0.8478713036 0.4417810142
0.8409136534 0.4401625991
0.8338066936 0.4366862774
0.8267537355 0.4338296652
0.8215113878 0.4312198162
0.8182004094 0.4294357896
0.8170017004 0.4279644191
0.8154865503 0.4260528684

