0.8242946863 0.7002754211
0.8221225739 0.7005521655
0.8198612332 0.6995038986
0.8148520589 0.6967241168
0.8054136038 0.6953770518
0.795814395 0.6949661374
0.785895288 0.695058763
0.7767634392 0.6946934462
0.7674699426 0.693959713
0.7590652704 0.6932625771
0.7521883845 0.6923425198
0.7474204898 0.6918417215
0.7433050275 0.6916242242
0.7411810756 0.6910105944
0.7403997183 0.6901465654
0.7423955798 0.6890186667
0.7450879812 0.6878561974
0.7489374876 0.6857432127
0.7545029521 0.682991147
0.7617218494 0.6803231239
0.7712674141 0.6775794029
0.7802803516 0.6748745441
0.7900078297 0.6716156006
0.80059582 0.6683453918
0.8112550974 0.6657676697
0.8190568686 0.663241744
0.8228433728 0.6605549455
0.823918581 0.6583482027
0.8205970526 0.6568347812
0.8163644671 0.6545526385
0.8081746697 0.6526207328
0.8013245463 0.6506015658
0.7914866805 0.6482441425
0.7827771902 0.6459186077
0.773511827 0.6430494785
0.7657846808 0.6405231953
0.7590889335 0.6381867528
0.7534905672 0.6359844208
0.7494504452 0.6341907978

