0.9445970058 0.1703828573
0.9487942457 0.1713852584
0.9536219835 0.1719129086
0.9511344433 0.17166242
0.9426447749 0.1706027389
0.9337863326 0.168400526
0.9269127846 0.1668556035
0.9184199572 0.1656912714
0.9072058797 0.1647901833
0.8960442543 0.1637476832
0.8839318156 0.1625999361
0.8733543158 0.1616261899
0.8638415337 0.1608506143
0.8551751971 0.1600645781
0.8478239775 0.159442842
0.8419482708 0.158784017
0.838802278 0.158145383
0.8369373679 0.1577434093
0.8365490437 0.1568026096
0.8379144669 0.1562429816
0.8423884511 0.1548509151
0.8478550911 0.1526935846
0.8539081216 0.1511109322
0.8633591533 0.1490182132
0.871706903 0.1472226381
0.8821465969 0.1462052912
0.8926643133 0.144225955
0.9033395052 0.1425461471
0.9150123 0.1411720812
0.9269519448 0.1398135573
0.9359406829 0.1387710273
0.942920208 0.1377803683
0.9486664534 0.1364522129
0.9524487257 0.1351892352
0.9490945339 0.1319216192
0.9443544745 0.1288208514
0.9340827465 0.1250421405
0.9244565964 0.1221590489
0.9121765494 0.1189228371
0.8990384936 0.1153189465
0.88349998 0.1117260084
0.8701951504 0.1083113328
0.8574741483 0.1038350388
0.8458589315 0.09924124926

