0.6717159748 0.8719748259
0.6687899828 0.8698197007
0.6666427255 0.8693736792
0.6635299921 0.8680027723
0.6595056057 0.8668570518
0.6559369564 0.8647771478
0.6527578831 0.8623701334
0.6505222321 0.8593565822
0.6490892768 0.8560166359
0.6491064429 0.8526642323
0.6502335072 0.8493686914
0.6528509855 0.8463267088
0.6563968062 0.843539834
0.6612313986 0.8404765725
0.6657472849 0.8371513486
0.6705268025 0.8330793381
0.673914969 0.8281006217
0.6755635738 0.8230888844
0.6767123938 0.8189753294
0.6760904193 0.8142064214
0.6742800474 0.8103466034
0.6721725464 0.8072792292
0.6689305902 0.8052164912
0.6649932861 0.8024154902
0.6605861783 0.7997351885
0.6559112072 0.7973595262
0.6515219808 0.7951667309
0.6479859352 0.793566823

