0.5733661652 0.4155818224
0.5704162717 0.4170402288
0.5697639585 0.4131933749
0.5689864159 0.40926826
0.5633137822 0.4062582254
0.5561358333 0.405973196
0.5485783219 0.4031459093
0.544051528 0.3985815942
0.5404971242 0.3951837718
0.5420072079 0.3929446936
0.5442441106 0.3882676363
0.5479501486 0.3823056221
0.5538898706 0.3785834908
0.56075418 0.3742489517
0.5671073794 0.3687762618
0.5728783607 0.3634898067
0.5765506029 0.3581570983
0.5757501125 0.3510546684
0.5701575279 0.3430168033
0.5649296045 0.3365612328
0.5585796833 0.3288433552
0.5494245887 0.3203678131
0.5417083502 0.3158051968
0.5353792906 0.3134668171

