0.8912597299 0.5655240417
0.892367363 0.5657622814
0.8919140697 0.5658761263
0.8882040977 0.5636128187
0.8830738068 0.5609796047
0.87902987 0.5588096976
0.8744921684 0.5557312369
0.8703639507 0.5521515608
0.8678071499 0.5496603251
0.8666613698 0.5478699207
0.8665034175 0.5452819467
0.868614018 0.5425776839
0.8718202114 0.5401083231
0.8767086864 0.5377280712
0.8822768331 0.5350368023
0.8888683915 0.5320715904
0.8951781988 0.5292204022
0.899635613 0.5260708332
0.9022594094 0.5225960612
0.9017436504 0.5184494853
0.8969041705 0.5147167444
0.8911434412 0.5113556385
0.8840286732 0.5083509088
0.8775675297 0.505389154

