0.6682152152 0.1447111964
0.6692329645 0.1453973055
0.668976903 0.1458029747
0.6667975783 0.1440826654
0.6648180485 0.1420738697
0.6629987955 0.1407829672
0.6606174707 0.1385028064
0.6579191685 0.1351254731
0.6563218236 0.1332710236
0.6549790502 0.1311676055
0.6537725329 0.1281150877
0.6533769369 0.1249193177
0.6535618305 0.1227269098
0.6548944116 0.1200855374
0.6559964418 0.1173253208
0.6581855416 0.1148080528
0.660122335 0.1119860485
0.6621993184 0.1087730974
0.6643186808 0.1055402011
0.6665436029 0.1014861465
0.6674669385 0.09751795232
0.6681923866 0.09457259625
0.6680400968 0.0919976607
0.6661896706 0.08911947906
0.6633478403 0.08566108346
0.6598916054 0.08204410225

