0.918792963 0.4743392467
0.9181448221 0.4761504531
0.9157869816 0.4755979776
0.9109120369 0.4718590975
0.9071851373 0.4710977077
0.9039916992 0.4696233869
0.9005097151 0.4666915536
0.8976020813 0.4641163647
0.8962135911 0.4617855847
0.8963158727 0.4593569636
0.897043705 0.4565849006
0.8987149596 0.4536192417
0.9014538527 0.4511061907
0.9050906897 0.4483416378
0.9086858034 0.4453268647
0.9118958712 0.4419150949
0.9150197506 0.4383544922
0.9175929427 0.4345685542
0.9185166359 0.4295339882
0.9190149307 0.4247090816
0.9187760949 0.4203895926
0.9174283743 0.4164748192
0.9144468307 0.4132515788
0.9114359617 0.4095121622
0.9071882963 0.4063172936
0.9032464027 0.4035683274

