0.5955840945 0.1279062033
0.5942559838 0.1255963445
0.5908176899 0.1231445074
0.5889029503 0.1244067252
0.5869606733 0.1250751317
0.582832098 0.1212658733
0.5782985687 0.1184750274
0.5752729177 0.1167947575
0.5724735856 0.1158829927
0.5716227293 0.1138689816
0.5703281164 0.1112312004
0.5707378387 0.1090236753
0.5730992556 0.1065526903
0.5768597126 0.1045390368
0.5802806616 0.1032016203
0.5845307112 0.1027012616
0.5886720419 0.1009936407
0.5913476348 0.09872333705
0.5945594311 0.09701818973
0.5966863632 0.09315695614
0.5968511105 0.08739797026
0.5956396461 0.08239129186
0.5944799185 0.07768978924
0.5911697745 0.07127323002
0.5882295966 0.06558834761
0.5829919577 0.0624406077
0.5789648294 0.05834263191
0.5741756558 0.05521675572
0.5734713674 0.05766991526
0.5726778507 0.05972546339

