0.6709198952 0.6463931799
0.6673803329 0.6442252398
0.6602422595 0.6395819187
0.6556921005 0.636433959
0.6520878077 0.6333739758
0.6496865749 0.6299965978
0.6488053203 0.6261201501
0.6499141455 0.6220321655
0.6532850266 0.6187832355
0.6566886306 0.6157411337
0.6616876721 0.6124613285
0.6670664549 0.6088652015
0.6709194183 0.6044918895
0.6734998822 0.5994560122
0.674116075 0.5942921638
0.6727738976 0.5889206529
0.6679323912 0.5838366747
0.6632729769 0.5789103508
0.6576641202 0.5748504996
0.6528146267 0.5712583065
0.648331821 0.5681792498

