0.6728127003 0.2857811451
0.6725903153 0.2857510149
0.6733089089 0.2866685987
0.6702231169 0.2844277918
0.6656006575 0.2810921371
0.6605194807 0.2773621082
0.6572982073 0.2747960985
0.6548429728 0.2699766159
0.6535832882 0.2652571797
0.6542441845 0.2617258728
0.6554577351 0.2587217093
0.6578729749 0.2550128102
0.6612529755 0.251162976
0.6652058959 0.2474125773
0.6691055894 0.244198963
0.6718535423 0.2403535098
0.6738381386 0.2364813238
0.6739318967 0.2324573696
0.6721163392 0.2280606627
0.6692159176 0.2236806601
0.6659695506 0.2198730409
0.661680758 0.2170201242
0.6579135656 0.2145107538
0.6547995806 0.212652415

