0.8520348072 0.1888118237
0.8058923483 0.2290633619
0.8058923483 0.2290633619
0.8058923483 0.2290633619
0.7831436396 0.2288871706
0.7619134188 0.2245344222
0.7444598079 0.2167229652
0.7312132716 0.2073327154
0.7220396996 0.1970605701
0.7160198092 0.1866987646
0.7127070427 0.1772681177
0.716127038 0.1697401404
0.7244075537 0.161893025
0.7336521745 0.1504249722
0.7471591234 0.135541454
0.7642441988 0.1226527542
0.7832092047 0.1122067198
0.8027111888 0.1067385375
0.8213265538 0.1098760068
0.8355994225 0.117565617
0.843229413 0.1316946745
0.8444963694 0.152809158
