0.9017239809 0.2772864997
0.8921850324 0.2851233184
0.8776313066 0.2900676131
0.8591321707 0.2868388891
0.8419538736 0.275172025
0.8343115449 0.2648122013
0.8297799826 0.2555158138
0.8298100233 0.2439976037
0.831966579 0.2332242876
0.8373976946 0.2250854224
0.8420373797 0.2187399715
0.8500591516 0.2130046636
0.857704401 0.2120023519
0.8677335978 0.213254109
0.8788289428 0.2218225896
0.8922967911 0.2394679189
0.9013305902 0.2548154593
0.9041019678 0.2651377618
0.901878953 0.2775513828
0.893856287 0.2884573042
0.8845348358 0.2942361832
0.8723933697 0.2903091908
