0.9320665598 0.5113988519
0.9322652221 0.5210439563
0.9229975939 0.5289572477
0.908621192 0.5312660933
0.8949975967 0.5320386291
0.8787649274 0.529663682
0.8640787601 0.5267373323
0.8512560129 0.5201414824
0.8403937817 0.5097440481
0.8349178433 0.4995031357
0.8315694332 0.4921623468
0.8352798223 0.486562252
0.8417932987 0.4794869423
0.8548005223 0.472858429
0.8689393401 0.4655464292
0.8883240819 0.4619884789
0.9054969549 0.4636059403
0.9246760607 0.4705446959
0.9403424263 0.4778840542
0.9521269202 0.4887779057
0.9569100738 0.5036489964
0.9573838711 0.515581727
0.9529345632 0.5244371891
