0.8457061052 0.9098864794
0.8402345777 0.9198846817
0.8263626695 0.9297551513
0.8084954023 0.9294092059
0.7852749228 0.9182083607
0.7657387853 0.9067279696
0.7507761717 0.8969682455
0.7407916784 0.8851139545
0.7370074987 0.8737572432
0.7367041111 0.8622598648
0.7400764227 0.8527578115
0.7466250062 0.8420109153
0.7570400238 0.8308064938
0.7699838877 0.8216543198
0.7858146429 0.8166353703
0.8027566671 0.813732028
0.8187143207 0.8121414781
0.8327958584 0.8223044872
0.8433637023 0.838799715
0.8470121622 0.8581104279
0.8467947245 0.8741546869
