0.7846609354 0.2106697261
0.7819327116 0.2239879519
0.7724203467 0.2237879336
0.7542321086 0.2160546184
0.7284261584 0.2091339082
0.7115767598 0.2019095868
0.6886761189 0.1870705485
0.6794062853 0.1767771393
0.6754831672 0.1659054756
0.6772189736 0.1504045725
0.6860925555 0.146082446
0.6981585622 0.144165799
0.7116636634 0.1435432434
0.730640471 0.1502883881
0.7414323688 0.159099251
0.7510692477 0.1660701483
0.7609795928 0.1812958717
0.76284796 0.188467741
0.7594554424 0.1934832633
0.7522490025 0.1950755864
0.7378873825 0.1957449913
