0.9242649078 0.4000784159
0.9336624146 0.4100835323
0.9347660542 0.419665277
0.921053648 0.4226622283
0.9024451971 0.4220144749
0.8864072561 0.4231137037
0.8682715297 0.4197618663
0.847936511 0.411865592
0.8329154253 0.403782934
0.8217005134 0.3962588906
0.8143155575 0.3887203336
0.8122573495 0.3805443048
0.8151652813 0.3736955822
0.8260212541 0.366995275
0.8411214948 0.3614896238
0.8595404625 0.3557127714
0.8812107444 0.3514997363
0.9007225037 0.350476861
0.9185285568 0.352596283
0.9345145822 0.3669986129
