0.8386610746 0.5955517292
0.8402146697 0.6036429405
0.8448269367 0.6138451695
0.8453377485 0.6252442598
0.8381273746 0.6333270073
0.8272907734 0.6413855553
0.8070566058 0.6413239837
0.7886799574 0.6432116628
0.7698931694 0.6395800114
0.7513059378 0.6240670085
0.7381119728 0.6062321663
0.7312791348 0.5888113379
0.7289396524 0.5729971528
0.7293701172 0.5611842871
0.7353816032 0.552441299
0.7426975369 0.5424196124
0.7541663647 0.5309740305
0.7684586048 0.5196970701
0.7840114832 0.5101127625
0.8023949862 0.504171133
0.8196531534 0.5014677644
0.8353968859 0.5102866292
0.8478907347 0.5298765898
0.856744051 0.552621901
0.8617097735 0.5660037994
0.8560990095 0.5781702995
0.8482732177 0.5905066729
0.8373199701 0.6071443558
