0.7414172888 0.8390570283
0.7414172888 0.8390570283
0.7414172888 0.8390570283
0.7357519865 0.8269367814
0.7353331447 0.8170213699
0.7380146384 0.8093551993
0.7427822351 0.8061935902
0.7518380284 0.8099805117
0.7572568655 0.8109218478
0.7578963637 0.8114506006
0.7601872683 0.8135861158
0.7619535923 0.8152181506
0.7620592117 0.8150139451
0.7627378106 0.8154475689
0.7643997073 0.8163715601
0.7660079598 0.8176389933
0.7672747374 0.818736434
0.7701537609 0.8200798035
0.7724400759 0.8197603226
0.775195837 0.8180269003
0.7798410654 0.8195217848
0.7862157822 0.824462831
0.7939785123 0.8317587376
0.8015392423 0.8376888037
0.8073851466 0.8418844938
0.8115407825 0.8465560079
0.8127695322 0.8525921106
0.8092832565 0.8583003283
0.8027337193 0.8617413044
0.7906266451 0.8586083055
0.7790176868 0.8558727503
0.7683053613 0.8522087932
0.7589645386 0.8484058976
0.7518959045 0.8422966599
0.746031642 0.8351146579
0.7422103882 0.8289530873
