0.533818543 0.9059419632
0.5339328647 0.9057777524
0.5339328647 0.9057777524
0.5349093676 0.9055538177
0.5370849967 0.9053663611
0.5390031338 0.9056454301
0.5413755774 0.9052778482
0.5438415408 0.9045661092
0.5452180505 0.9041033983
0.546764195 0.9034870863
0.5481084585 0.9030022025
0.5491552949 0.9020862579
0.5498992801 0.9005539417
0.550991714 0.8995921612
0.5520600677 0.8994683623
0.5542831421 0.8989349008
0.5554046035 0.8991516829
0.5567557812 0.8990943432
0.5575244427 0.9002190232
0.5579161048 0.9028331637
0.5573387146 0.9053819776
0.5549992919 0.9092549086
0.5519979 0.9136021137
0.5467234254 0.9183501601
0.541613102 0.9199291468
0.5336608887 0.9202640057
0.5279091001 0.9185584784
0.5193277001 0.9155956507
0.5149992108 0.91223526
0.5101842284 0.9063080549
0.5068023205 0.8987129927
0.5059830546 0.8929399252
0.5076258779 0.8831084967
0.5091847181 0.8761886954
0.5148850679 0.8640384674
0.5186499357 0.8568617105
0.5269225836 0.8456878662
0.5331198573 0.8386744261
0.540358305 0.8321217299
0.5530026555 0.8254216909
0.5618380904 0.822355926
0.5744291544 0.8211449981
0.5816173553 0.8224215508
0.5890312791 0.8235898018
0.5959977508 0.8281157017
0.6052025557 0.8355177641
0.6096220613 0.842404604
0.6098748446 0.8529955149
0.6091622114 0.864642024
0.6064271927 0.8769114017
0.5990687609 0.8888659477
0.5778190494 0.9074598551
0.5778190494 0.9074598551
0.5584400296 0.9124411941
0.5412254333 0.9125193954
