0.8382134438 0.1479049623
0.8389650583 0.1611704379
0.8329473734 0.1727514267
0.8214149475 0.1787095666
0.81024158 0.1817612797
0.7978056669 0.1843341142
0.7860828638 0.186051622
0.7745620608 0.1824932247
0.7644521594 0.1753649861
0.7571866512 0.1668365449
0.7547897696 0.1550536156
0.7551816702 0.1451154053
0.7595434785 0.1376892179
0.7654743195 0.1326647699
0.7741855979 0.1270756125
0.7854582667 0.1193899214
0.7987535 0.1112205014
0.8128594756 0.103134498
0.8291881084 0.09778299183
0.8469868302 0.1001494229
0.8608961105 0.1082348973
0.8682627082 0.1239784807
0.8693138361 0.1431503892
0.8634357452 0.1581767946
