0.6574374437 0.4078549147
0.6568863988 0.4112735987
0.6572296023 0.4146877527
0.6512537599 0.4223607779
0.6418417096 0.4262089431
0.6316782236 0.4310516715
0.6213178635 0.4350576997
0.6081187725 0.4367696345
0.5924313664 0.4372678101
0.5799478889 0.4373453856
0.5700794458 0.4358203709
0.5597980618 0.430904001
0.5513445139 0.4257332981
0.5447592139 0.4182718396
0.5446553826 0.4098721445
0.5443661213 0.4021589756
0.5481168628 0.3926184475
0.5532670021 0.3831032515
0.5592457652 0.3740699887
0.5676294565 0.36721313
0.5779367685 0.3615373969
0.5916954875 0.358748734
0.6090731621 0.3601850271
0.6208953857 0.3638592958
0.6321395636 0.3705292344
0.643112421 0.3791277111
0.6465474367 0.3874121904
0.6459839344 0.3953860998
0.6447502971 0.4047200084
