0.6505874395 0.8843556643
0.6600158811 0.9004758596
0.6614130735 0.9155240059
0.642843008 0.9212635756
0.6240321994 0.926661253
0.6069921255 0.9315173626
0.5885897875 0.9303641319
0.5712624788 0.9246775508
0.5582621694 0.9173227549
0.5490139127 0.9107109904
0.5430492163 0.903409481
0.5438432097 0.8943769336
0.5484644175 0.8835607767
0.5543048978 0.8726801872
0.5631296039 0.8616032004
0.576646626 0.8520973921
0.5900253057 0.8473166227
0.6057317257 0.8492724299
0.6171384454 0.859678328
0.6223337054 0.8794189692
0.6257250905 0.8978699446
0.6238285303 0.9170495272
