0.5748455524 0.2713503242
0.5838773847 0.2820627689
0.5878195167 0.2918765247
0.5884354115 0.3047447801
0.5855187178 0.3189870119
0.5759601593 0.3299916387
0.5607179999 0.3373975158
0.5422046185 0.3416048586
0.5252312422 0.3420780599
0.5103158355 0.3387976587
0.5068134069 0.255572468
0.5243752003 0.2467647791
0.5434570312 0.2392834276
0.5607391596 0.234440431
0.5761643052 0.2340079993
0.5844465494 0.2395173609
0.5955163836 0.2527883053
0.6056611538 0.271420449
0.6105847955 0.2907993793
0.6074120998 0.3067548871
