0.6307499409 0.9363678694
0.622821331 0.9467656612
0.6086336374 0.9521143436
0.5914344788 0.9553174973
0.5763383508 0.9582497478
0.5605971813 0.9590401649
0.544778049 0.949973166
0.5320343971 0.9413383007
0.5252008438 0.9328702688
0.5214651227 0.9212934971
0.5192635655 0.9079760313
0.5242040157 0.8922274113
0.5300220251 0.8775461316
0.5376093388 0.8611420989
0.546654284 0.8446244597
0.5594606996 0.8323425651
0.5750920177 0.8263506293
0.5903946161 0.8274956346
0.6037265062 0.8380038738
0.614541173 0.8600585461
0.6214135885 0.8840811253
0.6156471968 0.9041298628
0.6025201082 0.9164452553
