0.9023689032 0.1505881101
0.9038247466 0.156660229
0.8952202797 0.1602259278
0.8866296411 0.1636939794
0.8751090765 0.1643392444
0.860771656 0.1586179584
0.8493178487 0.1510675251
0.8413033485 0.1395013928
0.8369911313 0.1282500625
0.8432666063 0.1131710857
0.8507258892 0.09946142137
0.8578917384 0.08783851564
0.8681296706 0.08217837662
0.8782911301 0.0801531598
0.8910647631 0.08502651751
0.9014159441 0.09988245368
0.910443902 0.1155952886
0.9190117121 0.1322468519
0.9164910316 0.1456719935
0.9046632648 0.1525809914
0.8957554102 0.1575257331
