0.8046089411 0.4687362015
0.8112214804 0.4825906157
0.8130105734 0.4906298518
0.8081068397 0.4993142486
0.7982889414 0.5034690499
0.779351294 0.5087920427
0.764867723 0.5102503896
0.7439247966 0.5135373473
0.7282049656 0.5152495503
0.7132107019 0.5157073736
0.6903715134 0.514175415
0.6748111248 0.5112008452
0.6527763009 0.5039485097
0.6386984587 0.4987369776
0.6184854507 0.4887160063
0.6055897474 0.4814647138
0.5875660181 0.4678218961
0.5777298212 0.4589328468
0.5709616542 0.4500637949
0.5654674768 0.4323816001
0.5649088025 0.4278961718
0.5678627491 0.413975507
0.5692446232 0.4049527049
0.5766608715 0.3966085315
0.5923905373 0.3843311071
0.6036951542 0.3761883974
0.6163488626 0.3681954741
0.6406638622 0.3581216335
0.6595760584 0.3523575664
0.6778547168 0.3477905393
0.7029463053 0.34070158
0.7212516069 0.3379234076
0.7439954281 0.3395158648
0.7681370378 0.3414804339
0.7927848101 0.3497787714
0.8102871776 0.3584706187
0.8390405178 0.3913198113
0.8390405178 0.3913198113
0.8472767472 0.416210264
0.8439888954 0.4417268038
0.8313260078 0.4576376081
0.8135051131 0.4694252014
0.7948324084 0.4816965461
0.7762024403 0.4858779311
