0.7421313524 0.4309605062
0.7513689995 0.4390105009
0.7529135942 0.4498254657
0.7408792973 0.4600274563
0.726119101 0.4638596773
0.7143563628 0.4697856903
0.7042812705 0.4756236076
0.6930638552 0.4785517156
0.6827130318 0.4759893119
0.6733083725 0.4683747292
0.6663523912 0.4589135051
0.6637380123 0.4495182931
0.6670797467 0.4406243265
0.6738307476 0.4318509996
0.6803588271 0.4211202264
0.691927731 0.4066839218
0.7087966204 0.3965355754
0.7232967615 0.3902170956
0.7334951162 0.3860294223
0.7461587191 0.3922439218
0.7611595392 0.4061019421
0.7686061263 0.4177490473
0.7672250271 0.4268006682
