0.8579003811 0.322491616
0.865522027 0.3253375888
0.8695844412 0.3349339366
0.8675819635 0.3460986018
0.8600711226 0.3524812162
0.8509484529 0.3555721045
0.8346946836 0.3540754914
0.8186371326 0.3556564152
0.802588582 0.3556634188
0.7872220278 0.3527715206
0.772372663 0.3482249677
0.760586381 0.3431759179
0.751989007 0.3368107677
0.7449928522 0.3279197812
0.7410320044 0.3180428743
0.7417805195 0.3106960952
0.7487766743 0.3051382899
0.7577906251 0.2974425852
0.7688438296 0.2872575819
0.7804347873 0.2769901454
0.8007808924 0.270093441
0.8182783723 0.2648880482
0.8269069195 0.2643754482
0.836905539 0.2698715031
0.8467562199 0.2862277925
0.8502150178 0.3008208871
0.8460553885 0.312508136
