0.6377638578 0.6327241659
0.6508030891 0.6400253773
0.6503256559 0.6426682472
0.6423469782 0.649263382
0.6303340197 0.6545699835
0.6211730242 0.6575987339
0.610368371 0.6642662287
0.5965083241 0.668135345
0.5832481384 0.6717004776
0.5733200312 0.6716202497
0.564655602 0.6697922945
0.5564887524 0.6664055586
0.5485200882 0.6612534523
0.5443153977 0.6541722417
0.5425508618 0.6464211345
0.5406678915 0.6369657516
0.5409059525 0.6263608932
0.5447701216 0.6176131964
0.5522692204 0.6078605056
0.5610240698 0.6014193296
0.5725396872 0.595099628
0.585354805 0.5913257599
0.5985351801 0.5905407667
0.6099522114 0.5936121345
0.6174619794 0.6003748775
0.6220870018 0.610503912
0.6289815307 0.6204940081
0.6336395741 0.6325678825
0.6303286552 0.638550818
