0.6436038017 0.1800481528
0.6438729167 0.1984437406
0.6320289373 0.2090852559
0.6105747223 0.2115215659
0.5878552198 0.213129133
0.5702005625 0.2164334506
0.550206244 0.2137674987
0.5309573412 0.2051688731
0.5163961649 0.1945958138
0.5060563684 0.1855817288
0.5020103455 0.176641047
0.5071073174 0.168844983
0.5176238418 0.1586900055
0.5268281102 0.147222504
0.5379106998 0.1358791292
0.5536703467 0.129077971
0.5728530884 0.1288136095
0.5920950174 0.1315971911
0.609769702 0.1383065879
0.6265441775 0.14903754
0.63676548 0.1622190326
0.6405493021 0.1788504124
0.6409475803 0.1935064346
0.6367269158 0.2084431052
