0.7931445837 0.2354413569
0.7837059498 0.2473082542
0.7709450722 0.2589943409
0.7549306154 0.2650169134
0.7341933846 0.2637196779
0.7142074704 0.259973377
0.6970390081 0.2561937273
0.6825572848 0.2509961724
0.6724553108 0.2441752702
0.6670123935 0.2349868566
0.6647130847 0.2250307351
0.6651638746 0.2170833796
0.6715055704 0.2097779363
0.683591187 0.2018816918
0.6953352094 0.1948145926
0.7134483457 0.1889235079
0.7336398363 0.1871006787
0.7521941066 0.1873852015
0.7663251758 0.1954255104
0.7761267424 0.2128149867
0.7812654972 0.2335991859
0.7736889124 0.2488889992
0.7634260654 0.2556998134
