0.6726135015 0.1097389758
0.6817772985 0.1158364564
0.6943217516 0.123576954
0.7014374137 0.1340619773
0.6916363239 0.1426510662
0.6813168526 0.1505601406
0.6703723669 0.1594893485
0.6560685039 0.1611965597
0.6351107955 0.1591521204
0.6190530658 0.1587873995
0.6037521362 0.1554865688
0.5887389183 0.1514481604
0.5737921 0.144037798
0.5611146688 0.1361211538
0.5526584983 0.1287185252
0.5483682752 0.1214385703
0.54663378 0.1121849343
0.5469748974 0.09956626594
0.5513727069 0.08396059275
0.5608223677 0.07280944288
0.5747500658 0.06431610137
0.5874108076 0.05600436404
0.602288723 0.05304383114
0.6192488074 0.05598307401
0.6403259039 0.06915331632
0.6537024379 0.08127699047
0.6620310545 0.09601696581
0.6708570719 0.111027211
0.6760547757 0.1288666576
0.6750847101 0.1408749819
0.6666506529 0.1488502622
