0.8140756488 0.5816472173
0.7727046609 0.5234012604
0.7727046609 0.5234012604
0.7727046609 0.5234012604
0.7847777009 0.5310201645
0.7973310351 0.5373449326
0.8075908422 0.5470399857
0.8133506775 0.5564386249
0.8143359423 0.5672273636
0.8146512508 0.578915
0.8117334247 0.5889199376
0.8053737283 0.5965279937
0.8002015948 0.6035563946
0.7930316925 0.6094594598
0.7857497334 0.6146910787
0.7775264382 0.6193826199
0.769348681 0.6223661304
0.7600359917 0.6235460639
0.7523623705 0.6207972765
0.7462618947 0.6175266504
0.7428756952 0.6134822369
0.7419521213 0.6100266576
0.7425419092 0.6070524454
0.7417988181 0.6059700251
0.7403483987 0.604690671
0.7423585653 0.604896903
0.7447723746 0.6038200855
0.749158144 0.6011532545
0.7538855076 0.5954111814
0.7568383217 0.5825443268
0.7561055422 0.5620775223
0.7570415139 0.5404197574
0.7582358122 0.524564743
0.7592862248 0.5171356797
0.7638103962 0.5170947313
0.7693254352 0.5165408254
0.7734820843 0.5208264589
0.7792243361 0.5326926112
0.7862460017 0.5469252467
0.7901239991 0.5556030869
0.7901271582 0.5613577962
0.787440598 0.5679551363
