0.8014626503 0.6489716768
0.7859432101 0.6526120305
0.7645135522 0.6471551657
0.7484322786 0.6434285641
0.7345350981 0.6415436268
0.7190642953 0.636927247
0.6928247213 0.6227375269
0.6846129894 0.6125716567
0.6825062037 0.6017716527
0.6832234263 0.5920853615
0.6842778921 0.5806890726
0.6944690943 0.5728167892
0.6944690943 0.5728167892
0.7145494819 0.5683225393
0.737716198 0.5630432963
0.7677810788 0.5683382154
0.7893925309 0.588509798
0.8061797619 0.6179620624
0.8006041646 0.641990602
0.7804353833 0.6521930695
