0.6806054711 0.4719811082
0.6855222583 0.4839060009
0.6888649464 0.4955324829
0.6819664836 0.5055917501
0.6674833298 0.5122233033
0.6565104127 0.5199991465
0.6452679038 0.5287471414
0.628272593 0.5301755071
0.6103367805 0.5257352591
0.5939535499 0.5205401182
0.5811613798 0.514900744
0.5708043575 0.5079433322
0.5640053153 0.5003401637
0.5614672303 0.4918075502
0.5619437695 0.4816948771
0.5671234727 0.469676584
0.5740734935 0.4566342831
0.5840207934 0.4423135817
0.5936673284 0.4282110035
0.6116004586 0.4187354445
0.6299158335 0.4118751287
0.6464954615 0.405506134
0.6635309458 0.4045338333
0.6859180331 0.4148427844
0.7027314305 0.4266629815
0.7093977332 0.4359973669
0.7142602205 0.4492136538
0.7156711221 0.4649077356
0.7118531466 0.4788803756
0.7014013529 0.4915840328
0.6914467216 0.4997118711
0.6764814854 0.5017523766
0.6610873938 0.5040613413
