0.823867023 0.4528803825
0.8379846215 0.4580269754
0.8430054188 0.4773901105
0.8315255642 0.4984305203
0.8190402985 0.5145163536
0.7997726798 0.5204734802
0.7754552364 0.5091208816
0.7554161549 0.498337239
0.7415264249 0.4830699861
0.7240232229 0.470040679
0.7155656219 0.4562618136
0.7106813788 0.443238318
0.7087230086 0.428907156
0.7111861706 0.4177393913
0.720100224 0.4093248248
0.7309643626 0.4001608491
0.745208025 0.3898442388
0.7622640729 0.3806018233
0.7817266583 0.373064518
0.8005094528 0.370098114
0.8192625642 0.3767347038
0.8380122781 0.3904514313
0.8462249637 0.4119084775
0.8516783714 0.4328778088
0.8522235155 0.45590958
0.8480280638 0.4797390699
0.8366827369 0.495562315
0.8246670961 0.5076253414
0.8068180084 0.5097964406
0.7872463465 0.5077403784
