0.537907362 0.1195321754
0.5368816853 0.1217216849
0.5342832804 0.1233515888
0.5325179696 0.1259019524
0.5310783386 0.1307838112
0.5318831801 0.1370884031
0.5345686674 0.1439741701
0.5388950109 0.1495406479
0.5437009335 0.1529893875
0.5481702685 0.1547815055
0.5514765978 0.1547365636
0.5541585684 0.1524673402
0.5554410219 0.1477900296
0.5579976439 0.1442152411
0.5611367822 0.1397776902
0.5647953153 0.1356464922
0.5689352155 0.1326677501
0.5730867386 0.1310275197
0.5771172047 0.1319354475
0.5807549953 0.1345447749
0.5837689638 0.1395039856
0.5855613351 0.144150272
0.5864576101 0.1487987936
0.5855717659 0.1546932906
0.5843360424 0.1606816351
0.5832285285 0.1662923247
0.5810726881 0.1701822132
0.5779709816 0.1726273596

0.5087454915 0.1261378974
0.5112931728 0.127227664
0.5141501427 0.12890625
0.518986702 0.1302179098
0.5238147974 0.1303806305
0.5295124054 0.132732898
0.536921382 0.1351052374
0.5439014435 0.1362323463
0.5513412952 0.1387422234
0.5601776838 0.1420042217
0.5691257715 0.1450514495
0.5765475035 0.1475542784
0.5838392377 0.1505478173
0.589548707 0.1536006927
0.5948125124 0.1562741101
0.5980744362 0.1574917436

