0.6195639372 0.4860392809
0.6199775338 0.4881141484
0.6217300892 0.491140753
0.6195170283 0.4907051623
0.6163858771 0.4911774099
0.6150102615 0.4944080412
0.6131085157 0.4967615902
0.6108785272 0.4988563359
0.6091792583 0.5023577809
0.6092005372 0.5070557594
0.6108661294 0.511713326
0.6125754118 0.5148432851
0.6152849793 0.5169334412
0.6191760302 0.5192531347
0.622590661 0.5211597085
0.6269456148 0.5223965645
0.6310163736 0.5228646994
0.6341760755 0.5209337473
0.6364116669 0.5186640024
0.6385044456 0.5151411295
0.6404132247 0.5110864639
0.6424196959 0.5071196556
0.6440204382 0.5031509995
0.6457419395 0.4994051754
0.6477481127 0.4959692359
0.6496405602 0.493103385
0.6521385908 0.4915824533
0.6550968885 0.4913278818
0.6585365534 0.4924222827
0.6615061164 0.4933223426
0.6646720171 0.4946750104
0.6675652862 0.4966873825
0.6703109741 0.4987316132
0.6724526882 0.5010906458
0.6746147871 0.5036973953
0.6761087179 0.5070872307
0.6771448851 0.5103555918
0.6775956154 0.5140930414
0.6777462959 0.517773509
0.6773469448 0.5214346647
0.6758930087 0.5245022774
0.6742743254 0.5274190903
0.6724830866 0.5305832624
0.670640707 0.5332100391
0.6681394577 0.5346441865
0.6665422916 0.5360376835

0.5868421197 0.4956455529
0.5899157524 0.4966138005
0.5922828913 0.4967966974
0.5945346355 0.4970832765
0.5973709226 0.4976862073
0.6014757156 0.4991173446
0.6047887206 0.4997497499
0.6086344123 0.5005558133
0.6136929989 0.5014715791
0.6184960604 0.5022803545
0.6233484149 0.5029982924
0.6284440756 0.5035425425
0.6333634257 0.5041039586
0.6381139159 0.505079329
0.6426734924 0.5060777664
0.6468266249 0.5068705678
0.6507284641 0.5071024299
0.6547104716 0.5071738958
0.659013629 0.5079630613
0.6635682583 0.5092537999
0.6682292223 0.5102527142
0.6726732254 0.511094451
0.6772251129 0.5121756792
0.681923151 0.513980031
0.686178565 0.5153874159
0.6896393299 0.5158643723
0.6927327514 0.5165615082
0.6956836581 0.5172950029
0.698297739 0.5177277327

