0.5316771865 0.5295993686
0.5319319963 0.5313942432
0.5316572785 0.5332481861
0.5308592916 0.5359675884
0.5291166306 0.5401086807
0.5299478173 0.545291841
0.5314064026 0.5501998663
0.5329928994 0.5554738045
0.5349742174 0.5602603555
0.5376968384 0.5642205477
0.5412795544 0.5668434501
0.5455158949 0.5681097507
0.5485593677 0.5682349205
0.5524764061 0.5670246482
0.5552386045 0.5637449026
0.558850646 0.5599950552
0.5611974001 0.5547846556
0.5638483167 0.5501046777
0.5662039518 0.5454748273
0.5693837404 0.5417336226
0.5723754764 0.5407618284
0.5750348568 0.5406356454
0.5775940418 0.542904377
0.5798425674 0.5462472439
0.5816520452 0.5503181815
0.5830767155 0.5546343923
0.5839983225 0.5592077374
0.5838469267 0.5641560555
0.5834651589 0.5681976676
0.5828204751 0.5721176267
0.5818231702 0.5752530098
0.58047539 0.5782867074
0.5788761377 0.5805436373

0.501625061 0.5448319912
0.5040248036 0.5461473465
0.5076495409 0.5473042727
0.5122746229 0.5469583273
0.5155118704 0.5463059545
0.5206366777 0.5474306345
0.5262625217 0.5490915179
0.5308859348 0.5495284796
0.53639853 0.5511766672
0.5422657132 0.5535005331
0.5473351479 0.5549717546
0.5531749129 0.5564060211
0.5592007637 0.5578991771
0.5652489662 0.5591893792
0.5708066821 0.5603476167
0.5766440034 0.5617468357
0.5826797485 0.5634685159
0.5882226229 0.5649628043
0.5932727456 0.5657253861
0.598100841 0.566215992
0.6022800803 0.5666133165

