0.5329270363 0.8902608156
0.5304717422 0.8937664628
0.5288197398 0.8970400095
0.5260512829 0.8986153603
0.5230578184 0.9012047052
0.5199497342 0.9074035287
0.5205040574 0.9155390859
0.5216230154 0.922542572
0.5240470171 0.9287079573
0.5271632075 0.9348394871
0.5317757726 0.9376665354
0.5369175076 0.9382473826
0.5416594744 0.9378120303
0.5462298393 0.9343943
0.5509784818 0.9292666912
0.554385066 0.9214326143
0.5575736761 0.9149556756
0.5610726476 0.9089946151
0.5647109151 0.9030287266
0.5683249235 0.8979243636
0.5718479156 0.895213902
0.575478673 0.8939938545
0.5787622929 0.8932477236
0.5811014175 0.8952081203
0.583537519 0.8999893665
0.5859078765 0.9045330286
0.5881306529 0.9089564085
0.5890357494 0.9149378538
0.5900290012 0.9216008782
0.5906392932 0.9276456833
0.5906258821 0.9331870675
0.5899972916 0.9389894605
0.5893577933 0.9438518286
0.588085413 0.9474781156
0.5864460468 0.9500837922

0.5017892122 0.9016247988
0.5015273094 0.9041002393
0.5036481023 0.9062483311
0.5047100782 0.9077416658
0.5066561699 0.9093481302
0.5100197792 0.9108512402
0.5139974952 0.9126631021
0.5182359815 0.9130628109
0.5230960846 0.9130699039
0.5289657116 0.9144647121
0.5425485969 0.9156631827
0.5425485969 0.9156631827
0.5492123365 0.9165583253
0.556797266 0.9179652333
0.5649385452 0.9177068472
0.5718810558 0.9198819399
0.5802289844 0.9211872816
0.5865850449 0.922927618
0.5937176943 0.9243894815
0.6000715494 0.9256378412
0.6051597595 0.9264212847
0.6088647842 0.9269657135
0.6116566658 0.9275933504

