0.5391528606 0.8199266195
0.5369092822 0.8196468353
0.5355485678 0.8233101368
0.5347699523 0.8271148205
0.5334507227 0.8323323727
0.5329880714 0.8398879766
0.5346007347 0.8499542475
0.5384358168 0.8587683439
0.5418219566 0.8661845326
0.546697557 0.8711646795
0.5509747863 0.8741562963
0.5555605292 0.8733475208
0.5586231351 0.8705555797
0.5623219609 0.8645948172
0.5651814342 0.8575502038
0.5691686273 0.8509130478
0.5736699104 0.8449060917
0.5779839158 0.8402660489
0.5825604796 0.8369050622
0.5881468058 0.8375905752
0.5936105847 0.8410903215
0.5976068974 0.8456255794
0.6011438966 0.8512052298
0.6031858921 0.8579523563
0.6046065092 0.8654625416
0.6041173339 0.8727784753
0.602863431 0.8794927597
0.6012506485 0.8849778175
0.5994039774 0.8901761174
0.5962749124 0.8936251402

0.5085284114 0.8312072158
0.5111548901 0.8324451447
0.5161796808 0.8329225779
0.5196674466 0.8338022232
0.5227746964 0.835123837
0.5282378197 0.8380509019
0.533364296 0.8406999707
0.5387253761 0.8431506157
0.5448835492 0.8456768394
0.5515041351 0.8488280773
0.5586537123 0.8522093296
0.5657047629 0.8553935289
0.5726323724 0.8585186005
0.5799725652 0.861361444
0.5869804621 0.8641309142
0.5938376188 0.8668094277
0.6014924645 0.8692333698
0.6076006889 0.8704388738
0.6137046814 0.8717428446
0.6191399097 0.8728115559
0.6243938208 0.8742185831

