0.5338416696 0.8994121552
0.5320079923 0.8992301822
0.53000319 0.9005284309
0.5289229751 0.9042509198
0.5260699987 0.9077707529
0.5240511298 0.9116401076
0.5229350924 0.9174019098
0.5230797529 0.922416389
0.5234239697 0.9280498624
0.5272672772 0.9335010052
0.5307525396 0.9385324121
0.5344241858 0.9411722422
0.5376811028 0.9432008266
0.5409500599 0.9436705709
0.5437161326 0.9427782893
0.5460163355 0.9401271939
0.5484430194 0.9359129071
0.5513232946 0.931766808
0.5542247891 0.9270650148
0.5578416586 0.921354413
0.5611301661 0.9173304439
0.5650085807 0.9143829346
0.5686267614 0.9121313095
0.5719235539 0.9122022986
0.5758913755 0.9113729
0.5785775185 0.913515687
0.5814394951 0.9159681797
0.5836455226 0.9197839499
0.5852581263 0.9238312244
0.5865738392 0.9286910295
0.5874753594 0.9323726892
0.5869677067 0.9368084073
0.5859214067 0.9415950775
0.5850595236 0.9455557466
0.584177196 0.9488453269
0.5819493532 0.952078104

0.5057133436 0.9050798416
0.5062864423 0.9067941904
0.5082440376 0.908597827
0.5108068585 0.909676671
0.5127327442 0.9091770649
0.5150681734 0.909963131
0.5189762712 0.911590457
0.5233274102 0.9130043387
0.5272338986 0.9137606025
0.5313474536 0.9142307043
0.5353498459 0.9151912928
0.5403859615 0.9164024591
0.5441712141 0.91749084
0.5481827855 0.9185917974
0.5517243147 0.9198021889
0.5559154749 0.9211881757
0.5594463944 0.9225357175
0.5633652806 0.9244632721
0.5668860674 0.926173687
0.5706520081 0.9266861677
0.5744811296 0.9269444346
0.5774503946 0.9279096127
0.5802384019 0.9293546677
0.5832968354 0.9309109449
0.5863095522 0.9319868088
0.5886757374 0.933154583
0.5916925669 0.9343879223
0.5948841572 0.9357891083
0.5975168943 0.9368230104
0.5998479128 0.9376412034
0.601883173 0.9381258488
0.60402596 0.9385088682
0.6064268351 0.9383845925
0.6081610918 0.9383138418

