0.869761169 0.1065332443
0.869096756 0.1116073951
0.8665676117 0.1152064651
0.8643888235 0.1193427294
0.8637653589 0.1266215146
0.8662993908 0.136947006
0.8689826727 0.1424622834
0.8727936745 0.1479555666
0.8777185678 0.1522369832
0.8826929331 0.1528549194
0.8864872456 0.150366053
0.890753448 0.1466296017
0.8944665194 0.139793396
0.8987388015 0.1308951676
0.9033843279 0.1228303462
0.9099885225 0.1182657033
0.914945364 0.1123637259
0.9194380641 0.1105665118
0.9247910976 0.1128316671
0.9291737676 0.1190404668
0.9323916435 0.1258663833
0.9346764088 0.1340545863
0.9349480271 0.142592445
0.9344954491 0.1503595114
0.9329873323 0.1556518674

0.841270864 0.1241427064
0.8474524021 0.1253727376
0.8571918011 0.1273540407
0.865773797 0.1258252114
0.8749257326 0.1257911026
0.8869401217 0.1288610697
0.9001609087 0.1310074627
0.9122208357 0.1314395666
0.924315393 0.1335205138
0.9353074431 0.135733068
0.9432375431 0.1377387345
0.9476912022 0.13827084

