0.7796086669 0.9049246311
0.7782127857 0.9076720476
0.7758915424 0.9102680683
0.773275435 0.9126610756
0.7715661526 0.9171711206
0.7711709142 0.9223133326
0.7721393108 0.9266147017
0.7738199234 0.9316838384
0.7774732709 0.9366409183
0.7818700075 0.9401468635
0.7855191231 0.9420958161
0.7891762257 0.9424500465
0.792036891 0.9397674203
0.7948440313 0.9362675548
0.7977056503 0.9320400953
0.8005899787 0.9273144007
0.803732872 0.9219237566
0.8075400591 0.9169293642
0.8115185499 0.9135394692
0.8155333996 0.9116190076
0.8197932839 0.9112695456
0.8238736987 0.911878705
0.8274419308 0.913861692
0.8302220702 0.9175565839
0.8324410319 0.9213138223
0.8336517215 0.9261407852
0.8340617418 0.9307529926
0.8336132765 0.9356055856
0.8327799439 0.9403039813
0.8313937187 0.9441587329
0.8290538192 0.9472801685
0.8253908157 0.9490757585

0.757679522 0.9132811427
0.7590169907 0.9142067432
0.7619878054 0.9153366685
0.7650312185 0.9161961079
0.7684456706 0.9174506664
0.773039937 0.9190580249
0.7783148289 0.9206974506
0.7837417722 0.9221886992
0.7893659472 0.9239814281
0.7951484919 0.9255182147
0.8006595373 0.9272001386
0.8060745597 0.9289717674
0.8113002181 0.9308636189
0.816681087 0.9330686331
0.8216538429 0.9346926212
0.8267254829 0.9362699986
0.8310829997 0.9376637936
0.8351109624 0.9389412999
0.8391953707 0.9399130344
0.8424853683 0.9407020211
0.8447055817 0.9414172769
0.8459477425 0.9418839216

