0.7629553676 0.7872626781
0.7626357675 0.7917788625
0.7614078522 0.7960699201
0.7604063153 0.8011987805
0.7604331374 0.8075746298
0.7613517642 0.8149590492
0.7638151646 0.8210964203
0.7665572762 0.8253279924
0.7701106668 0.8255223036
0.7736238241 0.8263756037
0.7767422199 0.8245889544
0.779386282 0.8194128275
0.7823092937 0.8140920401
0.7860535383 0.8084073067
0.7898537517 0.8028745055
0.7939682603 0.7981966734
0.7984710932 0.7946655154
0.8029469252 0.7930766344
0.807438612 0.7927661538
0.811439395 0.79371351
0.814951539 0.7962565422
0.816795826 0.8005738854
0.8176544309 0.8055964708
0.8181442022 0.8105989099
0.8177632689 0.8162964582
0.8163183928 0.8215010762
0.8146990538 0.8256078362
0.8124354482 0.8288802505

0.7441185117 0.7995971441
0.747127533 0.800317347
0.750403583 0.8007864952
0.7535840869 0.8012336493
0.7577002048 0.8024266362
0.7622249126 0.8035627604
0.76729846 0.8046283126
0.7729097605 0.8058264256
0.7792114615 0.8071521521
0.7854533792 0.8090428114
0.7923192978 0.8104869127
0.7991449833 0.8120523095
0.8051369786 0.8135695457
0.8106290102 0.8148141503
0.816750288 0.8163813949
0.8224705458 0.8177161813
0.8283543587 0.8186182976

