0.7559577823 0.7546368241
0.7529377937 0.7570690513
0.7495474815 0.7617436051
0.7467303276 0.7674930096
0.7456015348 0.7737165093
0.7454752922 0.780893147
0.7477609515 0.7889338136
0.7512072325 0.7955439687
0.7556299567 0.7998509407
0.7604506016 0.8031229973
0.7658456564 0.8040140867
0.770293355 0.8011912107
0.7744011879 0.7964059114
0.7788971066 0.7899540067
0.7840887904 0.783865273
0.7889496088 0.7768489122
0.7942917347 0.7698432207
0.7995370626 0.7653958797
0.8048708439 0.7642819881
0.8097400665 0.7657843232
0.8136150241 0.7706384659
0.8139932156 0.7784440517
0.8129040003 0.7860586047
0.8105486035 0.7947115898
0.807562232 0.8030580878
0.8051568866 0.8102096319
0.8023467064 0.8148741722

0.7222042084 0.7703704834
0.7251188159 0.7705109119
0.7290438414 0.7715371847
0.7328379154 0.7707842588
0.7371391058 0.7707190514
0.7435147762 0.7726119757
0.7521025538 0.7749250531
0.760500133 0.7765181065
0.7698891759 0.7794054747
0.7796440125 0.7829232216
0.7898716331 0.7860417962
0.8003153801 0.7887724638
0.8101681471 0.7925391197
0.8202326894 0.7959273458
0.8296796083 0.7971643209
0.8362779021 0.7978195548

