0.543255806 0.4166944325
0.5381312966 0.4158087671
0.536724329 0.4222659171
0.5343270302 0.4308669865
0.5330366492 0.4378487766
0.5330106616 0.448689878
0.5360623598 0.4602622688
0.5411472321 0.4694868326
0.5464593768 0.4749515057
0.5518746972 0.4810107946
0.5574031472 0.4841822386
0.5613182187 0.4833246171
0.5645691156 0.4817305505
0.5680715442 0.4788147807
0.5718842149 0.4739970565
0.5748249888 0.4672664702
0.5785611272 0.4615514576
0.5827775598 0.4563330412
0.5859004855 0.4515886605
0.5891596675 0.4504518807
0.592751503 0.4507057965
0.5949437618 0.4527762532
0.5970029235 0.4567887783
0.5986249447 0.4645229578
0.5996534824 0.471786797
0.6001501679 0.4792039096
0.5998114347 0.4871032238
0.5988785028 0.4939250648
0.5967150331 0.4987536371
0.594835639 0.5037349463

0.5018018484 0.4296605587
0.5024646521 0.4311130047
0.5061675906 0.4347636998
0.5138183832 0.4395937324
0.5204309821 0.4431879818
0.5287941098 0.4468333721
0.5381897688 0.45053491
0.5489498973 0.4536724091
0.5596437454 0.4569661915
0.5710712075 0.4608961046
0.5817318559 0.4649415314
0.5908263326 0.468909204
0.5995123982 0.4731731415
0.6069103479 0.4766908586
0.6124898791 0.4796008766
0.6166199446 0.4809007049
0.6200361252 0.4822472334

