0.8723934889 0.3723666668
0.8703661561 0.3678451478
0.8680166006 0.3619876206
0.868880868 0.3597259223
0.8689132333 0.3549883962
0.8671578169 0.3484968245
0.8654423356 0.3420279622
0.8640614748 0.3360094428
0.8637197018 0.3312881291
0.864197135 0.3268865049
0.8659609556 0.3249376118
0.868391037 0.3248321414
0.8707717657 0.3258154392
0.8724088669 0.3276461661
0.8739749193 0.330806613
0.8768932223 0.3356319666
0.8819284439 0.3431107998
0.8883249164 0.3509501815
0.8947968483 0.3568668962
0.8990724087 0.3612479568
0.905143559 0.3661714196
0.9120804071 0.37216115
0.9201347828 0.3770437241
0.9275888205 0.3797797859
0.9324573278 0.3805923462
0.9365025759 0.3804026842
0.9388000369 0.3793090582
0.9406648278 0.3787559569
0.9422074556 0.375731647
0.9425265193 0.3717058599
0.9405573606 0.3661699295
0.9384880066 0.3592296243
0.9358711839 0.3513189256
0.93392241 0.3431682289
0.9336378574 0.33656165
0.9338088036 0.3292403817
0.9326177835 0.3239937127

0.8429336548 0.3534021378
0.8466868997 0.3548224568
0.8464761376 0.3542304337
0.8446655869 0.3532729149

