0.6570056081 0.4606379271
0.6564474106 0.4536751211
0.6524307132 0.4422669113
0.6498918533 0.4344089627
0.6491120458 0.4261469543
0.6490845084 0.4192917943
0.6504810452 0.4113857448
0.6518844366 0.402713418
0.651951313 0.3950862288
0.6525518298 0.3893970549
0.6564403772 0.3880848885
0.6603527069 0.3887236416
0.663862586 0.3944987357
0.6648696661 0.4005888104
0.6673976183 0.4055659473
0.6705369949 0.4109670818
0.6753388047 0.4199403524
0.6801236868 0.4288192093
0.6843422055 0.4384096861
0.6880151629 0.4453061223
0.6923321486 0.4495567381
0.6958702803 0.4523124695
0.6954572201 0.4480238259
0.6953213811 0.4442337155
0.6921701431 0.4349413812
0.6911094785 0.4269957244
0.6917106509 0.419931531
0.692577064 0.4115861952
0.6927424669 0.4016600549
0.6939973831 0.3940297663
0.6955431104 0.3879964948
0.6967597604 0.3853329122
0.697632134 0.3832813501

0.6260635853 0.4321196079
0.6287000775 0.4332587719
0.6303545237 0.4335256517
0.6278268099 0.4308633208

