0.6588223577 0.4633031487
0.657299757 0.4606392384
0.6572101712 0.4588651955
0.6573514342 0.4554929733
0.6575701237 0.4485497475
0.6561318636 0.4399825335
0.6552246809 0.4326812327
0.6546625495 0.4264262915
0.6546971798 0.4213998914
0.6551157832 0.4157600403
0.6548818946 0.4097900987
0.6546347141 0.404617846
0.6543614268 0.3998747468
0.6546848416 0.3980386853
0.6567577124 0.3988149464
0.6599602699 0.402806282
0.6631333828 0.4068378806
0.6678218246 0.411678642
0.6724562645 0.4170045555
0.6773335934 0.422889024
0.6839377284 0.4305555522
0.6900518537 0.4371374846
0.6971374154 0.4439485371
0.7040565014 0.4498740137
0.7107266784 0.4555113614
0.7179952264 0.4605943263
0.7242292166 0.4652305841
0.7277493477 0.4671112299
0.7292568088 0.4658715129
0.7305518389 0.4650039077
0.7319466472 0.4641417265
0.7329063416 0.4625778794
0.7319947481 0.4587358832
0.7313189507 0.4530684054
0.730522275 0.4461733997
0.7308000922 0.4403729439
0.731470108 0.434076488
0.7314690351 0.4257356524
0.73159343 0.4164428413
0.7323409319 0.4079884589
0.7332431078 0.4017251432
0.7340834141 0.3969691396

0.6315568089 0.4309614897
0.6316826344 0.4308529198
0.6329683661 0.4326007962
0.6335992217 0.4325699806

