0.8960657716 0.1381535679
0.8964810371 0.1375451833
0.8980597258 0.1360763013
0.8986281753 0.1313729584
0.8972551227 0.1238891929
0.8946830034 0.1161180437
0.8931542039 0.1086061671
0.893263042 0.1026530266
0.8930114508 0.09508340806
0.8922626972 0.08704235405
0.8909561038 0.07925932854
0.8901208639 0.07212787867
0.8907777071 0.06841316074
0.8909281492 0.06566665322
0.8942224979 0.06754461676
0.8976979256 0.07027559727
0.9010107517 0.07552869618
0.9032964706 0.08123184741
0.9064759612 0.08618338406
0.9101992249 0.09232519567
0.9144671559 0.09863433242
0.9191885591 0.1065253168
0.9237981439 0.1143472046
0.9289524555 0.1226758957
0.9331892133 0.1289646327
0.9371135235 0.1342918873
0.9406014681 0.1387027055
0.9434130192 0.142902419
0.9441540837 0.1428952217
0.9439423084 0.1401166171
0.9443361759 0.1365501881
0.9450156689 0.1320148408
0.944105804 0.1256941259
0.9434891939 0.1179067567
0.9432916641 0.1083853915
0.9422363043 0.09894521534
0.9418567419 0.08905616403
0.942328155 0.07998331636
0.9427759647 0.07131227106
0.9431917071 0.06290505826

0.8695901036 0.1064102054
0.8693703413 0.1082288772
0.8717433214 0.1112085208
0.8727783561 0.1109054238
0.8716919422 0.1079849154

