0.8983303905 0.7322973013
0.8956586123 0.726983428
0.8904562593 0.717220068
0.8880761862 0.7064297795
0.8833751678 0.6948266029
0.883592546 0.6850568056
0.8855804205 0.6781126261
0.8873487711 0.6730329394
0.8886240721 0.6690232754
0.8905684352 0.6663553715
0.8937645555 0.6663734317
0.8972210884 0.6677531004
0.8995796442 0.6701558232
0.9015448689 0.6725527048
0.903367281 0.676256001
0.9056408405 0.6809819937
0.9098188281 0.6866279244
0.9146649241 0.6941506863
0.9213807583 0.7009486556
0.9297962189 0.7077640295
0.9386180639 0.7139505744
0.9440416694 0.7186460495
0.9468721747 0.7229862809
0.951933682 0.7238695025
0.9531159401 0.7213181853
0.9551312923 0.7182166576
0.9565384984 0.7157054543
0.9543462992 0.7101906538
0.9524883032 0.7021884322
0.9525391459 0.6932669878
0.9534522891 0.6862584949
0.9550700188 0.6817831397
0.9553708434 0.6758411527
0.9544330835 0.6704384685
0.9529720545 0.6649696827
0.9518945217 0.6611626744

0.85997504 0.6912015676
0.8605897427 0.6937204003
0.8640280962 0.6979267597
0.8660982847 0.6986470222
0.8642600179 0.6937600374

