0.8716181517 0.7431951761
0.8691657782 0.7438241243
0.8691906929 0.741440773
0.8699182272 0.7326178551
0.8691183329 0.7252796888
0.8683115244 0.7202754021
0.8679685593 0.7159284353
0.8693830967 0.7112144232
0.8703927994 0.7066134214
0.8711153269 0.7021271586
0.8714112043 0.6980304718
0.872304976 0.6962825656
0.8739417791 0.6965662837
0.8759943247 0.6979138851
0.8784869909 0.7002397776
0.8823196888 0.7035645247
0.8869154453 0.7085881233
0.8928519487 0.7145767212
0.8975697756 0.7198352814
0.9027101994 0.7252832651
0.9079514742 0.730104208
0.9143675566 0.7348905802
0.9206539989 0.7397947907
0.926260829 0.743445456
0.9302354455 0.7437024117
0.9324929714 0.7423528433
0.9348068237 0.7420092821
0.9369492531 0.7414023876
0.9383987188 0.7380143404
0.9389504194 0.7330298424
0.9386661053 0.7267329693
0.9383449554 0.7210974097
0.9386539459 0.7156697512
0.9390598536 0.7106716037
0.9386819601 0.7043738365
0.9370124936 0.6981061697
0.9358947277 0.6937636137
0.9353467226 0.69142735

0.8441322446 0.7191852331
0.8423776627 0.7175703645
0.8426015377 0.7204788923
0.8436609507 0.7214747071
0.8440084457 0.7193363905

