0.6624680161 0.4230250716
0.6718398333 0.4277441204
0.678710103 0.4325520992
0.6846815348 0.4374830127
0.6881710291 0.4429067075
0.6900488138 0.4507335424
0.6869977117 0.4572969973
0.6815887094 0.4597500563
0.6749792099 0.4620354176
0.6707140803 0.4651901722
0.6649030447 0.4669055045
0.6558796167 0.4645278454
0.6470441818 0.4628891945
0.6397947073 0.4596342444
0.6317043304 0.454842031
0.6239049435 0.4500510097
0.6172266603 0.4464416504
0.6141531467 0.4417797327
0.6125644445 0.4370101094
0.6132871509 0.432390213
0.6149471402 0.4273744822
0.6196864843 0.4209467173
0.6265052557 0.4147208929
0.6342688799 0.4114884138
0.6398079395 0.4085979462
0.6445197463 0.4054428935
0.6490412951 0.4082866907
0.652343154 0.4123001695
0.6556637287 0.4161557257
0.6575075388 0.4244760275
0.6592380404 0.4347396493
0.6597311497 0.443125248
0.6579552889 0.4490178227
