0.6342129111 0.1458753049
0.6388409138 0.1509927213
0.6478629708 0.1373416185
0.6509834528 0.132732138
0.6478160024 0.1268367171
0.6438742876 0.1228836551
0.6372262239 0.1069079041
0.6311258078 0.1035294682
0.6246813536 0.1042386815
0.6161848307 0.1057347655
0.6086800098 0.09862601757
0.6021633148 0.09157116711
0.595557034 0.09238899499
0.5884703398 0.08696757257
0.5860317349 0.08291466534
0.5883632898 0.08349318802
0.5919617414 0.08731363714
0.5974697471 0.08420225978
0.6077409983 0.08469540626
0.628621757 0.08825674653
0.6474123597 0.09454082698
0.6720513105 0.09399635345
0.6976035833 0.1042865887
0.7201833725 0.1222576573
0.7300088406 0.1330830604
