0.7714235783 0.4903556705
0.7706122398 0.4919639528
0.7706122398 0.4919639528
0.7673178315 0.4961208403
0.7683790326 0.5041492581
0.7698553205 0.5109049082
0.77032125 0.517059207
0.7680076361 0.519534409
0.7676292658 0.5246303678
0.7645730376 0.5293303132
0.7579347491 0.5321166515
0.7535920739 0.531001389
0.7480438352 0.5316030383
0.7406669855 0.5314905047
0.7339989543 0.5293449163
0.7295675278 0.5276520252
0.7259357572 0.5245785713
0.7218313217 0.5203385949
0.7188304663 0.5148956776
0.7157980204 0.5108675957
0.7121851444 0.5064339042
0.7078171372 0.5019798875
0.7050073147 0.4961307347
0.703959465 0.4912805855
0.7010193467 0.4887939692
0.6973677874 0.4846141636
0.6957719922 0.483859092
0.6955592036 0.4810955524
0.6921147108 0.4822411835
0.6906462908 0.4850721359
0.692325294 0.4866681695
0.6924610734 0.4915121198
0.689932704 0.498537004
0.6907740235 0.4907215238
0.6929515004 0.4828554988
0.6916989684 0.4862880111
0.6912964582 0.4819095135
0.6931121349 0.474096328
0.6901225448 0.4729588032
0.6875520945 0.4721566439
0.684758544 0.4694616795
0.6821572781 0.4674705267
0.6809817553 0.4626848698
0.6791887283 0.4620428681
0.6762239933 0.4646224976
0.6744958162 0.464877069
0.6748209596 0.4652515054
0.6737543344 0.4659970403
0.6715044975 0.4672316909
0.671056211 0.4693397284
0.6716637611 0.4735907912
0.6728651524 0.4791648984
0.6750649214 0.4832686782
0.6796503663 0.481412828
0.6840845346 0.4830392897
0.6862102747 0.4860540926
0.6878124475 0.4847249389
0.6886678338 0.4847350121
0.6897505522 0.4846924543
0.6915272474 0.4827001095
0.6901729703 0.4833352566
0.6891832948 0.484826684
0.6900718808 0.4832618237
0.6910560727 0.4833179712
0.6903711557 0.4843453467
0.6899748445 0.4820585847
0.6886206269 0.4804047346
0.6868033409 0.4792941213
0.6856281757 0.4773662984
0.6848932505 0.4736404121
0.6849769354 0.4740023613
0.6849565506 0.4735682309
0.6860365272 0.4736218452
0.6869369745 0.4725138545
0.6876203418 0.4721182287
0.6867676973 0.4731951952
0.686824441 0.4733199477
0.6867287159 0.4730758667
0.6863851547 0.474183917
0.6868426204 0.475633204
0.6881837845 0.4751193225
0.6881363392 0.4749973416
0.6871610284 0.4745708704
0.6866512299 0.4752592146
0.687220037 0.4747999907
0.6875759959 0.4748594165
0.6876935363 0.4754727483
0.6878213882 0.4760591388
0.6881061196 0.4755938649
0.6879976988 0.4759073257
0.6874328256 0.4767837822
0.6874945164 0.4765938222
0.6876046658 0.4760273695
0.687404871 0.4760722518
0.6875786185 0.4770640135
0.6884902716 0.4768330157
0.6893596053 0.4772858024
0.6901455522 0.4774769545
0.6901766658 0.4779739976
0.689899087 0.4783712626
0.6894530058 0.4783156216
0.6889687777 0.4783435464
0.6879953146 0.4789748192
0.6873673797 0.4792720079
0.6869714856 0.4800208211
0.686295867 0.4814567864
0.6828337312 0.4837026596
0.6794099212 0.4892114997
0.6737496853 0.4973245263
0.6655628681 0.5028940439
0.656490922 0.5037894845
0.6481794119 0.5104104877
0.6422665119 0.5127615929
0.6406781077 0.5175802112
0.6425145864 0.519519031
0.6485965252 0.5194484591
0.6531510353 0.5186322927
0.6533470154 0.5195688009
0.6504303217 0.5210787058
0.6508780718 0.5208227634
0.651922524 0.5218302011
0.6502027512 0.5245280266
0.6507514715 0.5272563696
0.6530863047 0.5265388489
0.6560024023 0.5274811983
0.6565480232 0.5281018615
0.655310154 0.5278583765
0.6564757824 0.5279604793
0.6577669978 0.5248020887
0.6593862176 0.5260503292
0.6611733437 0.5252401233
0.6641702056 0.5234870911
0.6670174599 0.522589922
0.6707607508 0.5241743326
0.6788734794 0.5255100727
0.6846731901 0.5263693333
0.6920117736 0.5322890282
0.6990269423 0.5383762121
0.7105147839 0.5428647995
0.7169106007 0.536955893
0.7191537023 0.5311717391
0.7176246643 0.5291829109
0.7148740888 0.5274525881
0.7106624842 0.5247265697
0.7046310902 0.5238986611
0.7017363906 0.525837779
0.701711297 0.5258024335
0.7049731016 0.526719451
0.7068254352 0.5277352929
0.7080537081 0.5292443633
0.7080732584 0.5269466043
0.7070444822 0.5265134573
0.7059080005 0.5271059275
0.7055107355 0.5270776749
0.7055000067 0.5252498388
0.7051953077 0.5250876546
0.7040250301 0.526237309
0.7046559453 0.527397871
0.7053812742 0.5274843574
0.7047913671 0.5281341076
0.70364362 0.528706491
0.702032268 0.529925108
0.7014585733 0.5306808949
0.7014303207 0.5314561129
0.7013612986 0.5332846642
0.7009719014 0.5337622762
0.7008190155 0.5336705446
0.7008540034 0.5327102542
0.7011048794 0.5334988832
0.7011759877 0.5342443585
0.701084137 0.5337611437
0.7009929419 0.5333797932
0.7005223036 0.5331556201
0.7002301216 0.534050107
0.6999197006 0.5342103243
0.6988480091 0.5344713926
0.6982728243 0.5340527296
0.6980381608 0.5338705778
0.6975477934 0.5337413549
0.697124064 0.533310473
0.6965347528 0.5330166221
0.6960148811 0.5308833718
0.6965503693 0.5301504731
0.6975007653 0.5288161039
0.6981315613 0.5295741558
0.6986303926 0.529078424
0.6998152137 0.5261666179
0.6996645927 0.5223747492
0.6985984445 0.5196126103
0.6963710189 0.5126135349
0.6946212649 0.5056243539
0.6922212839 0.4984898269
0.6905804873 0.4925421178
0.6917898655 0.4833443165
0.6931868196 0.4671859145
0.6905263662 0.4579066634
0.683504343 0.4440792799
0.6778446436 0.4337099195
0.6731411219 0.4298267961
0.6681407094 0.4246784151
0.6652257442 0.4174740314
0.6657561064 0.415109843
0.667006135 0.4147219062
0.6677333117 0.4124088287
0.6681376696 0.408477217
0.6675661802 0.4028697014
0.6661126614 0.3995032012
0.6641891599 0.3964671791
0.6632319689 0.3915010691
0.662704587 0.388525188
0.6619642377 0.3862747252
0.662710309 0.3797320127
0.662581563 0.3730124533
0.6616143584 0.3686872721
0.6587418318 0.3606237769
0.6620966196 0.3488380611
0.6641620398 0.3443547487
0.6652069688 0.3391417563
0.6671789885 0.3328722417
0.6703591347 0.3321783245
0.6699701548 0.3351695836
0.668006897 0.3465037942
0.6642240286 0.3750801682
0.6593679786 0.4077911377
0.6517768502 0.4385724664
0.6490437984 0.4617094398
0.6476736069 0.4767287672
0.644572556 0.479626894
0.6364215016 0.4724404812
0.6306562424 0.4685488939
0.6251046658 0.4678303897
0.62283957 0.4625816345
0.6241837144 0.4567590356
0.6305218935 0.4559668303
0.6398458481 0.4533518553
0.6463163495 0.4581009746
0.6475496292 0.4840439558
0.652947247 0.533405304
0.6480722427 0.5584303737
0.6362137794 0.5404971838
0.6286308765 0.5283117294
0.6204912663 0.5139728189
