0.8497236967 0.3967045844
0.8473662734 0.3953563273
0.8464781046 0.3968823552
0.8420032859 0.3946240544
0.836519599 0.3915838897
0.8302348852 0.3884664774
0.8211678267 0.3842498064
0.8115261793 0.381539762
0.8031166196 0.378359437
0.7941480875 0.3746154904
0.7856753469 0.3712106645
0.7774066329 0.3680345416
0.7698527575 0.3652127385
0.7623280287 0.3628102541
0.7554801702 0.3601834774
0.7503076792 0.3575534821
0.746643126 0.355085969
0.7447940111 0.3534119129
0.7443476319 0.3517291546
0.7454407811 0.3503164649
0.7483791113 0.3491742015
0.7529084086 0.3478269577
0.7591638565 0.3467704654
0.7653437853 0.3457886875
0.7716849446 0.3442028761
0.7810388207 0.3431214094
0.7891240716 0.341019541
0.7974662781 0.3382128179
0.8067429066 0.3361063004
0.8163868785 0.3351280391
0.8267756701 0.3340969682
0.8374896049 0.3326260746
0.8454410434 0.3314752579
0.8517495394 0.3304772973
0.8575580716 0.3301952183
0.8611301184 0.3304515779
0.8617303371 0.3300526738
0.8592327833 0.3301907778

0.8049724698 0.3697634637
0.8057110906 0.364574939
0.8055958152 0.3584460914
0.8054249883 0.3522197604
0.804931283 0.3448766768
0.804884553 0.3390570283
0.8056170344 0.3334065378

0.8487997651 0.3213994503
0.8476836085 0.3232190609
0.8469652534 0.3269601464
0.848470211 0.3323778212
0.8512940407 0.3382224441
0.8547542095 0.3436934352
0.8617432117 0.3484310806
0.8689602613 0.352007091
0.8771239519 0.3535512686
0.8832310438 0.3514991999
0.8895969391 0.3488348722
0.8933849335 0.3441271484

