0.7024944425 0.5535520315
0.7008445859 0.5555142164
0.7010554671 0.5566617846
0.6995615363 0.5541052818
0.6909088492 0.5469474792
0.6810389757 0.5422854424
0.6720342636 0.5403978825
0.662746191 0.5391341448
0.6534825563 0.536988318
0.643689692 0.5351071358
0.6339370012 0.5316809416
0.6243139505 0.526940763
0.6175717115 0.5236458778
0.6133865714 0.5206048489
0.6120418906 0.5183261037
0.6108325124 0.5159165859
0.6140025854 0.5141497254
0.6184397936 0.5129080415
0.6233500838 0.5122460723
0.6278075576 0.5119262934
0.6341711283 0.5111975074
0.6408536434 0.5097266436
0.6482034326 0.5090554953
0.6574745774 0.5086188316
0.6672626734 0.5068076849
0.6759901643 0.5045039058
0.6839572191 0.5024410486
0.6919411421 0.5018459558
0.7004597783 0.5007671714
0.7087765932 0.499438554
0.7132818103 0.4976386428
0.7130148411 0.495672822
0.7106640339 0.4960943758

0.6686553359 0.5356474519
0.6666263342 0.5303769112
0.6678028107 0.5247420073
0.6697964668 0.5166702271
0.670243144 0.5099708438
0.6716508865 0.5050969124

0.7082674503 0.5003556609
0.7062215209 0.5022245646
0.7072649002 0.507822752
0.7116631269 0.5139490962
0.7167664766 0.5183682442
0.7262755036 0.5231264234
0.7357653379 0.5253367424
0.745652318 0.5236674547
0.7511329055 0.5197721124
0.7528016567 0.5142590404
0.7462915778 0.5058939457

