0.7178378105 0.8317878842
0.7160531282 0.8308700323
0.7119261026 0.827973187
0.7052808404 0.8242459893
0.6976500154 0.8206569552
0.6917848587 0.8190023899
0.6854330301 0.8172594309
0.678085804 0.8155332804
0.6706405878 0.8127814531
0.6630675197 0.8086650372
0.656434238 0.8050317168
0.6509588361 0.803144455
0.6463557482 0.8011879921
0.6420191526 0.7994119525
0.6380138993 0.7974026203
0.6344031096 0.7952367067
0.6316111684 0.7934096456
0.6317501068 0.7923777699
0.6324852705 0.7910096645
0.6336331964 0.7892650366
0.6349884868 0.7876446843
0.6368775368 0.7856588364
0.6415777802 0.7844744921
0.6465641856 0.7827460766
0.6514099836 0.7808564901
0.6566185951 0.7785832286
0.661106348 0.7761735916
0.6659328938 0.7738342881
0.6725599766 0.7709489465
0.6789542437 0.7681866288
0.6854320168 0.76623559
0.6913488507 0.7644606829
0.6972783804 0.7635071278
0.7030397058 0.763310194
0.707967937 0.7625750899
0.7112141252 0.7622629404

0.6791013479 0.8146602511
0.6801265478 0.8122289777
0.6801067591 0.8050790429
0.6770268083 0.7953625917
0.6752445102 0.7864739895
0.6753876209 0.7796003819

0.7071202993 0.7617204785
0.7088757753 0.7652395964
0.7120651007 0.7677564621
0.7154678106 0.7687389851
0.721308291 0.7701454163
0.7276278138 0.7713500261
0.7335346937 0.7728711367
0.7378636003 0.7719016075
0.7422498465 0.7713893652
0.7417262793 0.7658815384

