0.8385330439 0.8344300389
0.8368065357 0.831764698
0.8368065357 0.831764698
0.8319993019 0.8266686201
0.8279541135 0.8238959908
0.8186939955 0.8208720088
0.805573523 0.8142911792
0.7916401625 0.8092159033
0.779404819 0.8039482832
0.7701659203 0.8002285361
0.7635080218 0.796418786
0.7600943446 0.7928678989
0.7584767938 0.7901983857
0.7601629496 0.7888076305
0.7639446259 0.7874416113
0.769682765 0.7858326435
0.7785220146 0.7841904163
0.7885006666 0.781922996
0.7997993231 0.7801992297
0.8119282722 0.7783308029
0.8217724562 0.7766191959
0.8303220272 0.7755628824
0.8374343514 0.7760428786
0.8367439508 0.7759920955

0.8040041924 0.8112937212
0.8013179302 0.8061404228
0.8008586764 0.8013041019
0.8020992875 0.7963380814
0.8026111126 0.7911328077
0.8026460409 0.7849563956
0.8036431074 0.780698657

0.8339634538 0.7693374753
0.8348389864 0.7714641094
0.8364703059 0.773563087
0.8372995257 0.7764368653
0.8381212354 0.7788956165
0.8408281207 0.7820520401
0.8460388184 0.7859709263
0.8532828093 0.7892602086
0.8618525863 0.7894979715
0.8616374731 0.7837925553
0.8633428812 0.7765735388
0.8650839925 0.7703156471

