0.6028333902 0.5296707749
0.6011717916 0.5291902423
0.5976606011 0.5289949179
0.5931648612 0.5270565152
0.5903816819 0.5237241983
0.5853103995 0.5212243795
0.5786164999 0.5193064809
0.5730490088 0.5184739828
0.5666005015 0.5186437368
0.5593039393 0.5149407983
0.5505485535 0.5105947256
0.542188704 0.5049321055
0.5344188809 0.5018292665
0.5293582082 0.5012153983
0.5261077881 0.4985839725
0.5233978629 0.4942089617
0.5208536983 0.4906984568
0.5201595426 0.4896244407
0.5206378102 0.4885425568
0.5250477791 0.489275068
0.5300092101 0.4870477617
0.5342613459 0.4841611981
0.5389714241 0.4816955924
0.5448633432 0.4809194505
0.5527414083 0.4793171287
0.5606251359 0.4756201804
0.567538619 0.4737328589
0.5759117007 0.4717775583
0.5834538937 0.4696059227
0.5899709463 0.4678065777
0.5973733068 0.4660066366
0.6021775603 0.4655097127
0.6062708497 0.4646730721
0.6085411906 0.4630074501

0.5684275031 0.5159289837
0.5685697198 0.511728704
0.5710815787 0.510496676
0.5725301504 0.5043616891
0.5716760159 0.4952551723
0.5691875219 0.4874160886

0.5994121432 0.4634115696
0.6008899212 0.4678453803
0.6044729948 0.4737237096
0.6086446047 0.4774282873
0.6111062765 0.4800713062
0.614870429 0.4820594788
0.6192543507 0.4804056585
0.6229712367 0.4771787822
0.6249889135 0.4741460085

