0.5939846039 0.1676585227
0.5944945812 0.1667966545
0.5909021497 0.1645034999
0.5845044851 0.1614276171
0.579138875 0.1578714103
0.5722774863 0.1545031369
0.5628294945 0.1509208977
0.5522532463 0.1469682753
0.5411299467 0.1430891305
0.5290848613 0.1407424957
0.518601656 0.1377148777
0.5109040141 0.1348257065
0.5062940121 0.1310122162
0.5044744015 0.1285634786
0.5045030713 0.1265363693
0.5039633512 0.1240102351
0.505581677 0.1222618744
0.5085827112 0.1202126592
0.5109014511 0.1175627261
0.5154991746 0.116274789
0.5192778707 0.1148298085
0.5240776539 0.1134609431
0.5294696093 0.1119994149
0.5370874405 0.1112571433
0.5451099873 0.1100806892
0.5504974127 0.1086131632
0.5558218956 0.1075266153
0.5632685423 0.1062943339
0.5717313886 0.1053797677
0.5791357756 0.1040785313
0.5852972269 0.1022686511
0.5886793733 0.09904466569
0.5929219723 0.09744529426
0.5969431996 0.09754801542
0.6004977226 0.09773088247
0.5967700481 0.09969136864
0.5930009484 0.1000121683

0.5593326688 0.1481834352
0.5581355095 0.1453804374
0.5565437675 0.1407909244
0.5559856892 0.1338035315
0.5552670956 0.126698032
0.5546578169 0.1193726659

0.5949730873 0.09202637523
0.5931612253 0.09637843072
0.5925878286 0.1002177671
0.5943142772 0.1070141643
0.5985022783 0.1120042801
0.6049541831 0.1149999052
0.6114606261 0.1124956012
0.617190063 0.1080174446
0.6214749813 0.1053279787
0.6258516312 0.09769923985
0.6284500957 0.08655747026

