0.8446173072 0.7408509254
0.8042473197 0.7206680179
0.7971885204 0.718413353
0.7971885204 0.718413353
0.788767159 0.7146291137
0.788767159 0.7146291137
0.7810891867 0.7118425965
0.7742189169 0.710024178
0.7685508132 0.7082463503
0.7644889355 0.7066758871
0.7583877444 0.7038428783
0.7553346753 0.7005027533
0.7541140318 0.6975204349
0.756206274 0.695176363
0.7619826794 0.692678988
0.7694465518 0.6913211346
0.780099988 0.6902623177
0.791659236 0.6878086925
0.8032229543 0.6848443747
0.8173744082 0.6835924387
0.8304591775 0.6812444925
0.8373146057 0.6777338386
0.8436694145 0.6760036349

0.8078005314 0.7151901722
0.8058132529 0.7114641666
0.805693984 0.7079803348
0.8059201837 0.7018744946
0.8037275076 0.6944335699
0.8015962839 0.6858506203
0.801189363 0.6789563298

0.838921845 0.6715532541
0.8397592902 0.6747955084
0.8412321806 0.6782546043
0.8426389098 0.6821346283
0.845032692 0.6857864857
0.8479671478 0.6900047064
0.8538363576 0.6928377748
0.8598873615 0.6922651529
0.8654624224 0.6890671253
0.8699380159 0.6846756339

