0.8216971159 0.663246274
0.8217529058 0.6645104289
0.8241823316 0.6654781103
0.8216567039 0.6618011594
0.8142974973 0.6585540771
0.8040786982 0.653429389
0.7971769571 0.6500737071
0.7895941138 0.6471251249
0.7814822793 0.6430613399
0.7724179029 0.6384276152
0.7643736601 0.6342661381
0.7576791048 0.6311922073
0.7525596023 0.6294680238
0.7481750846 0.6276230812
0.7458977699 0.6259704828
0.7438396811 0.6239091158
0.7425575256 0.6222445369
0.7441309094 0.6216777563
0.7461624146 0.6210458279
0.7484895587 0.6201760173
0.7534462214 0.6187428236
0.7587143183 0.6175414324
0.7655441761 0.6161768436
0.7740792036 0.6166345477
0.7824041843 0.6157402396
0.7902815342 0.6145188808
0.7985547781 0.6138868928
0.8069233298 0.6127672791
0.8129909039 0.6123007536
0.817068994 0.611612916

0.7948719859 0.6416706443
0.7938935757 0.6389718652
0.7934511304 0.6355608702
0.7921280265 0.6294690967
0.7920486927 0.6244910359
0.7940174937 0.6201919913
0.7946597338 0.6162729859
0.7962332964 0.6129114032

0.8213920593 0.61457932
0.822717905 0.6194428205
0.8265835047 0.6246046424
0.8321288824 0.629752636
0.83655864 0.6301988959
0.8397992849 0.627830863
0.8446149826 0.6265651584
0.8498734832 0.624704361
0.850826025 0.6210913658
0.8492062092 0.6162286997
0.8461372852 0.6106722355

