0.7654110193 0.9008202553
0.7707599401 0.9015052915
0.7765994668 0.9004863501
0.7827801704 0.9019269347
0.7875924706 0.900811553
0.7935301065 0.900822103
0.8015794754 0.9005285501
0.8113574386 0.9002556801
0.8216922879 0.9021083713
0.8283462524 0.9016753435
0.8330830932 0.9011852741
0.8367007375 0.9010173082
0.8397058845 0.9008890986
0.8340858221 0.8979765773
0.8276988864 0.8947338462
0.8192722797 0.8910838962
0.8109193444 0.8862722516
0.8021986485 0.8797026873
0.7947671413 0.8732469678
0.7871843576 0.8656089306
0.7813082933 0.8590934873
0.7769716978 0.8530758023
0.7738956213 0.8475898504

