0.5184258819 0.4534686208
0.5216014981 0.453735739
0.5288669467 0.451795876
0.5357172489 0.4484058022
0.550203383 0.4510409832
0.5646217465 0.4531861842
0.5791009068 0.4537564516
0.5930225849 0.4550690055
0.6076486111 0.4581622183
0.6087973118 0.452134937
0.602878809 0.4447383881
0.5959188938 0.4422050714
0.5824197531 0.4371483326
0.5665014386 0.429677844
0.5501074791 0.4217158854
0.5409857631 0.4161612093
0.5330817103 0.4093881845
0.526620388 0.4024497867
0.5218285322 0.396846503
0.5196373463 0.3933367133

