0.5054062009 0.9179145098
0.5054675341 0.9209249616
0.5107452273 0.924559474
0.5150266886 0.9215670228
0.5191422701 0.9163459539
0.5220857859 0.9144671559
0.52588588 0.9151909351
0.5323471427 0.9154352546
0.5381263494 0.9149039984
0.5436176658 0.9125393629
0.5490267277 0.9109780192
0.5539545417 0.9097828865
0.5591862798 0.908941865
0.564581573 0.9090698361
0.5701657534 0.9089554548
0.574347198 0.9080709219
0.577963531 0.9076266289
0.5815959573 0.9071570635
0.5833790898 0.9076597691
0.5854085684 0.9077233076
0.5854147077 0.9060666561
0.5843632221 0.9056876302
0.5808147192 0.9038375616
0.5765080452 0.9017454386
0.5712821484 0.8982628584
0.5664034486 0.8937284946
0.5609000921 0.890198946
0.5545468926 0.885874629
0.5487011075 0.8815484643
0.5420674086 0.8765887618
0.5366442204 0.8707372546
0.5313924551 0.865937531
0.5259367824 0.8619244695
0.5217199922 0.8584887385
0.5170186758 0.8553532362
0.5126848221 0.8531766534
0.5101980567 0.8512904644

