0.5142177939 0.2793845534
0.518420577 0.2793089747
0.5235054493 0.2815644741
0.5275135636 0.2806897759
0.5323188305 0.27952227
0.5387705564 0.2794181108
0.5469616055 0.280677557
0.5552705526 0.2825433016
0.5627142191 0.2837500274
0.5682304502 0.2831886411
0.5734677315 0.2823469639
0.5781475306 0.2816733122
0.5804732442 0.2805379033
0.5799642801 0.2790699899
0.5751396418 0.2772356272
0.5713547468 0.2739335895
0.5625673532 0.266359061
0.5535330772 0.2601707578
0.5437043309 0.2534080744
0.5340590477 0.246471554
0.524956584 0.2386398315

