0.7305666804 0.7180709839
0.7309935093 0.7218506932
0.7318441868 0.7253842354
0.7314585447 0.7270662785
0.7306319475 0.7298850417
0.7307983637 0.7338370681
0.7311378717 0.7360104322
0.7313278913 0.7371681929
0.7321523428 0.7384009361
0.733336091 0.7391171455
0.7355043888 0.7389611006
0.7375519276 0.7387010455
0.740129292 0.7384040952
0.7432484627 0.7379776239
0.7474541664 0.7372825742
0.7527252436 0.7372518778
0.7586595416 0.7373021841
0.7653791904 0.7368367314
0.7718321085 0.7368804812
0.7776810527 0.7375985384
0.7828146815 0.7381452322
0.7874586582 0.7384710312
0.7912805676 0.7391989827
0.7942253947 0.7399775386
0.7967448235 0.7409559488
0.7993328571 0.7413822412
0.801099062 0.7416677475
0.8019355536 0.740975976
0.8023901582 0.740218699
0.8027402163 0.7383341789
0.802965045 0.7359395027
0.803004086 0.7330873013
0.8034761548 0.7295668125
0.8041708469 0.7255373001
0.8047697544 0.7214049697
0.8055258989 0.7176442742
0.8064157963 0.7150610685

