0.6185930967 0.9181059003
0.6193187237 0.9192901254
0.6195365191 0.9207972884
0.6199864745 0.9234220982
0.6201587319 0.9278763533
0.6202639341 0.932515502
0.6206796169 0.9357903004
0.6201537251 0.9372851849
0.6209458113 0.93850106
0.622235477 0.9387364388
0.6241257191 0.9387683868
0.6271250248 0.9383468628
0.6304614544 0.9379529953
0.634265244 0.937189877
0.6390259266 0.9369083047
0.6445525885 0.9369242191
0.6493193507 0.9367611408
0.6540184617 0.9369837046
0.6593359709 0.9375306964
0.6643666625 0.9390930533
0.6688814163 0.9402170777
0.6728112102 0.9404270053
0.6763447523 0.9409351349
0.6787019968 0.9413844347
0.6811416149 0.9407944679
0.6822968721 0.9394506216
0.6826655269 0.9376677871
0.6822553873 0.9342628717
0.6821980476 0.931245923
0.6819739938 0.9275646806
0.6815363169 0.9229264855
0.681438148 0.9183752537

