0.5121933222 0.3560754359
0.5109827518 0.3570485413
0.5125855207 0.3603209555
0.5126990676 0.3623003364
0.5114858747 0.3648168743
0.5112016201 0.3686579168
0.5115839839 0.3732540607
0.5119585395 0.3767463565
0.5116519928 0.3788152337
0.5118690133 0.3806424737
0.5131548047 0.3823291659
0.5142599344 0.3819616437
0.5155277252 0.3815356791
0.5183709264 0.380687207
0.5221105218 0.3805656135
0.5265199542 0.3799664974
0.531376183 0.3797098994
0.536714077 0.3799089789
0.5422737002 0.3805295825
0.5486181378 0.3816193044
0.5550918579 0.3826260567
0.5625293851 0.3833684921
0.5696206689 0.384560585
0.5769282579 0.385874629
0.584385097 0.3873843849
0.5912504196 0.388230741
0.5975261927 0.3889813423
0.6029099226 0.3899177611
0.6071994305 0.3900341988
0.6102335453 0.3899177909
0.6124125719 0.3895476162
0.6136884689 0.3887172043
0.6136299372 0.3872874379
0.6130279303 0.3856038749
0.6118388176 0.3829656839
0.6096686125 0.3785578609
0.60850811 0.3743212819
0.6078410149 0.3696972728
0.6079856753 0.3648032248
0.6092202663 0.3602286577

