0.8367441893 0.9053973556
0.8356140852 0.9040452838
0.8360390067 0.9061577916
0.8360429406 0.9088789821
0.8355512023 0.9115143418
0.8354465365 0.9151948094
0.8359454274 0.9196474552
0.8365414143 0.9227484465
0.8372167945 0.9251160622
0.8392360806 0.9266664982
0.8428079486 0.9281378984
0.8470137119 0.9288581014
0.8513992429 0.929320693
0.8550896049 0.9294741154
0.8581901193 0.9296642542
0.8603138328 0.9301378131
0.8627961874 0.9303092957
0.8645815253 0.9307466745
0.8665510416 0.9315236807
0.8692885637 0.9319822788
0.8732136488 0.932554841
0.8781371713 0.9327669144
0.8834627867 0.9333326817
0.8895968199 0.9338522553
0.8946675062 0.9341177344
0.8991544247 0.9347047806
0.9037114978 0.9356565475
0.9071137309 0.9361771345
0.9087839723 0.9358705878
0.9094971418 0.9353355169
0.9103904963 0.9350838661
0.9105100632 0.9344409704
0.9103876948 0.9328747988
0.9106831551 0.9317803383
0.9110971689 0.9300938249
0.9107142687 0.9268647432
0.9105592966 0.923832655
0.9108054638 0.920335412
0.9109367132 0.9159749746
0.9107378125 0.9112573862
0.9110025167 0.9064500332
0.9116281271 0.9019428492

