0.8373875618 0.1909115314
0.838046968 0.1927009523
0.8400843143 0.1969105452
0.8390116692 0.1983363628
0.8393419981 0.2014527917
0.8398897648 0.2064732015
0.8400944471 0.2105416507
0.8401854038 0.2118910551
0.8406914473 0.2134890407
0.8420749903 0.2147706747
0.8436641693 0.2148379982
0.8449668884 0.2147370875
0.8468596935 0.214326486
0.849129796 0.2141895592
0.851683557 0.2142581344
0.85498631 0.2150347978
0.8589391708 0.2155684084
0.8633801937 0.2157529444
0.8685611486 0.2165819257
0.8742077947 0.2176989317
0.8794320822 0.2182166874
0.884545505 0.2190478146
0.8891900182 0.2205023319
0.8939003944 0.2219338864
0.8973004818 0.2226597369
0.9011744261 0.2234987617
0.9058899283 0.2241109759
0.9106250405 0.224139154
0.9143759608 0.224000603
0.916738987 0.2235536277
0.9183120131 0.223041594
0.9194464684 0.2223114371
0.9199496508 0.221423611
0.9194427729 0.2187766433
0.9190636277 0.2163054943
0.9191325903 0.2132977843
0.9188231826 0.2089388371
0.9184782505 0.2048355341
0.9184928536 0.2004285753
0.9187508821 0.1971040815
0.9194002748 0.194550246

