0.8471261859 0.8405098915
0.8474621773 0.8414248824
0.8471614122 0.8428502083
0.8466448188 0.8449991941
0.8453732729 0.8471621871
0.8443830013 0.8496959805
0.843924284 0.8525010347
0.8434724212 0.8546997905
0.8431961536 0.8564445376
0.8435822129 0.8579021692
0.8444160223 0.8590860367
0.8460975289 0.8598596454
0.8484092951 0.859986186
0.8510794044 0.8601807356
0.8543860316 0.8609241843
0.8586514592 0.8612067699
0.8631343246 0.8616796732
0.8683729172 0.861775279
0.8736735582 0.8619837761
0.8792800903 0.8625415564
0.8844764233 0.8630017638
0.889786303 0.8639218807
0.8948019743 0.8645679951
0.8984011412 0.8650335073
0.901940465 0.8654382229
0.9049471617 0.8658047915
0.9080434442 0.8660894632
0.9101849794 0.8665372133
0.9119501114 0.8667663336
0.9134628773 0.8666404486
0.9149788618 0.8665271401
0.9163614511 0.866458416
0.9176826477 0.8661653996
0.9186252356 0.8656615019
0.9198254347 0.8653982282
0.9207843542 0.8653563261
0.9212903976 0.8652414083
0.9218612909 0.8652361631
0.9221823215 0.8650891185
0.9220782518 0.8642719388
0.9219307899 0.8629990816
0.9212369323 0.8610882163
0.9203717709 0.8586935997
0.9198248982 0.8560228348
0.9198163748 0.8529323339
0.9198729992 0.8498109579
0.9199558496 0.8468343019

