0.5179234147 0.8964350224
0.5175200701 0.897521019
0.5163158774 0.8985056281
0.5155401826 0.9016646743
0.5157296062 0.9050808549
0.5160107613 0.9083234072
0.5155975819 0.9107721448
0.515617609 0.914119482
0.5159488916 0.9169132113
0.5168161988 0.9189955592
0.5178081989 0.9198070168
0.5189184546 0.9204649925
0.5202624798 0.9203341603
0.5220114589 0.9202927351
0.5242165923 0.9194440246
0.5270632505 0.9182862043
0.5299891233 0.9177770615
0.5330133438 0.9167836308
0.5357295275 0.9162884355
0.5388501287 0.9168357253
0.5430071354 0.9172383547
0.5475956202 0.9167148471
0.5522102118 0.916110456
0.557179749 0.9160601497
0.5624018312 0.9160960317
0.5675663352 0.9166686535
0.5726606846 0.9165216684
0.5768622756 0.9168146849
0.5811878443 0.9172369242
0.5850229263 0.9172016978
0.5883691311 0.9179804325
0.5913065672 0.9183521867
0.5933461189 0.9178608656
0.5945965052 0.9173721075
0.5952002406 0.9168319702
0.5955299735 0.9157906771
0.5952631831 0.9143512249
0.5943889022 0.9125093222
0.5933896899 0.9103091359
0.5921971798 0.9074673653
0.5912550688 0.9043725729
0.5904011726 0.9009553194
0.5901694894 0.8973200321
0.5901643038 0.8941344023
0.5901888013 0.8904982805

