0.7262939811 0.2152565718
0.7264612317 0.2158215344
0.7269313931 0.2170007974
0.7270740271 0.217770651
0.7270740271 0.2177707702
0.7253546119 0.2185659409
0.7245710492 0.2223462164
0.7244140506 0.2285913378
0.7247903347 0.2340779901
0.7247523069 0.2367048264
0.7256569266 0.2387331128
0.7273907065 0.240615651
0.7290253639 0.2405533195
0.7308756113 0.2396855652
0.7338559031 0.2397500426
0.7369200587 0.2395831347
0.7416632771 0.2400009036
0.7473781109 0.241039753
0.7542644143 0.2423484623
0.7619792223 0.2427158058
0.7697528601 0.2434874475
0.7777412534 0.2449758351
0.7852992415 0.2463552654
0.7933407426 0.2479249537
0.8005461097 0.2501230836
0.8069604635 0.2526296377
0.811961174 0.2535861433
0.8148439527 0.2527880371
0.8166821599 0.2513629794
0.8180508018 0.248984769
0.817507863 0.2443107218
0.817035377 0.2388006896
0.8164368868 0.2333761901
0.815993309 0.2283810377
0.8158013225 0.2243604511
0.8157880902 0.2213169187

