0.514678359 0.453771621
0.5120780468 0.4583922923
0.5114447474 0.4655413628
0.5110330582 0.4686850309
0.508641839 0.4703661799
0.5095996261 0.4789853692
0.5096073747 0.4855520129
0.5087097883 0.4863053262
0.508736968 0.4890461266
0.5106889009 0.4896330237
0.5125700235 0.4895119071
0.513679862 0.4884863496
0.5167976618 0.4901486635
0.5213019848 0.4906875491
0.5239114761 0.4884283543
0.5285125375 0.4870595634
0.5341464281 0.4872357249
0.5390686393 0.4866734147
0.5448915958 0.4861603975
0.5526195168 0.487220943
0.5604657531 0.4881893098
0.5676762462 0.4882526696
0.575255692 0.4886637926
0.5834717751 0.4904252589
0.5906926394 0.491533488
0.5950362086 0.4908961952
0.6011760831 0.4919615984
0.6073803902 0.4941456318
0.6118591428 0.4944797456
0.6146101952 0.4937856793
0.6178944111 0.4943938553
0.6217525601 0.4945487976
0.6247564554 0.4935767651
0.6268407106 0.4923143089
0.6281371117 0.4908762574
0.6297256947 0.4899865985
0.6310562491 0.4895638824
0.6296637058 0.4873954058
0.6282107234 0.4845849276
0.626108408 0.4816274643
0.623352766 0.47775352
0.6213749647 0.4737279415
0.6212052107 0.470027566
0.6210707426 0.4652429819
0.6221325397 0.461307466
0.6239171624 0.4574727416
0.6252186298 0.4536358714
0.6264775395 0.4509669542
0.6275761127 0.4492234588
0.6273285151 0.4479856193

