0.5057792664 0.6569275856
0.5073011518 0.6627086997
0.5094865561 0.6666145921
0.5091792941 0.6669553518
0.5086788535 0.6682162285
0.5092583895 0.6713966131
0.508618772 0.6743422747
0.5076898932 0.6764163375
0.507347405 0.6793146133
0.5078123808 0.6814750433
0.5086753964 0.6818396449
0.5097630024 0.6822719574
0.5108448267 0.6825742126
0.5120847225 0.6827629805
0.5133180618 0.6829798818
0.5146658421 0.6827293634
0.5165828466 0.6822274327
0.5195735693 0.6817348599
0.522552073 0.6811845303
0.526170969 0.6809564829
0.5299677849 0.6809856892
0.5347460508 0.6807953715
0.540137887 0.6807471514
0.5452919006 0.6809085608
0.5509539843 0.6803029776
0.5561357737 0.6800893545
0.5615769625 0.6805706024
0.5668904185 0.6813709736
0.5725678205 0.6814607382
0.5773866177 0.6810708046
0.5805881619 0.6808646321
0.5836647749 0.6813762188
0.585780859 0.6820585132
0.5875679255 0.6819393635
0.5882232189 0.6813626289
0.5889903307 0.6808339953
0.5892409086 0.6798090339
0.5885090828 0.6783744693
0.5874533653 0.6760001779
0.5864641666 0.6732373238
0.5856640935 0.6701437831
0.5849267244 0.6666240096
0.5844006538 0.6619819999
0.5843374133 0.6584072113

