0.6239272952 0.6854838133
0.6233990788 0.687833488
0.62399894 0.6915692091
0.6244776845 0.696410954
0.6247312427 0.7005136013
0.6251167059 0.7047051191
0.6260053515 0.7077152133
0.6266584992 0.7092512846
0.6275843978 0.7102942467
0.6286762953 0.7104449272
0.6301959753 0.7099816799
0.6319070458 0.7092446089
0.6340956688 0.7090100646
0.637275219 0.708966136
0.6414101124 0.7086413503
0.6462548971 0.7083057761
0.6521081924 0.7088515162
0.6585177779 0.7099922299
0.6662623882 0.7108719945
0.6738139391 0.7116375566
0.6801754832 0.7126509547
0.6865097284 0.713942945
0.6908579469 0.714263916
0.6942875981 0.7137867808
0.6966888309 0.7133122683
0.6977886558 0.7131122351
0.6980973482 0.712407589
0.6979729533 0.7107346654
0.6972647309 0.7083494067
0.6969236135 0.705280304
0.6966284513 0.7002478242
0.6965513229 0.6939803958
0.6972048879 0.6873349547
0.69935745 0.6812810302

