0.5414915085 0.4452269971
0.5430969596 0.4459046423
0.5456810594 0.4466227591
0.5488193035 0.4470884204
0.5512484312 0.4458814859
0.5542633533 0.4459382594
0.5586066246 0.4479652643
0.5633267164 0.4492571652
0.5667268634 0.4491596818
0.5695682764 0.4487947524
0.5713221431 0.4484087527
0.5717323422 0.44654423
0.5700896382 0.4439996183
0.5689710975 0.4416508973
0.5679187179 0.4378972054
0.5667372346 0.4325585365
0.5653400421 0.4273956418
0.5658391714 0.4222894907
0.5663735867 0.4157767594
0.5671420097 0.4077902138
0.5680887103 0.4003787041
0.5684412718 0.3923389316
0.5681926012 0.3837026954
0.5671764612 0.3761534989
0.5664571524 0.3698610067
0.5662531853 0.3664577603
0.566747427 0.362676084
0.5676509142 0.3619942665
0.5678460002 0.3622177243
0.5679783225 0.3638629913
0.5670027733 0.3647642136
0.5647848845 0.3660129905
0.5606947541 0.3667881489
0.555840373 0.3666982055
0.5498927832 0.3656359911
0.5442256927 0.3655520976
0.5411337018 0.3657596111

