0.6271694899 0.09681237489
0.6259059906 0.0975279659
0.6265775561 0.09616746008
0.6276687384 0.09421397746
0.6338490844 0.09607397765
0.639351666 0.09879668057
0.6433698535 0.09939558059
0.6479563713 0.09769564867
0.6512203813 0.09772346914
0.6528652906 0.09839719534
0.6529552937 0.09775260091
0.6524146199 0.09427522123
0.6506156325 0.09072487056
0.6491785049 0.08667491376
0.6477576494 0.08162835985
0.6467041969 0.07632774115
0.6460726261 0.07070767879
0.6461573243 0.06555475295
0.6463894248 0.05960121378
0.6472598314 0.05611857027
0.6485279202 0.05365719274
0.6497054696 0.04975619912
0.6495479941 0.04663685709
0.6501013041 0.04617967084
0.6496949792 0.04504417628
0.6485949755 0.04365641996
0.6477947831 0.04220368341
0.6471553445 0.04023052007
0.6448531151 0.0401410833
0.6430552602 0.04157068208
0.6403628588 0.04234901071
0.6373955011 0.04151980579
0.6324712634 0.04079102725
0.6300840974 0.04116383195
0.6261103153 0.04039785638
0.6225540042 0.03882378712

