0.5423126221 0.7181624174
0.5422053337 0.7183716297
0.5435562134 0.7207852602
0.5428181887 0.7182245255
0.5442218781 0.7178608179
0.5479578972 0.7189701796
0.5523893833 0.7200648785
0.5557736754 0.7194373608
0.5596650839 0.7192420959
0.5647875071 0.7207912207
0.5687891245 0.7214368582
0.5720256567 0.7206466198
0.5754047036 0.7204766273
0.5775895119 0.7206685543
0.5795717239 0.7208204269
0.579978466 0.7203009725
0.5805025101 0.7202165723
0.5802167654 0.720602572
0.580140233 0.7197133899
0.580258131 0.7189578414
0.579310596 0.7172469497
0.5787616968 0.7155017257
0.5779546499 0.7130268812
0.5767998099 0.7101530433
0.575517416 0.7068050504
0.5745815039 0.7031124234
0.5739189386 0.6980657578
0.5727214217 0.6929368973
0.5722514987 0.6874318123
0.5720879436 0.6813477278
0.5717808604 0.6742030382
0.571449697 0.6676411629
0.5711258054 0.6615352035
0.5710678101 0.6554061174
0.5711544752 0.6483775973
0.5713176727 0.6418135166
0.5716580153 0.6361060739
0.5719327331 0.6302645206
0.5720542073 0.6246349812
0.572435081 0.6195057631
0.5729877949 0.6160660982
0.5733408928 0.6131588221
0.5734747648 0.6109256744
0.5738527179 0.6095583439
0.5736815333 0.6082686186
0.5724523664 0.6080088019
0.5710227489 0.6071562767
0.5689852238 0.6074963808
0.5655025244 0.6082262993
0.5608655214 0.6084100008
0.5559631586 0.607896328
0.5507230759 0.6072611213
0.5449876785 0.6067480445
0.5401306152 0.6066877246
0.5356169939 0.6058597565
0.53135252 0.604608655

