0.5420706272 0.1443036497
0.5453084707 0.1445877552
0.5479719639 0.1423755437
0.5513417721 0.1414151043
0.5559101701 0.1412421912
0.5629768968 0.1444076896
0.5671460629 0.1452111453
0.5698604584 0.1444492936
0.5718455315 0.1427032501
0.5707190037 0.1371929944
0.5688290596 0.1312328279
0.5672384501 0.1260012686
0.5657118559 0.1194188371
0.5641864538 0.111403279
0.5644344091 0.1061202213
0.5655626059 0.1013344228
0.5651578903 0.09551136941
0.5664807558 0.09149798006
0.5674130917 0.08906105906
0.5669624805 0.08753814548
0.5654919147 0.08527468145
0.5635659099 0.08494927734
0.5597026348 0.08582162112
0.5535902977 0.0853118971
0.5493232012 0.08546601236
0.5438794494 0.08680035174
0.5389960408 0.08606167138
0.5378802419 0.08442933112

