0.8043888807 0.1210772544
0.8057820797 0.1240010262
0.8095134497 0.1238215044
0.8151010871 0.1243890151
0.8199616671 0.1245800927
0.8250225782 0.1253654808
0.8305880427 0.125452891
0.8334987164 0.1238482669
0.8331674337 0.1215049699
0.8325673938 0.1200797856
0.8293728828 0.116504401
0.827080965 0.1133453995
0.8248069882 0.1095246971
0.8235763907 0.104653284
0.8233649731 0.09827974439
0.8244019151 0.09179776162
0.825930953 0.08510033786
0.8284599185 0.07922238857
0.8303495646 0.07486423105
0.8320283294 0.07023017853
0.8329902291 0.06693726778
0.8332010508 0.06572062522
0.8323588371 0.06493531168
0.8312571049 0.06388635188
0.8296022415 0.06346667558
0.8277065754 0.06410069019
0.8231663108 0.06335809827
0.8170716166 0.06283078343
0.8096525073 0.06293521821
0.8016818762 0.06239860505
0.7942348719 0.06078169495

