0.7923666239 0.2143299282
0.7960389853 0.2133627236
0.8004034758 0.2146762609
0.8069607615 0.2177179903
0.8116906285 0.2172199935
0.8175268173 0.2179420292
0.8232850432 0.2196464241
0.8267154098 0.2188846916
0.8269005418 0.216240555
0.8270350099 0.2156529874
0.8258966804 0.2139854282
0.8236556053 0.2106432468
0.8217676878 0.2065594345
0.8215082288 0.2015127838
0.8214090466 0.1952027678
0.8213528991 0.189034313
0.822676897 0.1834616214
0.8241556883 0.1774424613
0.8245663047 0.1703344882
0.8247891665 0.1658075005
0.8258140683 0.1624327004
0.8262901306 0.1580940485
0.82605654 0.154142186
0.8263079524 0.1532079428
0.8265235424 0.1521012634
0.8254353404 0.1498121172
0.8243846893 0.1495580077
0.8231468201 0.1501319855
0.8201754093 0.1503530592
0.8146323562 0.1490976363
0.8090981841 0.1492754966
0.8041117191 0.1496036649

