0.7289614677 0.4245359302
0.7009541392 0.4353336692
0.6623681188 0.4432088733
0.6169441938 0.4570827484
0.5639195442 0.4719437063
0.5822866559 0.4115237892
0.6977149248 0.3893378079
0.7546772957 0.379653126
0.786927104 0.3728628755
0.8101420403 0.3685809672
0.8186478615 0.3599259257
0.7907295227 0.3751885891
0.7247512341 0.411729455
0.5999752283 0.5118259788
0.5718157291 0.493717134
0.7115513086 0.4269970953
0.7940300107 0.3977245092
0.8339418173 0.3727137744
0.8387106657 0.3726560473
0.8387106657 0.3726560473
