0.6649364829 0.5110988021
0.6707943678 0.5198125839
0.6691344976 0.5222131014
0.6673541069 0.5242028236
0.6661165953 0.5304678679
0.6630807519 0.5350900888
0.6575481892 0.5360280275
0.6527417302 0.5347587466
0.6490628719 0.5353872776
0.6435150504 0.5340967178
0.6384057999 0.5297537446
0.6364713907 0.5265654922
0.6351548433 0.523870647
0.6358283758 0.5181352496
0.6376941204 0.5145630836
0.642940104 0.5143181086
0.6466436386 0.5134533644
0.6499225497 0.5113995075
0.6555460095 0.5134629607
0.659784019 0.516576767
0.6617119312 0.5172009468
0.6636310816 0.5208391547
0.6667987108 0.5262901187
