0.6865938306 0.1667949855
0.6899012923 0.1652743071
0.6922214031 0.1603849679
0.6952244639 0.1539166868
0.7002329826 0.1513904333
0.7024086714 0.1468375921
0.7066426277 0.1433587819
0.7099922895 0.139832601
0.7136471272 0.1383452266
0.7176506519 0.1389474869
0.7215192914 0.1396917999
0.7254918218 0.1406030804
0.7293095589 0.1407900453
0.7322078943 0.1428590715
0.734839499 0.1490866691
0.7372485399 0.155349344
0.7390109301 0.1606524289
0.742010355 0.1694568545
0.7444601655 0.1781270206
0.7466300726 0.1891158521
0.7481780648 0.1957947463
0.7486777306 0.2009469867
0.7481776476 0.2065300494
0.7491409779 0.2131504267
0.7509425879 0.2181392908
0.7529326081 0.2235258818
0.7543122768 0.2297101021
0.7543702722 0.2371107638
0.7533180118 0.2461155504
0.7490006685 0.2535054982
0.7444496155 0.2624599338
0.7390478253 0.2729496658
0.7337113619 0.2843311131
0.7271406054 0.2928151786
0.7227016687 0.2998592854
0.7183486223 0.3040652871
0.7130993009 0.3061755002
0.7067677975 0.3057848215
0.6994637847 0.3059341013
0.6908476949 0.3060936332
0.6810836792 0.3094551861
0.6707234979 0.3145760894
0.6577400565 0.3200775683
0.645229876 0.3227566481
0.6355493069 0.3208462
0.6281668544 0.3180912137
0.6245751381 0.3148965538
0.6228274107 0.3097251654
0.6201723218 0.3070226908
0.6187361479 0.3028765917
0.6194145083 0.2986449599
0.6207270622 0.2942632437
0.6232671738 0.2885929048
0.6254907846 0.2828586996
0.6288694143 0.277092278
0.6345735788 0.272367835
0.6416486502 0.2663415372
0.6508437395 0.2600092888
0.6623122692 0.2550339699
0.6738425493 0.2513925731
