0.8530454636 0.18933402
0.8538656235 0.1840882152
0.8533565998 0.1754475087
0.852032721 0.1657220423
0.8497269154 0.1554762721
0.8447629213 0.1441089511
0.8412568569 0.1344833523
0.8389220238 0.1251480132
0.8369898796 0.1172159091
0.8352336884 0.1103733033
0.8350177407 0.1057354435
0.8357501626 0.1024708971
0.8378508091 0.09987922013
0.8429909348 0.1008983254
0.8483325243 0.1040834188
0.8544687033 0.1110448912
0.8626613021 0.119900547
0.8712659478 0.1284491569
0.8797259331 0.1364063174
0.8868393898 0.1436491609
