0.5091501474 0.5929419994
0.5120003819 0.5911250114
0.5143750906 0.5864715576
0.514641583 0.5798714161
0.512657702 0.5727226138
0.5100411177 0.564804554
0.5083901286 0.5570297241
0.5083531141 0.5506192446
0.5078446865 0.5439822674
0.506750226 0.537250042
0.5052716136 0.531816721
0.5043878555 0.5269828439
0.5043693781 0.523511827
0.5058596134 0.5234145522
0.5083879828 0.5244035721
0.5096333027 0.528257966
0.5114463568 0.5308452249
0.5138783455 0.5354266167
0.5176365376 0.5406615138
0.5229911804 0.5480196476
0.52866745 0.5559479594
0.5355927944 0.5640077591
0.5431073308 0.5713317394
0.550835669 0.5773826241
0.5567573309 0.5850077271
