0.5122753382 0.6753670573
0.5154969692 0.6708325148
0.5150066614 0.664527297
0.5125294328 0.6563090682
0.5114144683 0.6477971077
0.5118018389 0.6405112743
0.5139473677 0.634735465
0.5147810578 0.6290198565
0.51376158 0.6229636669
0.5124987364 0.6167752743
0.512316823 0.6121669412
0.5130899549 0.6094811559
0.5156723261 0.6090842485
0.5171136856 0.6102279425
0.5189182758 0.6122915745
0.5215269327 0.6140342951
0.5248940587 0.6194316745
0.5300198793 0.6229885817
0.534134984 0.6290841103
0.5384046435 0.6356999874
0.5443690419 0.6435614824
0.5512586236 0.6501590014
