0.5736705065 0.3525924981
0.5764404535 0.349424541
0.573926568 0.3395790458
0.5690835714 0.3235726357
0.565254271 0.3123552799
0.5635409355 0.3044554889
0.5625548959 0.2984893918
0.5603188276 0.2937163115
0.558591485 0.2910619974
0.5586316586 0.2884827256
0.5628168583 0.2870421708
0.5691295862 0.2887426019
0.5756458044 0.2960503101
0.5850032568 0.3069610596
0.595689714 0.3202400208
0.605717063 0.3324513137
0.6129329801 0.3394123912
0.6179714203 0.3443315029
0.6214835644 0.344745487
0.6242451072 0.3430594504
