0.8472597003 0.6857767105
0.8462893367 0.6815003157
0.8452554941 0.676379025
0.8445550203 0.6722562909
0.8428070545 0.6551870108
0.8423006535 0.6487190127
0.8416500092 0.6356935501
0.842757225 0.6260724068
0.8444069624 0.6207888722
0.8462147713 0.6156656742
0.8514487743 0.6129607558
0.8551160097 0.6142804623
0.8598268032 0.6185333729
0.8651502132 0.6243026853
0.8718104362 0.6328092813
0.8789350986 0.6397665739
0.8862278461 0.6461293697
0.8896355629 0.6486440897
0.8954812884 0.6524157524
0.9001252055 0.6555762291
0.9032354355 0.6563872099
