0.8469423652 0.3305563331
0.8482212424 0.3241801262
0.846694231 0.3153964877
0.8456833959 0.306261301
0.8440868855 0.294891119
0.8421512246 0.2846918702
0.839995265 0.274571836
0.8381844759 0.2652622163
0.837878108 0.2582708299
0.8372482061 0.2542674541
0.8353037238 0.2505078614
0.8354684114 0.2509109676
0.8385773897 0.2538111508
0.8433411121 0.2581070364
0.853520751 0.2687539756
0.8647267222 0.278606832
0.8740854263 0.2860501707
0.8837096691 0.2929033339
0.8918409348 0.2984636426
0.896958828 0.3011714816
0.9001686573 0.3025540709
0.900534749 0.3017299175
