0.6485338211 0.5034019947
0.649828434 0.501339674
0.6491845846 0.4986290038
0.6488945484 0.489031285
0.6490391493 0.4766089916
0.6497315168 0.4632694721
0.6499958634 0.4523563385
0.6493470073 0.442792058
0.6486240029 0.4343715906
0.6483175755 0.4280622005
0.6487288475 0.4244215786
0.6510033607 0.4242617488
0.6553974748 0.4287429452
0.6632225513 0.439063251
0.6713199615 0.4493538737
0.6790738702 0.4591853023
0.6867373586 0.4669849575
0.6941462755 0.4726712406
0.699159205 0.476226002
0.7031413317 0.4762877524
