0.7623118758 0.8571532965
0.7658829689 0.8478305936
0.7699934244 0.8375304937
0.7745081186 0.8288729191
0.778859973 0.8206263781
0.7827744484 0.812594533
0.7869731188 0.8046720028
0.7907016873 0.7990404367
0.7940822244 0.7941381931
0.7971457243 0.7900100946
0.8001715541 0.7890034914
0.8021960258 0.792673111
0.8047561049 0.7980591059
0.8080735207 0.8062154651
0.8114327192 0.8131593466
0.815651834 0.8211033344
0.8196796179 0.8278044462
0.8245877028 0.8339980245
0.828689456 0.8403993845
0.8326592445 0.8468028903
0.8348920345 0.8495746851
0.8358377814 0.8486067653
0.836140871 0.8456827402
