0.769116044 0.2892456949
0.7761683464 0.2910148799
0.7807023525 0.2906307578
0.7822986841 0.2828444839
0.7777761221 0.2723076642
0.7696822882 0.2589223683
0.7659149766 0.2484574765
0.7626355886 0.2413760722
0.7603163719 0.2364212424
0.760843873 0.23484914
0.765380919 0.2377705872
0.774366498 0.2442677021
0.7839594483 0.2507928908
0.7925732136 0.2565049231
0.8005821705 0.2607334256
0.8076812625 0.2651708722
0.8145166039 0.2693093121
0.8197108507 0.2726045251
0.8228628635 0.2751500309
0.8221551776 0.2751819491
0.8203900456 0.2746931016
