0.6655150652 0.8628368378
0.667191267 0.8608901501
0.6693331003 0.8589814901
0.6714037657 0.8479529023
0.6719115376 0.8312683702
0.6727269292 0.8145636916
0.6747477055 0.8013672233
0.6764783263 0.7911372185
0.6772449017 0.7820977569
0.6765970588 0.7746931314
0.6761010885 0.768312633
0.6774541736 0.7635375261
0.6788377166 0.759057343
0.6814508438 0.75696069
0.6839055419 0.7573964596
0.6890470982 0.7651407719
0.6927477121 0.7745169401
0.6958754063 0.7913678885
0.7002886534 0.8047960401
0.7040458918 0.8185691833
0.7094353437 0.8327938914
0.7144039273 0.8430069685
0.7173326015 0.8465351462
