0.5013664961 0.4262913764
0.5069123507 0.4280680418
0.510843575 0.4281526804
0.5122677088 0.4278020263
0.5130983591 0.4241264462
0.5134422779 0.4176062942
0.5122303963 0.4066930413
0.5118743181 0.3967690468
0.5116279125 0.3884349167
0.5119611621 0.3804544806
0.5132088661 0.3744032383
0.5134062767 0.369874537
0.5130365491 0.3676913083
0.5133169889 0.3660916388
0.5155395865 0.3655864
0.5216621757 0.3679979146
0.5273364782 0.3752655685
0.5348425508 0.3859122396
0.5454764366 0.3970354795
0.5544182658 0.4074532092
0.5617383718 0.4159796834
0.5705450177 0.4236826897
0.5791302919 0.4297506213
