0.6856546402 0.5758490562
0.6921378374 0.5832529068
0.6973381042 0.5904761553
0.6947972178 0.6014080048
0.6733795404 0.6268015504
0.6160959005 0.6660946608
0.5276377201 0.7033859491
0.5276377201 0.7033859491
0.505638063 0.7324379683
0.5004774332 0.7334576249
0.524623692 0.728973031
0.5575248599 0.7223265171
0.5778288245 0.7166247368
0.6135773659 0.696600318
0.6525682211 0.6593989134
0.6721502542 0.6261718869
0.6817822456 0.5801070929
0.6853078008 0.5360540748
0.6849573255 0.5086534023
0.6772398949 0.4708400369
