0.8555877805 0.2940596342
0.8549588323 0.2950485349
0.8565829396 0.2965881228
0.8611332178 0.2972252071
0.8656579256 0.2997954488
0.8710604906 0.3036991358
0.8730871081 0.3082639575
0.8777285218 0.3154122829
0.8841353655 0.3222403824
0.8906830549 0.3286695182
0.8950881958 0.3319639266
0.8980166912 0.3337619305
0.9015005827 0.333820641
0.904125452 0.3325467408
0.9066774249 0.3295398057
0.9071506858 0.3236204386
0.9053203464 0.3146341443
0.905375123 0.3064251542
0.9057340622 0.2973060608
0.9075726867 0.2888698578
0.9080225229 0.2812382579
0.9073673487 0.2741459906
0.9063155651 0.2688664794
0.905642271 0.2652814984

0.8718851805 0.2923975289
0.8760439157 0.2931569517
0.8838217258 0.2971888781
0.890714407 0.298635602
0.8975275755 0.3002375066
0.9053763151 0.3013008237
0.9154105783 0.3030520678
0.9258511662 0.3058297634
0.9351509809 0.3065399826
0.9414451122 0.3067021072

