0.8451601863 0.768266499
0.850905776 0.772305429
0.8569740057 0.7746602297
0.86490798 0.7781558037
0.876511395 0.7849987149
0.8844847679 0.7917295694
0.8920303583 0.7961193323
0.8986990452 0.7990573049
0.9021141529 0.799212873
0.9017438293 0.7946056128
0.9016420841 0.7880792022
0.9010319114 0.780189693
0.901919961 0.7735155821
0.9033186436 0.7647724748
0.9048217535 0.7573983669
0.9059776664 0.749409318
0.9070963264 0.7420935035

0.8781093359 0.7537787557
0.8823211789 0.7550586462
0.8915809989 0.7569926381
0.9032455683 0.7597388029
0.9152972698 0.7620301843
0.9307812452 0.7659915686
0.9444862008 0.7702081203
0.9560496211 0.7748060226

