0.8558578491 0.3503079414
0.8599053621 0.3531395793
0.86404562 0.3556902409
0.8666490316 0.3587435186
0.87081182 0.3648900688
0.8766890764 0.3712781668
0.8826785684 0.3774296045
0.8883043528 0.3823934197
0.8925273418 0.3869838715
0.8969438076 0.3904628158
0.9019682407 0.3911553323
0.9065762758 0.3884827495
0.9107536674 0.3844702542
0.9129115939 0.3800113797
0.9132962227 0.3747603893
0.9139621258 0.3684946001
0.9146043062 0.3618732691

0.8998463154 0.3556824327
0.9064145088 0.3599763811
0.9116113186 0.3651022315
0.9200216532 0.370534122
0.9299311638 0.3738123775
0.9395068884 0.3763937354
0.9478416443 0.3784731627
0.9546381235 0.3783676028

