0.5002622604 0.8517184854
0.501845181 0.8539016843
0.5103812218 0.8578691483
0.5179081559 0.8637857437
0.5259521008 0.8690847754
0.5313943624 0.8714312315
0.5356227756 0.8732330203
0.5407385826 0.8752359748
0.5475926995 0.8755784631
0.5532712936 0.873131752
0.5553746223 0.869113028
0.5555769205 0.8649040461
0.5553699136 0.8596597314
0.5547800064 0.854526341
0.5557737947 0.8498189449
0.5559549332 0.8448538184
0.5537436604 0.8397554755
0.5524581075 0.834153235
0.5508488417 0.8278114796
0.5489214063 0.8219943643
0.5479282737 0.8174405694
0.5478631258 0.8149782419

0.5330981612 0.8343120813
0.5361197591 0.8334735036
0.5451337695 0.8351310492
0.5549029708 0.8365353942
0.5647389293 0.83927387
0.573433578 0.8404462337
0.5800065398 0.8408563733

