0.5071687698 0.5327417254
0.5112189054 0.5325346589
0.5138887167 0.5344809294
0.5169110298 0.5383456945
0.5214565992 0.5416073799
0.5275195241 0.5444521308
0.5314027071 0.5464267731
0.5361187458 0.5488466024
0.5418156385 0.5507032871
0.5457825661 0.5500925779
0.5499369502 0.5472425818
0.5527946353 0.5432581902
0.5533628464 0.5388901234
0.5527666211 0.5339192152
0.5492529273 0.5282968283
0.5461332798 0.5230915546
0.5394178629 0.518024087
0.5339012742 0.5157946348
0.5296218395 0.5145589709
0.525806129 0.5152224302
0.5252236128 0.5165610313
0.5253454447 0.5169625282
0.5301632881 0.517789185
0.5369499922 0.5187979341
0.5450802445 0.5199561119
0.5541211963 0.5201744437
0.5632181764 0.5196455121
0.5696187615 0.5184568167
0.5749422312 0.5170242786
0.5786460042 0.5166353583

