0.8271015286 0.3742136955
0.8295682073 0.376667887
0.8351780772 0.3821196556
0.8380374312 0.3833321929
0.839135766 0.3846561909
0.8439953327 0.3902525902
0.8516062498 0.3974492848
0.8599543571 0.4035668373
0.8657838702 0.4068473876
0.8690242171 0.4090715051
0.8725411892 0.4094203413
0.8759405613 0.4090686738
0.8791811466 0.4071412683
0.8807120919 0.4034025371
0.8815993071 0.3977390826
0.8820123076 0.390520215
0.8836456537 0.3837993741
0.8852961063 0.3773898482
0.8856168985 0.3705278933
0.8871174455 0.3645472229
0.8879542351 0.3591816127
0.8880909681 0.3541706204

0.874002099 0.3754282594
0.8846319914 0.3766908944
0.8940355182 0.3790441453
0.9056460857 0.3823308051
0.9157127142 0.3854058087
0.9225497246 0.3879508078
0.9293872714 0.3889846802
0.935017705 0.3905213177

