0.6363083124 0.8820570707
0.6364555359 0.879678607
0.637640655 0.878934443
0.6407638192 0.8785088658
0.6474307179 0.8795906305
0.6547600031 0.879697144
0.661760509 0.8809533119
0.6684901714 0.882612288
0.6768346429 0.8839390874
0.6850731373 0.8844893575
0.6930776238 0.8843488693
0.700253427 0.8837317228
0.7057672143 0.8834915757
0.7102978826 0.8835393786
0.7118256092 0.8825539947

0.6348180771 0.9063639641
0.6312788129 0.9015814066
0.630068779 0.8882133365
0.6283900738 0.8715641499
0.6306989789 0.8599715233
0.6353849173 0.8515918255

0.7291499972 0.8959763646
0.7287185192 0.8856069446
0.7287003398 0.8772121072
0.7278256416 0.8653917313
0.7277945876 0.8553860188
0.7269471884 0.8441516757
0.7265441418 0.8354440928

