0.6233816147 0.8685178757
0.6282908916 0.8705245256
0.6361185312 0.871307075
0.644498229 0.870970726
0.6515001059 0.8687983751
0.6599488258 0.8667948842
0.6710195541 0.8697901964
0.6849663258 0.8740736246
0.6953830719 0.8758341074
0.7020494342 0.8741149306
0.7072538137 0.873450458
0.713103652 0.8748258352
0.7177606821 0.877553165

0.6232825518 0.8706179857
0.6208927631 0.8590108752
0.6213197708 0.8507552147

0.7175967693 0.8933880329
0.7173729539 0.8784911633
0.7117165923 0.8645270467
0.7098767757 0.857408762
0.7129331231 0.8533537388
0.715642035 0.8476461172

