0.8178395629 0.1867972165
0.8204248548 0.1851995587
0.8256281614 0.1827578843
0.8325596452 0.1802093387
0.8453211784 0.1798939258
0.8595117331 0.1799070686
0.8779699802 0.1819318831
0.898547411 0.1841526031
0.9130895138 0.1829688549
0.9260845184 0.1843903959
0.9326525927 0.1850840151
0.9323971272 0.1862462759

0.8300056458 0.2042823881
0.8280898333 0.2000029683
0.8297443986 0.197112754
0.8285016418 0.1881911308
0.8241359591 0.1773013771
0.8204008937 0.1687546223
0.8205615282 0.163334921
0.8218610883 0.15926072
0.823205173 0.1548479795

0.9397292733 0.2079122663
0.934607625 0.200661242
0.9348824024 0.192877233
0.9309145212 0.1820260584
0.9278395176 0.1733894348
0.9271838665 0.1665392369
0.926646471 0.1603173465

