0.6777334213 0.2279627174
0.6714575291 0.2224862874
0.6650862694 0.2150163352
0.6593632698 0.2084021568
0.6517896652 0.2031655014
0.6479343176 0.2027572691
0.6472650766 0.2056720406
0.6483101845 0.2062970996
0.6458520889 0.2036626041
0.6456927061 0.2033679038
0.6487901211 0.2048549056
0.6535791159 0.2043452412
0.6558229923 0.2029725164
0.6614221931 0.2037161589
0.6691182852 0.2040241212
0.6751718521 0.2029976696
0.6824621558 0.2019144893
0.6915377975 0.202000767
0.6993008256 0.2034012377
0.7078231573 0.2056352347
0.7155618668 0.2105090916
0.7214342356 0.2142935395
0.7262135744 0.2189305723
0.7290195227 0.2252550125
0.7282450199 0.2319654226
0.7246041298 0.2362919599
0.7210129499 0.2370873988
0.7152144313 0.2361649275
0.7107248902 0.2330806702
0.70538342 0.2293634266
0.701215744 0.2233514786
0.6970176697 0.2147421837
0.6909645796 0.2055326402
0.6850667 0.1960177124
0.6806809902 0.1877892315
0.6771815419 0.1805902719

0.6271172762 0.202656135
0.6266295314 0.2014463544

