0.8656478524 0.7710390091
0.8683270216 0.7721014619
0.8717112541 0.7730246782
0.8755867481 0.7719067335
0.8829387426 0.7728790641
0.8936518431 0.7748770714
0.9049587846 0.7762709856
0.9154553413 0.7759261131
0.928679347 0.7772976756
0.9409792423 0.7804858685
0.9504308701 0.7826519012
0.9588391185 0.784337759
0.9608058929 0.7882010937
0.9608358145 0.7922524214
0.9603410959 0.7969532609
0.9564436674 0.7999532819
0.9452451468 0.7996367812
0.9351142645 0.7979246378
0.9262501597 0.7930060029
0.9182996154 0.7878832817
0.9111044407 0.7803656459
0.9055291414 0.7740837932
0.9016410112 0.7686057687
0.8993704915 0.7642117143
0.8958019018 0.7602807879

0.8355813026 0.7666140199
0.8362603784 0.7675670981
0.8371022344 0.76727283

