0.8596060872 0.663112402
0.8627294302 0.6644071341
0.8676844835 0.6642100811
0.870816946 0.6627025604
0.8767229319 0.6627829075
0.8849170208 0.6638631821
0.8956088424 0.6644729972
0.9060587287 0.6640005112
0.9176383018 0.6654029489
0.9277004004 0.6679987907
0.9353481531 0.6710198522
0.9380954504 0.6770368814
0.9349982738 0.6849136353
0.9298779368 0.6915773153
0.9240586758 0.6940466762
0.9177420139 0.6938327551
0.9087789059 0.6882191896
0.900298655 0.6783890724
0.8935543895 0.6713971496
0.8896545172 0.6639788151
0.8865469098 0.6565793753
0.8842107058 0.6498903036
0.8836547732 0.6452256441
0.8823833466 0.6420199275

0.8297370672 0.6600806713
0.8308953047 0.6617532969
0.8321529031 0.6609401703
0.8332924843 0.6600735784

