0.8877652287 0.1489496678
0.8849526048 0.1458367109
0.8773355484 0.1417544782
0.8690562248 0.1343599856
0.8592293262 0.1293862462
0.8504807353 0.1270395368
0.8487430811 0.128110826
0.8483955264 0.1265369803
0.8504668474 0.1261924207
0.8582835197 0.1273896098
0.8660448194 0.1268005222
0.8746302724 0.1244057193
0.88745296 0.1243219748
0.905872345 0.1239800826
0.9209711552 0.1228769049
0.9306067824 0.120023571
0.9459063411 0.1229128689
0.9530537724 0.1309379637
0.955183804 0.1336231232
0.9521268606 0.1389047801
0.9503442049 0.14487198
0.9429543018 0.1470914036
0.9306823015 0.1449825913
0.9230498075 0.1424102634
0.914945364 0.1352788657
0.9089313745 0.1299176961
0.9047042131 0.124744758
0.9016648531 0.1187578365
0.8976477385 0.112167947
0.8957984447 0.1053800061
0.8945744038 0.1049466282
0.8908697367 0.103620261

0.8257837296 0.1228418201
0.8244252801 0.1239804626
0.8245922327 0.124987632

