0.776822567 0.7346947789
0.7783647776 0.7354691625
0.781409204 0.7353445888
0.7852215767 0.7336854935
0.7909365296 0.7321802974
0.7987164259 0.7326928973
0.8080722094 0.7359118462
0.8179283142 0.7377859354
0.8291728497 0.738633275
0.8395345211 0.7400482893
0.8494682908 0.7421537638
0.8584491014 0.7455034256
0.8627490401 0.74919945
0.8661972284 0.7537126541
0.8668084741 0.7578046918
0.8631588221 0.7616832852
0.8587058783 0.7645125389
0.8521159887 0.7627939582
0.8447836637 0.7582730651
0.8381361961 0.7526313066
0.8313935995 0.7453582883
0.8254979253 0.7387778759
0.8204821944 0.7322433591
0.8163266778 0.7266460657

0.7458519936 0.7318843007
0.748509109 0.7334502935
0.7493770123 0.7319765091

