0.5268504024 0.216501981
0.5328223705 0.2149789482
0.5384886861 0.2161024213
0.5424392223 0.2184907943
0.5453502536 0.2219050527
0.5467180014 0.2259988338
0.5469118357 0.2298215926
0.5462580323 0.2340910286
0.5446151495 0.2382846326
0.541015923 0.2435584366
0.5374947786 0.2478307635
0.5343644619 0.2521650791
0.5318493843 0.2558024526
0.5299917459 0.2589779496
0.5287198424 0.2613091469
0.5288761258 0.2629334629
0.5302934647 0.2635534108
0.535058558 0.2620064914
0.5415992737 0.2607925832
0.5507486463 0.2586175203
0.5620797873 0.2535882592
0.5724980235 0.2502095401
0.5812091231 0.2469403446
0.586686492 0.2428842187
0.5883232355 0.2388103306
0.5876437426 0.2343332469
0.5841319561 0.2298105508
0.5805364847 0.2257712483
0.5767461658 0.2234838307
0.5744031668 0.2197742313
0.5755285025 0.2188480198
0.5796331763 0.2196102589
0.586171031 0.2230060101
0.5924862027 0.2275541872
0.5969808102 0.2335012555
0.5997143984 0.240536198
0.6003267765 0.2501893938
0.6010372639 0.2556337714
