0.5474886298 0.4446873367
0.5494128466 0.4412877858
0.5483251214 0.435886234
0.5412529111 0.4268063307
0.5312709808 0.4164170325
0.5267935991 0.4073422551
0.5314118266 0.4018064737
0.5374744534 0.3961752057
0.5437531471 0.3928541541
0.5506414771 0.3925825953
0.5584792495 0.3950125575
0.5669837594 0.4000581205
0.5755317211 0.4104579091
0.5818777084 0.4170835614
0.5870170593 0.4216278493
0.5890263319 0.4225519598
0.5855938792 0.4197410941
0.5787690878 0.413639009
0.5719610453 0.4045269489
0.5708972216 0.3980645537
0.5748274326 0.3946993649
0.5793161988 0.3953307867
0.5868449211 0.4026606381
0.5924525857 0.4086218476
0.59893471 0.418320328
0.6046008468 0.4259277582
0.608468473 0.432815671
