0.5197241902 0.3486714363
0.523848772 0.3528551757
0.5315811038 0.3575552106
0.5413604379 0.3626260757
0.5471141338 0.3684976995
0.5525140762 0.3724641502
0.5599121451 0.3755238354
0.5658584833 0.3776730895
0.5720727444 0.3785329461
0.5788564682 0.3773962557
0.5824379921 0.3749364316
0.5842941999 0.3726985753
0.5851255655 0.369525671
0.5852415562 0.3656550348
0.5845855474 0.3613294363
0.5836634636 0.3575880826
0.5814993978 0.3544401228
0.5784814358 0.3518419862
0.5755767822 0.3503367901
0.572883606 0.3490589857
0.569820106 0.348974824
0.5662277937 0.3492844105
0.56287992 0.3504919708
0.5607181787 0.3526623845
0.5595171452 0.354937464
0.5591614246 0.3577759862
0.5596174002 0.3610126972
0.5611310601 0.3640948236
0.5640639663 0.3673484921
0.5664022565 0.3697749674
0.5688095093 0.3725703359
