0.7106766105 0.5623123646
0.7071740627 0.5599466562
0.7056714296 0.5587236881
0.7036975622 0.5559550524
0.7005906105 0.5499677658
0.6995178461 0.5462221503
0.6998199224 0.5426330566
0.7011173964 0.5384125113
0.704364419 0.5353079438
0.709187448 0.5348011851
0.715790987 0.5358743668
0.7226648331 0.5365594625
0.730289042 0.5376008749
0.7377505302 0.5384802818
0.7438548803 0.5381415486
0.7484611869 0.5365767479
0.7502773404 0.5331460834
0.7508941293 0.5302032828
0.7505742908 0.527253747
0.7493071556 0.524633348
0.7473294139 0.523019135
0.7459266782 0.5228680968
0.7452065945 0.5244265199
0.745536983 0.5262346864
0.7477499843 0.5295845866
0.7510359883 0.5323676467
0.7551585436 0.5344349742
0.7592940927 0.5354866982
0.763946712 0.5362116098
0.7683513761 0.536845088
0.7719388008 0.5375742316
0.7756040096 0.538988173
0.779673934 0.542399466
0.7839673758 0.546020925
0.7874165177 0.549069345
0.7899609804 0.5523202419
0.7915457487 0.5562703609
0.7926505804 0.55835253
0.7914589643 0.5590344667

