0.5977416635 0.6462709904
0.598125875 0.6432003975
0.5993232727 0.6416763663
0.6010477543 0.6345202923
0.6044915318 0.628365159
0.6093537807 0.625836134
0.6150752306 0.6230273247
0.6220793128 0.6213316917
0.6286981702 0.6205217838
0.6345794201 0.6210402846
0.6381348372 0.6185030937
0.6401032805 0.6158819795
0.6399220824 0.6115880013
0.6390165091 0.6078304052
0.6375176311 0.6059015989
0.6359571218 0.6074326634
0.6357756853 0.6103406549
0.6365470886 0.6135823727
0.6390096545 0.6171117425
0.6425645351 0.6210873127
0.6467472911 0.6245812178
0.6524093151 0.6281332374
0.6590707898 0.6296293139
0.6652761698 0.6309484243
0.6711788177 0.633261025
0.6778813004 0.6375758052
0.6836049557 0.6425586343
0.6866595745 0.6485697627
0.6871013641 0.6538569927

