0.719478488 0.7888102531
0.7179423571 0.7870938182
0.7152280211 0.7843766212
0.7152279615 0.7843766212
0.7141898274 0.7807608843
0.7149324417 0.7778728008
0.7170021534 0.7761419415
0.7201043367 0.7732201815
0.7248692513 0.772090435
0.7310944796 0.771641314
0.7382524014 0.7722064257
0.7446704507 0.7713469267
0.7502585649 0.7700020075
0.75436306 0.7676277757
0.7568814754 0.7641303539
0.7566499114 0.7604743242
0.7554022074 0.7575024366
0.7532269955 0.7553889155
0.750903666 0.7550115585
0.7496337891 0.7558796406
0.7493389845 0.7583563328
0.7510912418 0.7623682022
0.7544919848 0.7658966184
0.759706974 0.7686840296
0.7653904557 0.7709274888
0.7723533511 0.7727755308
0.7793951035 0.7747657299
0.7858455777 0.7766550183
0.7911271453 0.781306088
0.7947886586 0.7871320248
0.7968606949 0.7935640812
0.7977036834 0.798027575

