0.8378990293 0.6216388941
0.837970376 0.6204102039
0.8384102583 0.6183401346
0.8387960196 0.6146323085
0.8390920162 0.6110848188
0.840236187 0.6092150211
0.8419703245 0.6075975895
0.8442995548 0.6061925888
0.8472318649 0.6059118509
0.8511594534 0.6072871089
0.8553230762 0.6075589657
0.8601078391 0.6080668569
0.8647185564 0.6085525751
0.8690365553 0.6079695225
0.8730832934 0.6062396169
0.876943469 0.6047767401
0.8801063299 0.6030157804
0.8828176856 0.6009361744
0.8845798969 0.5990146399
0.8853983283 0.5975190997
0.8854103088 0.5960775018
0.8849462271 0.5949650407
0.8845206499 0.5949580073
0.8837734461 0.5951212645
0.8833373189 0.595693469
0.88334167 0.5962631106
0.8837990165 0.5971316099
0.8845598698 0.5980472565
0.8854112625 0.5992445946
0.886788547 0.6009916067
0.8884342313 0.6030435562
0.8901705146 0.6047968268
0.8921669722 0.6066813469
0.8941811919 0.6081267595
0.8968835473 0.6093953848
0.8996250629 0.610203743
0.9024935961 0.6100138426
0.9058328867 0.6088383794
0.9098047018 0.6077407598
0.9141192436 0.6061825156
0.9180992842 0.6050035954
0.9220458865 0.6043772101
0.9263448715 0.6044561863
0.9295922518 0.6064645052
0.9332107306 0.6090515256
0.9359616637 0.6128973961
0.9371078014 0.6163200736
0.9377911687 0.6206828356
0.9379594922 0.62489748
0.9371849298 0.6293410659
0.9359542727 0.6327183843
0.9347204566 0.6360936165

