0.8422236443 0.6995334625
0.8391610384 0.6998714209
0.8374513388 0.6965597272
0.8360639811 0.6935279369
0.8353930712 0.6904011369
0.8367056847 0.6892266273
0.838899374 0.6865786314
0.8423768282 0.6844648719
0.8469631076 0.6839841008
0.8523879051 0.6836555004
0.858166337 0.6831669807
0.8640173674 0.6824442744
0.868948698 0.6803643703
0.8724625707 0.6773475409
0.8746362925 0.6735432148
0.8767808676 0.6711285114
0.8772086501 0.6681890488
0.8766230345 0.6659781933
0.8755381703 0.664480269
0.8743982315 0.6640606523
0.8733611107 0.6643384695
0.8730223775 0.6657730341
0.8734226227 0.667502284
0.8750168681 0.6702857614
0.8774912953 0.6731346846
0.8813091516 0.6758660674
0.8858283758 0.6782111526
0.8911303282 0.6809127331
0.896930933 0.6821756959
0.9023454189 0.6826248169
0.9081763625 0.6824065447
0.913631618 0.6815114021
0.9192962646 0.6814866066
0.9245368838 0.6839148998
0.9286029339 0.6867866516
0.9314464331 0.6916787624
0.9318054914 0.6977801323

