0.5131424665 0.461478889
0.5134083033 0.4615911841
0.5126150846 0.457475692
0.5128629208 0.4539391994
0.5146158934 0.4514731169
0.5165709257 0.4491561353
0.5189777613 0.4467656016
0.521885097 0.4450252056
0.5260192752 0.4441155791
0.5296774507 0.4435064197
0.533570528 0.4430426657
0.5375680923 0.4437015355
0.5412243605 0.4440877438
0.5455110073 0.4440568388
0.5497843027 0.4430852234
0.5526991487 0.4413512945
0.555583477 0.4395238459
0.5571551919 0.4364643395
0.5580463409 0.432992667
0.5578594804 0.4292731583
0.557451427 0.4262948334
0.55659163 0.4239022732
0.5556337833 0.423319459
0.5548009872 0.4237701297
0.5544140935 0.4250497818
0.5548781753 0.4265333712
0.5561615825 0.4293461144
0.5581051707 0.4327299595
0.5598019361 0.435308814
0.5621529818 0.4384270608
0.564930141 0.4416104257
0.5676357746 0.4438440204
0.5705424547 0.4451022148
0.573541522 0.4447010159
0.576936543 0.4441665411
0.5807901621 0.4429558516
0.5846164227 0.4415680766
0.5885093808 0.4408458769
0.5924271941 0.4416126907
0.5957899094 0.4433271289
0.5987675786 0.446244657
0.6016228795 0.4509658217
0.6032139063 0.4560819268
0.60384655 0.460942775
0.603350997 0.4657426178

