0.624078095 0.3558682799
0.6221674085 0.3542037606
0.6216700077 0.3512100577
0.6221551299 0.3456718624
0.6220372915 0.3398174644
0.6239811182 0.3362563252
0.6271649599 0.3332285881
0.6316437125 0.3328379989
0.6369276047 0.3350095153
0.6434445381 0.3386118114
0.6492696404 0.3392180502
0.6554602981 0.3385159075
0.6598622203 0.3369916677
0.6630187035 0.3336797357
0.6646946669 0.3288012147
0.6656566262 0.3240495324
0.6654052138 0.3203900456
0.6635125279 0.3188114762
0.6618176699 0.3189262748
0.6607983708 0.3203075528
0.6598639488 0.3212999403
0.6596217752 0.3239921927
0.6615085602 0.3279757798
0.6640661359 0.3319275677
0.6685526371 0.3353011608
0.6725111008 0.3371701837
0.6763622761 0.3374971449
0.6811549664 0.3368569911
0.6855342388 0.3362756371
0.689904511 0.3348210156
0.6930578351 0.3352386355
0.6973559856 0.33899194
0.7011092901 0.3435378373
0.7031556964 0.3477192521
0.704218328 0.3525024056
0.7043339014 0.3583135307
0.7041173577 0.3625977337

