0.5128697157 0.216332078
0.5116091967 0.2134530693
0.5111652613 0.2098962665
0.510551393 0.2059590966
0.5126958489 0.2034942955
0.5169032812 0.201561138
0.5214241147 0.1995696425
0.5272631049 0.2001315802
0.5330600739 0.1999936551
0.5383517742 0.2000796199
0.5434348583 0.2005850822
0.5483198762 0.2007150054
0.5510379076 0.1971713156
0.5524480939 0.1928769797
0.5525559187 0.1888052821
0.552877903 0.1854259223
0.5512224436 0.1812270284
0.5498120189 0.1775432825
0.5483493209 0.1757924855
0.5473126769 0.1743846387
0.5469430089 0.1746364534
0.5471889377 0.1757562011
0.5483591557 0.1775960922
0.5498427153 0.1803182214
0.5523688197 0.1839076728
0.5556306839 0.1882922947
0.5592989922 0.1926965266
0.5637828112 0.1973238736
0.569246769 0.200448215
0.574390173 0.2018514127
0.5785885453 0.202388376
0.58289361 0.2024580985
0.5873588324 0.2018043548
0.5911134481 0.2014926821
0.5948549509 0.2017717659
0.598203063 0.202584222
0.6007725 0.2049052119
0.6036864519 0.2089434862
0.6057718396 0.214223817

