0.7795082331 0.1471133232
0.7828260064 0.1503929496
0.7868950963 0.1523939818
0.7902561426 0.1529831141
0.7929779291 0.1527669132
0.7961313128 0.1509967148
0.803881228 0.150395751
0.8093498945 0.1532974541
0.8151073456 0.1559262276
0.8199300766 0.1576673687
0.8285648823 0.1589772552
0.8285648823 0.1589772552
0.8347625136 0.1562992036
0.8385823369 0.1566933244
0.8373973966 0.1558079422
0.8306875229 0.1507993042
0.8219271898 0.1462014914
0.8130422831 0.1431633085
0.8043980598 0.1374152899
0.7965202332 0.128960073
0.7929412127 0.1222225577
0.7923275232 0.1169592366
0.7944128513 0.1112999097
0.7985651493 0.1064001918
0.8066720366 0.1045781523
0.8154541254 0.1056957766
0.8252336979 0.108416833
0.8348037004 0.1122907549

0.7690417171 0.1095608175
0.76273036 0.1033177674
0.7569108009 0.0916620791
0.7526136637 0.08409760892

