0.8735514879 0.4198574722
0.8735514879 0.4198574722
0.8793905377 0.422344476
0.8882787228 0.4242536426
0.8960748911 0.4231901765
0.9057237506 0.4245004058
0.9171895385 0.4269469976
0.9257031679 0.4275731444
0.9290642142 0.4252671599
0.9333977699 0.4263938367
0.9333313704 0.4276838303
0.9281363487 0.4274135232
0.9207630754 0.4252056181
0.9125968218 0.4232429862
0.9041569233 0.4204521179
0.89540416 0.4160757661
0.8882260919 0.4109684527
0.8834019899 0.4059544206
0.8804844618 0.4011169076
0.8794094324 0.3959992528
0.8811359406 0.392665714
0.8887028694 0.3901094794
0.8957585692 0.3887359798
0.9045293331 0.3892582655
0.9141894579 0.391510576
0.924253583 0.3947968781

0.856127739 0.3917498887
0.8544247746 0.3894390464
0.8525110483 0.3841960132
0.8490390778 0.3780342937

