0.8456146717 0.4654040933
0.8470261693 0.4645745158
0.850289166 0.4640082717
0.8554309011 0.4652355909
0.8614798188 0.4676019847
0.8685186505 0.4687063396
0.8765978217 0.4694989324
0.8839811683 0.4719581902
0.8897721767 0.4737411737
0.8943349123 0.4744262993
0.8969471455 0.4755832553
0.8965247869 0.4757386446
0.8909076452 0.4726252854
0.8875226974 0.4713409543
0.8822168112 0.4687755108
0.8759092093 0.4642943442
0.8708326817 0.4600494206
0.8668185472 0.4557513297
0.8635125756 0.4516231716
0.8619481325 0.447219342
0.8633350134 0.4443572462
0.8656822443 0.4419882298
0.8692167997 0.4402092695
0.8742867112 0.4392414093
0.8810074329 0.4401258826
0.8877346516 0.4409351051
0.8941313028 0.4423142672
0.8998543024 0.4443776011
0.9037719965 0.4470976591
0.9053505063 0.4466634393

0.839661479 0.4423868656
0.8358700275 0.4355980754
0.8348075151 0.43102777
0.833029151 0.42634359
0.8287900686 0.4208940268

