0.8166919351 0.8521602154
0.8235737085 0.8543668985
0.8278872371 0.8547168374
0.8330924511 0.8555807471
0.8416119814 0.8585669398
0.8501845598 0.8613219261
0.8559453487 0.8628234863
0.859274745 0.8632132411
0.8599298 0.8627742529
0.8565403223 0.8609300256
0.8529876471 0.8590762019
0.8483170271 0.8563833237
0.8424259424 0.8523161411
0.8373532891 0.8477128744
0.8337694407 0.843146503
0.8318167925 0.8380801678
0.8310803771 0.8326746821
0.8329448104 0.8282949328
0.8365119696 0.8255152702
0.8435200453 0.8249407411
0.8499386311 0.8245123625
0.8580565453 0.8268927336
0.8637298346 0.8290092349

0.8115854859 0.8208384514
0.8097682595 0.8153294921
0.8085873723 0.8100178838
0.8077204227 0.8049833179
0.8056161404 0.8009017706

