0.6453537941 0.7873558998
0.6485888958 0.7855018377
0.6530166268 0.7864236832
0.6578618884 0.7873594165
0.662845552 0.7880491614
0.6698176265 0.7898005843
0.6743195057 0.7915882468
0.6769057512 0.7936640978
0.6775893569 0.7937319279
0.6768954992 0.792393744
0.6736143231 0.7904996872
0.6685937643 0.7871329784
0.663725853 0.7818632722
0.6588032842 0.7765541673
0.6539027691 0.7706331015
0.6508727074 0.76404351
0.6511722803 0.7581065893
0.6526767612 0.7542781234
0.6560837626 0.7529150844
0.6614340544 0.7535341382
0.6675109863 0.7557989955
0.6712302566 0.7572863698
0.6742677093 0.7593625784

0.6194258928 0.7561812401
0.6129298806 0.7480569482
0.6099026799 0.7420116067
0.6075936556 0.7377542257
0.6047091484 0.7366248965

