0.7534070015 0.3665129244
0.7581195831 0.3683295548
0.7620153427 0.3672552705
0.7674167752 0.3677400351
0.7753782272 0.3703225255
0.7820853591 0.3708674014
0.7880170941 0.3711792529
0.7945514917 0.3730204105
0.7981892824 0.3737245798
0.7969819307 0.3730175197
0.7931038141 0.3708299994
0.7879018188 0.3684980869
0.7813904285 0.3657420278
0.7748762965 0.3615973592
0.769498229 0.3570725322
0.7665920854 0.3527058959
0.7651767135 0.3480048478
0.7666845322 0.3429306149
0.7707015276 0.3410348892
0.776063621 0.3410831392
0.7826479673 0.3424658775
0.7893663049 0.3435075283
0.7942733765 0.3452650905

0.7358044982 0.3486239314
0.7325465679 0.3433119059
0.730335474 0.3372686803
0.7276580334 0.3315258026
0.7243534327 0.3293031454

