0.874157548 0.3374676108
0.879140377 0.3375104666
0.8868077993 0.3380494118
0.8921056986 0.3375269175
0.904338479 0.3416158557
0.9188957214 0.3463335633
0.9238468409 0.3462685943
0.9254578352 0.3467563391
0.9264293909 0.3461768031
0.9210929871 0.3429657221
0.913444519 0.3396579921
0.9072160721 0.3373667002
0.9008127451 0.3321250379
0.8952869177 0.3258020282
0.8939495683 0.3211018443
0.8959773183 0.3153982162
0.9005745649 0.3104361296
0.9063415527 0.3082117736
0.9159302711 0.3078784347
0.927313149 0.3099223673
0.9356748462 0.313952744
0.9399658442 0.3159631789

0.8619080186 0.3045581579
0.8566476107 0.2990237474
0.8512578011 0.291061312
0.8491120338 0.2886739373
0.8468905091 0.2879513502

