0.7619664073 0.2769124806
0.7595472336 0.2793851793
0.7573948503 0.2801781595
0.7563225031 0.2821559012
0.7566364408 0.2873726487
0.7587338686 0.2941885889
0.7631042004 0.2993567288
0.7686514854 0.3034827709
0.775916934 0.3071065247
0.7834210992 0.3092177808
0.7894819975 0.308637023
0.7936815023 0.3042306006
0.7953158617 0.2977921367
0.795247674 0.2910701931
0.7921067476 0.2853550017
0.7875801921 0.2807697654
0.7822247744 0.2770336568
0.7766695619 0.274545908
0.7706024051 0.2738695145
0.766184926 0.274202019
0.7636051178 0.2765773833
0.7627058625 0.2797666192
0.7651078701 0.2815285027
0.7683991194 0.2812547982
0.7716845274 0.2800613642
0.7760996819 0.2782284617
0.7810488939 0.2760142982
0.785926342 0.2726979852
0.7909196019 0.2696652114
0.7950617075 0.2661163211
0.7978255153 0.262088269
0.7986744046 0.258449018
0.7985014319 0.256001085
0.7983161807 0.2566110194
0.7987705469 0.2594563961
0.8006458282 0.2634289265
0.8035937548 0.2670586109
0.8077296019 0.2709794044
0.8122335672 0.2742148638
0.8181757927 0.2749916315
0.8232374191 0.2746235132
0.8249695301 0.2724462748
0.8271232843 0.2724117935

