0.6422426701 0.1418150663
0.6433256865 0.1496413648
0.6447555423 0.1530772895
0.6492087841 0.1573116779
0.6551246643 0.163911134
0.6630313396 0.1692251563
0.6702103615 0.1692685038
0.6733293533 0.1667838395
0.6732642651 0.1614777595
0.671459794 0.1548498273
0.6686789989 0.146201998
0.6631585956 0.1363066435
0.6566710472 0.1286527216
0.6509456635 0.1256420165
0.6456819773 0.1270845085
0.6424748898 0.1314067245
0.6444408298 0.1351698339
0.6487235427 0.1376706362
0.6536726952 0.136981681
0.6585794687 0.1357506812
0.6636770368 0.1345175356
0.6666075587 0.1312573701
0.6688180566 0.1260684729
0.6708885431 0.1197857559
0.6717101336 0.1143094227
0.6707776785 0.1084186956
0.671327889 0.1078373939
0.6748532653 0.1137913316
0.6810628176 0.1220675781
0.688216567 0.1260298789
0.6956342459 0.126776576
0.7009550333 0.1265228093
0.7041520476 0.1231324002
0.7043249607 0.1180316359
0.7020388842 0.111122027

