0.6316001415 0.452465713
0.6544029713 0.4796689749
0.6544029713 0.4796689749
0.6544029713 0.4796689749
0.6632369161 0.4828084707
0.6659741402 0.4766722918
0.6676184535 0.4714273214
0.6683657169 0.4633132219
0.6640703678 0.4537302852
0.6560499668 0.4452404976
0.6495704651 0.4410052896
0.6416355968 0.4384759068
0.6343300939 0.4383662939
0.631647706 0.4431653023
0.6339212656 0.4473758936
0.6397813559 0.4496591091
0.6448092461 0.4484710991
0.649834156 0.444496572
0.6546969414 0.4409644008
0.6584862471 0.4363598824
0.6622205973 0.4301235974
0.6644917727 0.4232131541
0.6649644375 0.4183860421
0.6657626629 0.4187247753
0.6690120697 0.4263181686
0.6753746271 0.4350504577
0.6828227639 0.440176636
0.6895464659 0.4396215081
0.6938636899 0.4356718659
0.6964867711 0.4308156669
0.7001599073 0.4244465232
0.7029613256 0.4197972417
0.7013156414 0.4179656208

