0.7922363877 0.1187876016
0.7929580212 0.1180952638
0.7929300666 0.1191191226
0.7953159213 0.1260912418
0.8001103997 0.1371194422
0.8055281639 0.1409643143
0.8099868894 0.1427207291
0.8152907491 0.1444710493
0.8190886378 0.143577069
0.8214003444 0.1397170871
0.8228869438 0.1349531412
0.8223628402 0.128963545
0.8203824759 0.1218499839
0.8170790076 0.1172730699
0.812898159 0.1144341752
0.8080502748 0.1099755317
0.8022802472 0.1079075485
0.7987349033 0.1108819246
0.796972394 0.1145444363
0.796594739 0.1137456298
0.7972963452 0.1126551926
0.7993686795 0.1147572175
0.8037021756 0.1170838699
0.8067690134 0.1139444187
0.8118392229 0.1135147288
0.8159036636 0.1156766266
0.820310533 0.1171825752
0.8232450485 0.1138658449
0.8264115453 0.1129592657
0.8288867474 0.1102518439
0.8293422461 0.1046294644
0.8297691345 0.09947960824
0.8296752572 0.09491671622
0.8292071223 0.09070059657
0.8273629546 0.08635584265
0.8262821436 0.08391337097
0.8260369301 0.08562728018
0.8257974982 0.08695439249
0.8242315054 0.08792688698
0.825673759 0.09264355153
0.8271890283 0.09868493676
0.8293671012 0.1046296656
0.8315359354 0.1090204492
0.8370507956 0.1129609421
0.8432334661 0.1112846434
0.8474043608 0.1078492552
0.8537946939 0.1035720035
0.8579273224 0.09829641134
0.8558124304 0.09453804791
0.8566452265 0.0962087065

