0.5517320037 0.08425267041
0.552146256 0.0937070474
0.5520493984 0.0981951952
0.555005312 0.1050661355
0.5606267452 0.1151805818
0.5675270557 0.1217185631
0.5731650591 0.1244208068
0.5800571442 0.1257100999
0.5852098465 0.1263302416
0.5893697143 0.1249923259
0.5922915339 0.1207625642
0.5916814804 0.113983579
0.59118402 0.1078190133
0.5891451836 0.1029342636
0.5848975182 0.09651215374
0.5774365664 0.08932941407
0.5708717704 0.0871174857
0.5644865632 0.08498547971
0.5577786565 0.0815109238
0.5528548956 0.0793780759
0.5509095192 0.08132656664
0.5509579182 0.08332779258
0.55391258 0.0839868784
0.556863308 0.08532837778
0.5604747534 0.08589629084
0.5646583438 0.08597110957
0.5693981647 0.08785746992
0.574272275 0.0896942094
0.5787943006 0.08963686228
0.5830373764 0.08722263575
0.5875356197 0.08657857776
0.5906690955 0.0839163065
0.5928374529 0.07929352671
0.5928438902 0.07254882157
0.5927268267 0.06749566644
0.5935698748 0.06593161076
0.5949698687 0.06586571038
0.5957455635 0.06560565531
0.5950917006 0.06453341991
0.5949828625 0.06553289294
0.59519732 0.06638494879
0.5949694514 0.06743617356
0.5940463543 0.06800957769
0.5930479765 0.06918720156
0.5929846764 0.07104625553
0.5949227214 0.07621267438
0.5991514921 0.08540464193
0.6032363176 0.09335807711
0.609854877 0.1031483188
0.6175758243 0.1108062565
0.6215052605 0.1092365161
0.6238088012 0.1024434566
0.6215589046 0.09354436398

