0.5500965118 0.700447917
0.5503022671 0.7034993768
0.5506441593 0.7059863806
0.5511850119 0.7091127634
0.5515096784 0.7118501663
0.5522285104 0.7145386338
0.5558356047 0.7182021141
0.5587642789 0.721416831
0.561208427 0.7236767411
0.5653627515 0.7257541418
0.5681649446 0.7272965908
0.5705934167 0.7277210355
0.5726991892 0.7257492542
0.5767436624 0.7245712876
0.5767436624 0.7245712876
0.5773946047 0.7194814086
0.5790387392 0.7147101164
0.577026248 0.7075722218
0.5716499686 0.6995506883
0.5682269335 0.6949980259
0.5634949207 0.6945884228
0.558172524 0.6937718391
0.5520683527 0.6922287941
0.5451754332 0.6934571266
0.5410248637 0.6963207722
0.5413430929 0.6960017681
0.5437777638 0.6952011585
0.551949501 0.6954851151
0.5582250357 0.6946130991
0.5635298491 0.6919039488
0.5697214603 0.6889520884
0.5744689107 0.6833149195
0.5781553984 0.6785696745
0.5806918144 0.6730917096
0.578348279 0.6663895845
0.5737993717 0.6618409753
0.5731514692 0.6640814543
0.5743438005 0.6725359559
0.579742074 0.681260705
0.586715579 0.685678184
0.5947425961 0.6918284893
0.602609396 0.6952757239
0.6096221209 0.6941637993
0.6130666137 0.6924751997
0.6130893826 0.6901501417

