0.5489565134 0.6223065853
0.5498486757 0.628749907
0.5521675944 0.6336866617
0.5556194782 0.637552917
0.5603775978 0.6415514946
0.5657480955 0.6435910463
0.5715148449 0.6423908472
0.575414896 0.6390157938
0.5788155198 0.6351200342
0.5797520876 0.6287370324
0.5795554519 0.6221297979
0.5742338896 0.6151923537
0.5700393319 0.6103445888
0.5643036962 0.6107735634
0.5583052039 0.6111705303
0.5526390076 0.613183856
0.5489293933 0.6160265207
0.5475126505 0.6166141629
0.5482094288 0.6166881323
0.5506794453 0.6175522804
0.553825736 0.6175525784
0.5571106076 0.6177530289
0.561032176 0.617010355
0.5657374263 0.6142111421
0.56879282 0.6089605093
0.5714582801 0.6033754945
0.5738614202 0.597335279
0.5750693083 0.591148138
0.5734926462 0.5855391622
0.5722890496 0.582295835
0.5725947618 0.5827135444
0.574403882 0.5862590671
0.5793858171 0.5913442969
0.5854014754 0.5944725275
0.5917850733 0.5978490114
0.5977419615 0.5999361873
0.6023642421 0.5997327566
0.6053471565 0.5983141661
0.6074505448 0.5961539745
0.6069503427 0.5927174687

