0.7220900059 0.7446861267
0.7247383595 0.7443628907
0.7302761078 0.7453350425
0.7363020778 0.7464965582
0.7430720925 0.7473375797
0.7488539219 0.7469680309
0.7556121945 0.7478858232
0.7644686699 0.7500569224
0.7737593055 0.7522628903
0.7809635997 0.7530011535
0.7870115638 0.7532557249
0.7912912369 0.753275156
0.7945439816 0.7536176443
0.7959828377 0.7536315322

0.7279832363 0.7435261011
0.726408124 0.7387005091
0.7252019644 0.7332421541
0.7239586711 0.725410223
0.7226968408 0.7183183432
0.7219582796 0.7107304335
0.7216278315 0.7043193579
0.7221013904 0.6989233494
0.7230272293 0.6959452033
0.7249865532 0.6951693892

0.7658836246 0.739890039
0.7648854256 0.7355139852
0.7643072605 0.7306913137
0.7649515271 0.7257676721
0.7647020817 0.7192875147
0.7634674311 0.7129894495
0.7635345459 0.7079704404
0.7651004791 0.7041307688
0.7664511204 0.7004015446
0.76787889 0.6978181601

0.7951015234 0.7459796667
0.7955238223 0.7426743507
0.7968690395 0.7382027507
0.7974528074 0.731896162
0.7969124913 0.7234123945
0.7962914705 0.7162824869
0.7965907454 0.7089292407

