0.7282688618 0.8365414143
0.7291543484 0.8398979902
0.7297309637 0.8435535431
0.7302802801 0.8466099501
0.7293212414 0.8506311178
0.7277560234 0.8558645248
0.7263846993 0.8615815043
0.725048244 0.8669075966
0.7252808809 0.8695088029
0.7249204516 0.8730368018
0.7242860794 0.8768885136
0.7238494754 0.8809227347
0.7258119583 0.883005619
0.7284585834 0.8829860687
0.7318413854 0.8827794194
0.7357654572 0.8831747174
0.7406257987 0.8839416504
0.7466708422 0.8842618465
0.7521623373 0.8841637373
0.758084774 0.8848003149
0.7643926144 0.886280477
0.7709261179 0.8884354234
0.7757962942 0.89166677
0.7794154882 0.8942761421
0.7828774452 0.8967565298
0.7853432298 0.8991490602
0.7873287201 0.9010259509
0.7886040211 0.9027278423
0.7889289856 0.9015697241
0.7896846533 0.9000278711
0.7905204296 0.897954464
0.7917729616 0.8960330486
0.7932417989 0.8923809528
0.7944927216 0.8866745234
0.7954752445 0.8810911775
0.7964062691 0.8754153252
0.7971298695 0.8691886067
0.7976200581 0.8623483181
0.7972172499 0.8549417853
0.7972419262 0.8484055996
0.7973512411 0.8434687853
0.7974081635 0.8407804966

0.7553443909 0.8784085512
0.7571274042 0.8718451262
0.7576078176 0.8571392298
0.7588182092 0.8447751999

