0.8394283056 0.2771756351
0.8420012593 0.2820281386
0.8448153138 0.286236316
0.8450590372 0.2890828848
0.8433505893 0.2949551344
0.8427566886 0.3015796542
0.8438390493 0.3096621037
0.8454169035 0.316054523
0.8457302451 0.3206098378
0.8438603878 0.3233957887
0.8427639604 0.3251341879
0.8425453305 0.3260880709
0.8428099751 0.3278572857
0.8425347805 0.3291374743
0.8412166834 0.3293765485
0.8390491009 0.3271895051
0.8359174132 0.3240149319
0.832811892 0.322478652
0.8289820552 0.3226971328
0.824042201 0.3227802813
0.8171670437 0.322370261
0.8080661297 0.3200929761
0.7987863421 0.3181234896
0.7895362973 0.3164074123
0.7805695534 0.3160443604
0.7725704908 0.3155606389
0.7649194002 0.3149976134
0.7579015493 0.3144432008
0.7525057197 0.3137375712
0.748188138 0.3132815361
0.745811522 0.3122478724
0.743499279 0.3108556867
0.7426041365 0.3088647127
0.7424201965 0.3059971631
0.74203825 0.302641362
0.7424036264 0.2987064123
0.7430483103 0.2932471335
0.7432006598 0.2872610688
0.7440210581 0.2813451886
0.7451246381 0.2751421928
0.7468098402 0.2695569694
0.7485406399 0.2650651336

0.8013478518 0.3131393194
0.7975255847 0.3085522652
0.797279954 0.3005266786
0.7990558743 0.2930052876
0.7996355891 0.2838220298
0.7996897697 0.2753770351
0.8010115623 0.2698509991

