0.6036224365 0.3056470752
0.6023093462 0.3092420995
0.6036970615 0.3157683611
0.6053709388 0.3210144043
0.605066359 0.3249008656
0.6035557985 0.3285274506
0.6030324697 0.3337800205
0.6030845642 0.3392668366
0.6041107178 0.3442637026
0.6040504575 0.3472979665
0.6039875746 0.3490746915
0.6044360399 0.3502232432
0.6061618328 0.3510916531
0.6106131673 0.3523373008
0.6153694391 0.3538484275
0.6202763319 0.3550073206
0.6249884963 0.3550646007
0.6319172978 0.3547518253
0.6390852928 0.3566119671
0.6481913328 0.3601323664
0.6553298235 0.362475127
0.6602067351 0.3644120991
0.6656473279 0.3659029007
0.6709768772 0.3668838143
0.6751095653 0.3670626283
0.6765915751 0.3638741374
0.6768320799 0.3575852811
0.6775397658 0.3511891961
0.6784918308 0.3447190225
0.6795619726 0.3363400102
0.6805979609 0.3283745348
0.6813802719 0.319903791
0.68337363 0.3125035465
0.6846971512 0.3069038093

0.6409389377 0.357644856
0.6369053721 0.3512923717
0.6361849308 0.3444373608
0.6353441477 0.3351567984
0.635422051 0.3234249353
0.6359955668 0.312174648
0.6374107599 0.3008121252

