0.5158214569 0.3915204406
0.5175699592 0.3928100467
0.5193290114 0.3940139413
0.5224480629 0.3954279721
0.5264893174 0.3974149525
0.5322275162 0.398968935
0.5391706824 0.4013549984
0.5464059711 0.4038255811
0.5530874133 0.4053092003
0.5588735342 0.4052765369
0.5637075305 0.4045808613
0.5665489435 0.4028419554
0.56890136 0.4007356167
0.5705168247 0.3977222443
0.5702544451 0.3938569725
0.5683099627 0.3879468441
0.5664605498 0.382316649
0.5650264025 0.376609087
0.5639567971 0.3694855869
0.5631459951 0.3623633087
0.5619374514 0.3554224372
0.5613321066 0.3502810597

0.5192753673 0.3958700001
0.5182963014 0.3921467364
0.5179895163 0.3858352005
0.5171658993 0.3766343296
0.5156118274 0.3668175638
0.5145261288 0.3563422859
0.5144268274 0.347863853
0.5156575441 0.342520088

0.5463237166 0.3924796283
0.5486968756 0.3892273605
0.5493817329 0.3849042058
0.5469831228 0.3787530363
0.5438990593 0.372344166
0.5412822366 0.3656978905
0.5388897061 0.3594923019

