0.7336993814 0.3284385204
0.7339189053 0.3270177543
0.7360193729 0.3280648887
0.7402028441 0.3279077709
0.7442128658 0.3274251223
0.7518926263 0.3274873495
0.7601920366 0.3282441497
0.7686479092 0.3295861781
0.7772375941 0.3311505616
0.7862192392 0.3320584893
0.794223547 0.3326970041
0.8021455407 0.3336191773
0.8087126613 0.3340761662
0.8127837777 0.3344030976
0.8131653666 0.3332522511
0.8144030571 0.3317670226
0.8134707212 0.3291295767
0.8120344281 0.3251422346
0.8107331991 0.3199064136
0.8073406816 0.3123321831
0.8048867583 0.3044986129
0.803471446 0.2952624559
0.8025404215 0.2873427272
0.8017452955 0.2785693109
0.8011776209 0.2719519436
0.8007113934 0.2667995989

0.738679409 0.3234722018
0.7381460667 0.318688333
0.738493681 0.3125705421
0.7381030917 0.3058818579
0.7365998626 0.2979306877
0.7366260886 0.2890036702
0.7364572287 0.2798041701
0.7364834547 0.271368593
0.7370345592 0.2665414214

0.7774293423 0.3257918358
0.7768366337 0.3196063638
0.777015388 0.3136742413
0.7768756747 0.3063655198
0.7760814428 0.2975329757
0.7749997377 0.2883495986
0.7753530741 0.2823062837

