0.8119831085 0.442181617
0.8140784502 0.4493588209
0.8139193058 0.4569205046
0.8137065172 0.465062499
0.8148025274 0.4717075527
0.8153750896 0.4776439667
0.8151400089 0.4813449383
0.8144459724 0.4837400317
0.813395381 0.4854008555
0.8131297827 0.4862739444
0.8123562336 0.4864693284
0.8110861182 0.4863154292
0.8103032112 0.486174047
0.8098547459 0.4854816496
0.8082513809 0.48498559
0.8052815199 0.484705478
0.8001321554 0.4836952686
0.7951703072 0.4830012321
0.7883561254 0.4823901653
0.7811173797 0.4818233252
0.7738447189 0.4815302193
0.7670187354 0.4813483357
0.760725677 0.4816074371
0.755813241 0.4824956357
0.7522402406 0.4825983644
0.748706758 0.4821312428
0.7456117272 0.4814670384
0.7435130477 0.4799056649
0.7424342036 0.477802217
0.7425847054 0.4738606513
0.7415436506 0.4696344137
0.7398546338 0.4641326964
0.7380679846 0.4577466249
0.7372118235 0.4499188662
0.7366719246 0.4420545399
0.7364646792 0.4344919026
0.7357269526 0.427326262
0.7350046635 0.421294421

0.7729687095 0.4784172475
0.7750769258 0.4725116193
0.7765429616 0.465046972
0.7777242661 0.4553923011
0.7792423964 0.4473432899
0.780299902 0.4386430979

