0.6482752562 0.8805412054
0.6490071416 0.8839569092
0.6488708258 0.8896741271
0.6486262083 0.8965762258
0.6477698088 0.9006881714
0.6461017132 0.9033863544
0.6455673575 0.9078104496
0.6447389722 0.9149588943
0.6430779696 0.9233611822
0.6415191889 0.9292056561
0.6407780647 0.9303309917
0.6405472755 0.9304813147
0.6402568221 0.9338724017
0.6403576732 0.9369761944
0.64158535 0.937608242
0.6438602805 0.9367004037
0.646705091 0.9356458187
0.6496978998 0.9367220998
0.6538623571 0.9369223118
0.6577138901 0.9375035167
0.6626608968 0.9376006126
0.6683742404 0.9362467527
0.6752371192 0.9374554157
0.6812443733 0.9390416145
0.6875437498 0.9416374564
0.6940697432 0.945001781
0.7007573843 0.9466291666
0.7057377696 0.9466788173
0.7083579302 0.9480577707
0.7120856047 0.9488530159
0.7158820629 0.9486953616
0.719776988 0.9482882023
0.7227761745 0.9457185864
0.7245474458 0.9420791864
0.7248302698 0.9363948107
0.7253032923 0.9329679012
0.725687027 0.9281175137
0.7262490392 0.9229229093
0.726621747 0.9159715176
0.7257237434 0.9081465006
0.7242834568 0.9002602696
0.7233321071 0.8940570354
0.7228783965 0.889089942

0.6770476103 0.9410329461
0.6760445237 0.9315688014
0.6761604548 0.9213240743
0.6748888493 0.9114185572
0.6747931242 0.9024568796
0.6764608622 0.8947896361
0.6787646413 0.8890719414

