0.9483062029 0.5304684639
0.9498633146 0.5343692303
0.9526617527 0.5387679338
0.9522610903 0.5448169112
0.9506765604 0.5526841879
0.9505506158 0.5577533245
0.9523692727 0.5625754595
0.9548284411 0.5681734085
0.9558371305 0.5714073181
0.9545585513 0.5744302273
0.9531394243 0.5756488442
0.9539543986 0.5760158896
0.9552405477 0.5777285099
0.9569190741 0.5788371563
0.9549995661 0.5769807696
0.9511988759 0.5747719407
0.9466790557 0.5728164911
0.940851748 0.5703907609
0.9334081411 0.5691713095
0.9239663482 0.5680525303
0.9148321152 0.5665413141
0.9048503041 0.5658896565
0.8969529271 0.5657157898
0.8895345926 0.5660226345
0.8826765418 0.5668519735
0.8768645525 0.5681209564
0.8721199036 0.5678470135
0.8685072064 0.5670602918
0.8666433096 0.565993309
0.8663119674 0.5645507574
0.8676730394 0.5637432933
0.8671159744 0.5630630851
0.8669492006 0.5610706806
0.8670592308 0.556545794
0.8666269779 0.5516044497
0.8668595552 0.5451979637
0.8672919273 0.5392928123
0.8678934574 0.5334113836
0.8674534559 0.5258819461
0.8677262068 0.5192533731
0.868441999 0.5136585832

0.9082779288 0.5655308962
0.9084070921 0.56082654
0.9110926986 0.5542544723
0.9141790867 0.5431605577
0.9130672216 0.5325148702
0.9121949673 0.5232555866

