0.6495850086 0.7150033116
0.6491959095 0.7113519907
0.6484814286 0.7046359181
0.647703588 0.6991105676
0.6458175182 0.6917302608
0.6443785429 0.6879252791
0.6414088011 0.6858290434
0.6386130452 0.6856868863
0.636175096 0.6883072853
0.6344867349 0.6919078827
0.6337320805 0.6954189539
0.6336635351 0.7008829713
0.6350588202 0.7069159746
0.6386188269 0.7122702599
0.6440491676 0.7160668969
0.649938643 0.7163131237
0.6540432572 0.7165384889
0.6592723727 0.7163606882
0.6640356779 0.71395123
0.6663777828 0.7093418241
0.6663520336 0.7029005289
0.6658754349 0.6961830258
0.6650502682 0.6913113594
0.6640282273 0.688285172
0.6627665758 0.6908405423
0.6635345221 0.6931851506
0.6649664044 0.6965330243
0.6673801541 0.7018421888
0.670976162 0.7069098949
0.6753048897 0.7092610598
0.6792389154 0.7110953331
0.6829517484 0.7117621899
0.6854470968 0.7092988491
0.6853429079 0.7050823569
0.6852511764 0.7005309463
0.6853024364 0.6970870495

