0.5575705767 0.3253137171
0.5566043854 0.3256534934
0.5582840443 0.3262383938
0.5590808392 0.3247766495
0.5599589348 0.3179622591
0.5600982308 0.3127387166
0.5592937469 0.3075694144
0.5589557886 0.3040260673
0.5584228039 0.2983146608
0.5584228039 0.2983146608
0.5576393604 0.2930710316
0.5535898805 0.287932992
0.5487971902 0.2866046727
0.5440731049 0.2923323214
0.5393258929 0.2961138487
0.5363693237 0.2996628881
0.53598243 0.3045202196
0.5376070738 0.3120220006
0.5397281647 0.3167250454
0.5433610082 0.3209791183
0.5486767292 0.3250329792
0.5522951484 0.3283587396
0.555754602 0.3294910192
0.5609235764 0.3293155134
0.5653446913 0.3281847239
0.5694361925 0.3242848516
0.5723432302 0.3209633529
0.5759161711 0.3173851073
0.5792757273 0.3136216402
0.5800628662 0.3095646799
0.5808383226 0.3071003556
0.5811870098 0.3045639992
0.5794575214 0.3017343581
0.5775728226 0.2994743288
0.5768588781 0.2994481921
0.5764786005 0.300698787
0.5763581991 0.3031518459
0.57764709 0.3075501919
0.5812827945 0.3131156862
0.5860277414 0.3179993033
0.5894724131 0.3217924237
0.5947560072 0.3259354234
0.5999068022 0.3279516995
0.6025849581 0.3260965943
0.6045194864 0.3230267763
0.6047209501 0.31755054
0.6051836014 0.3122212887

