0.8734269738 0.2767000198
0.8732683063 0.2727085054
0.8734561801 0.2677901387
0.8711088896 0.2618094981
0.8686166406 0.2551217973
0.865781486 0.2514012158
0.8617652059 0.2477519214
0.8548420072 0.2466654032
0.8503139615 0.2484408468
0.8484170437 0.2529896796
0.8471777439 0.2583949566
0.8488773108 0.263354212
0.8523278236 0.2686481178
0.8563848734 0.2730265558
0.862475276 0.2780433595
0.8717582822 0.2822727263
0.8795716166 0.2818891108
0.8882436156 0.280940026
0.8944436312 0.278724432
0.8963703513 0.2722438574
0.8984633684 0.2674797177
0.8992387056 0.2622258365
0.8972396851 0.257652998
0.8951907754 0.2543518245
0.8927175999 0.2535907626
0.891141057 0.2538228631
0.891164422 0.2559623718
0.8931472301 0.2610259652
0.8978661299 0.2667169869
0.9041355848 0.2714375257
0.9133280516 0.2768977284
0.9236558676 0.2808386385
0.9308401346 0.2806903124
0.9304881096 0.2755776048
0.9280211926 0.2712518275

