0.7775928974 0.1609892845
0.7781945467 0.1573342681
0.7770724297 0.1530259252
0.7735986114 0.1396343112
0.7690163851 0.1273472607
0.763692975 0.1221275181
0.7583197355 0.1205536127
0.7544727325 0.124611862
0.7512076497 0.1302601993
0.752201438 0.1370705217
0.7543454766 0.1430679262
0.7573848367 0.149813965
0.7628917694 0.1569233835
0.7700667977 0.1612282395
0.7755954266 0.1633288413
0.7805798054 0.1630220413
0.7848408222 0.1598531753
0.7882580757 0.1553217322
0.7889199257 0.149010241
0.7896412015 0.142798543
0.7894752622 0.1376905441
0.7895236015 0.1344273686
0.7881091237 0.1301690936
0.7872917056 0.1294468045
0.7889638543 0.1344988495
0.7912353277 0.1389835775
0.7936253548 0.1438629627
0.7980210185 0.1481595933
0.8033738136 0.1534841061
0.8103753328 0.1589264572
0.8160624504 0.1629866213
0.8215048909 0.1644182801

