0.6789386272 0.08739668131
0.6791557074 0.08151008189
0.6765255332 0.07464333624
0.6736147404 0.06744807214
0.6687833071 0.06179490313
0.6646534204 0.05856777355
0.6607887745 0.05643444881
0.6565608978 0.0561571829
0.6512999535 0.05932681635
0.6478144526 0.06340614706
0.6481932998 0.06854969263
0.6474212408 0.07378799468
0.6478645802 0.07954074442
0.6503256559 0.08249223232
0.6553844213 0.08348631114
0.6584068537 0.0860446766
0.6644216776 0.08893036842
0.6686177254 0.08985804766
0.6732088327 0.08991581202
0.6793266535 0.08891222626
0.6826646328 0.08379309624
0.6864819527 0.07921912521
0.6887983084 0.07353659719
0.6903285384 0.06834422052
0.6907871366 0.06226309761
0.6901457906 0.05778032169
0.6891226172 0.05396436527
0.6863453388 0.05020737648
0.6842908263 0.04606453329
0.6817220449 0.04363968596
0.6799557209 0.04456244782
0.6798781157 0.04563517496
0.6825419664 0.05077053607
0.6862729788 0.05538384616
0.6901257038 0.0591414012
0.6966984272 0.06216103211
0.7015514374 0.06387513876
0.7070710659 0.06546055526
0.7118282318 0.0650575161
0.7132571936 0.05806837603
0.7119077444 0.04834286496
0.7097302079 0.03781740367

