0.755376339 0.7674847841
0.7543080449 0.7598496675
0.7538131475 0.7517718077
0.7523764968 0.7446089983
0.7494830489 0.7386003733
0.7455871105 0.7336448431
0.740922451 0.7311758995
0.7362988591 0.7330100536
0.732737124 0.7351028323
0.7304867506 0.7389497161
0.7311139703 0.7449371815
0.7335404158 0.7511420846
0.7373687029 0.7562491894
0.7439717054 0.7619923353
0.7522094846 0.7667938471
0.7581746578 0.7666016817
0.7648692727 0.7647398114
0.7706131935 0.7609673142
0.7744192481 0.754334569
0.776886642 0.7479653955
0.7773284316 0.7406625748
0.7776924968 0.734234333
0.7768281102 0.7291416526

0.7773710489 0.7315154076
0.7773227692 0.7317674756
0.7779977322 0.7341814041
0.778998673 0.7381879687
0.7798828483 0.7412514687
0.782415688 0.7456172705
0.7900773883 0.7522445321
0.8020868897 0.7538020611
0.8059108257 0.7463200688
0.8056360483 0.7371569872

