0.7532866001 0.8708049059
0.7539618611 0.8605179787
0.7528756857 0.8510562778
0.7525174022 0.8437225819
0.7507339716 0.8389228582
0.7471574545 0.8352903128
0.7427281141 0.8365518451
0.7392804027 0.8441464305
0.7365603447 0.8519201875
0.7366573811 0.8600962758
0.7394968867 0.8668780327
0.7433493137 0.8709303141
0.7480546832 0.8738265038
0.7548470497 0.8748010397
0.7615509629 0.8724856973
0.7676092386 0.869088769
0.7728542089 0.8636517525
0.7742931247 0.856939435
0.7746649981 0.8510659933
0.7740569711 0.8472849131
0.7717956901 0.8449119925
0.769133687 0.8450676799
0.7681977749 0.8472349644
0.7701534033 0.852734983
0.7754431963 0.8603115678
0.7822646499 0.8665033579
0.7908517122 0.8695639968
0.8008788228 0.8709255457
0.8089382648 0.8691013455
0.8121234775 0.864132762

