0.6654062867 0.71310395
0.6653171778 0.7128858566
0.6652242541 0.7077234983
0.6641342044 0.7001584768
0.6609321237 0.6939405203
0.657902956 0.6895641088
0.6542379856 0.6854149699
0.6492863297 0.6820427775
0.6449451447 0.6831288934
0.6407360435 0.686085403
0.6389275193 0.6894578934
0.6377037764 0.6942074895
0.6374067664 0.700876534
0.6409896612 0.7077131867
0.6464644074 0.713232398
0.6541466713 0.7179554105
0.6602569222 0.7207055688
0.6667169929 0.7216054201
0.6734150052 0.7212055326
0.6788844466 0.7183517218
0.6834028959 0.7128664851
0.6852737665 0.7053462267
0.6862699389 0.6984580159
0.6852678061 0.6928231716
0.6836075187 0.6897910237
0.682818532 0.6890233159
0.6827313304 0.6903617382
0.683704257 0.6941109896
0.6880293489 0.7010523081
0.6947029829 0.7088434696
0.7013584375 0.7142558694
0.7099341154 0.7189686894
0.7179678679 0.7215769291
0.7225836515 0.719707787
0.7249130607 0.7147567868
0.7255462408 0.7082158327

