0.8624995947 0.4366111457
0.8572726846 0.4261207581
0.8565378189 0.418325305
0.8536002636 0.4072566926
0.8507993221 0.3989123404
0.8469974995 0.3920101523
0.8439517021 0.3892339468
0.8413900733 0.3932474852
0.8387810588 0.3988115191
0.8391572237 0.4090754092
0.8410838842 0.4196302891
0.8438788652 0.4272731245
0.848076582 0.4329083264
0.8551777601 0.4371390641
0.8625473976 0.437368989
0.866620481 0.4341884255
0.8712717891 0.4303566813
0.8746322393 0.4230813384
0.8757635355 0.4147034883
0.8751396537 0.4073288739
0.8751717806 0.4039005339
0.8744491339 0.4025710821
0.8731369972 0.4040315151
0.8744624853 0.4103737473
0.8786108494 0.4193609953
0.885430932 0.4258680046
0.8944950104 0.4253314435
0.9054710269 0.419634521
0.9153561592 0.4155895114
0.9215487838 0.4125838876

