0.8446308374 0.9248324633
0.8460996151 0.9216250777
0.8452502489 0.9125757813
0.8436809778 0.9080066681
0.8427936435 0.9046791792
0.8385731578 0.899985671
0.8335130215 0.8952255249
0.8294041157 0.8931278586
0.8250389695 0.8918426633
0.8216104507 0.8922998905
0.8184763193 0.8930626512
0.8152190447 0.8956543803
0.8132409453 0.8999521136
0.8126530647 0.9047012329
0.8139371872 0.9085935354
0.816607058 0.9130370021
0.8205013275 0.918155551
0.8261812329 0.9236076474
0.8320868015 0.926456511
0.8377562761 0.9273256063
0.8441590667 0.9301421642
0.8510824442 0.9317729473
0.854458034 0.9275692701
0.8571829796 0.9233193994
0.8578156829 0.918328464
0.8592723012 0.9133085608
0.8594506979 0.9086281061
0.8586181402 0.9044697881
0.8572891951 0.9007088542
0.856715858 0.8975338936
0.8566391468 0.8955595493
0.8566777706 0.8942668438
0.8561477065 0.8938093185
0.8556628823 0.8929116726
0.8552612066 0.892344892

0.8564744592 0.8926231861
0.856525898 0.8949251771
0.8572536707 0.8976736069
0.8588780165 0.9013166428
0.8602938652 0.9049016237
0.8659453392 0.9102001786
0.8734212518 0.9119817019
0.882540524 0.9103758335
0.888920188 0.9084008932
0.893411994 0.9057133794

