0.8663150072 0.8039237261
0.8661158085 0.8018037677
0.8673135042 0.7999841571
0.8654290438 0.7949091792
0.8620246649 0.7882998586
0.8603438139 0.7864478827
0.8581055403 0.784986794
0.853949368 0.7821595669
0.8495285511 0.7804123163
0.8452191949 0.781998992
0.8404793143 0.7833080292
0.8362323642 0.785189271
0.8337627649 0.7886713743
0.8332182765 0.7937056422
0.8342155814 0.7977098823
0.8363339305 0.8017607927
0.8406509757 0.8059963584
0.8462340236 0.8098332882
0.8523617983 0.8117050529
0.8594732285 0.8125966787
0.8656383753 0.8116989136
0.8721342683 0.809787035
0.8792980909 0.808652997
0.8834674358 0.8041213751
0.8858002424 0.7975921631
0.8883821964 0.7926131487
0.887719512 0.7873859406
0.885497272 0.78350842
0.8836337328 0.7817673683
0.8817155361 0.7814209461
0.8810368776 0.783370018
0.8829606771 0.7873281837
0.8856092691 0.7920722961
0.8895918727 0.79689008
0.8962130547 0.8020706177
0.9068289995 0.8074418902
0.9156169295 0.8101932406
0.9229422212 0.8084568977
0.922557354 0.800906539

