0.6339600086 0.4934430122
0.6351447105 0.4933487177
0.6393760443 0.4958028197
0.6444445848 0.4961966574
0.6493211985 0.4951328039
0.6534341574 0.4932507873
0.6588000059 0.493134141
0.665418148 0.4946221113
0.6733639836 0.4972375035
0.6797975898 0.4986738563
0.6841085553 0.4983054996
0.6846631169 0.4965960979
0.6855282784 0.4967179894
0.6843705773 0.4956027865
0.6819703579 0.4922676086
0.6796204448 0.4871276021
0.6760477424 0.4814111292
0.6740165353 0.4763366878
0.6730809212 0.4706454873
0.6727321148 0.4639475644
0.6743337512 0.4573184252
0.6787683964 0.4520784616
0.686008811 0.4495319128
0.6928230524 0.4492082
0.6994253993 0.4501523674
0.7069416046 0.4518806338
0.7155926228 0.4566932917
0.723775208 0.4641472399
0.72800982 0.473592937
0.7251458168 0.4825843871
0.7232012749 0.4898458421
0.7196595669 0.4961785674

0.6399209499 0.4879954755
0.6404434443 0.4847398996
0.6418317556 0.4808434844
0.6436502934 0.4762936831
0.6452600956 0.4705757499
0.6468533874 0.4641001821
0.6457077265 0.4570766091
0.6439186931 0.4503675699
0.6428598166 0.4447321296

