0.5119359493 0.8957542181
0.5148186088 0.8967229724
0.5189187527 0.8931315541
0.52256459 0.891684711
0.5269021392 0.8931640387
0.5320851803 0.8947927952
0.537848413 0.8953680396
0.5431037545 0.8952824473
0.5488106608 0.8956087232
0.5549734831 0.8978545666
0.5596002936 0.9008399844
0.5637872219 0.9031717777
0.5659498572 0.9026744366
0.5674125552 0.9009243846
0.5685369968 0.9005284905
0.5684354901 0.9008648992
0.5678309202 0.9007608891
0.5666720867 0.8986353874
0.5633756518 0.8959832788
0.5617547631 0.8933320045
0.5600473285 0.8894681931
0.5578636527 0.8853091002
0.5567464828 0.8799866438
0.5561021566 0.8753004074
0.5572084785 0.871555686
0.5593361259 0.8675678968
0.5614508986 0.8635598421
0.5640937686 0.8599478006
0.5672545433 0.8567089438
0.5709964633 0.8556277752
0.5757429004 0.8562457561
0.5821192265 0.8581188917
0.5875308514 0.861097455
0.5917915106 0.8644115925
0.5960122943 0.8693799973
0.6002053022 0.8746147156
0.6036487818 0.8798145056
0.6049724817 0.8850675821
0.6058226824 0.8895670772
0.6032540798 0.8935734034
0.5997314453 0.8969458342

0.5324304104 0.8924674392
0.5346890688 0.8909562826
0.5376078486 0.8889513612
0.5377522707 0.8844478726
0.5360087752 0.8765850067
0.5322808027 0.8682889938
0.5285128951 0.8612110615
0.5257399082 0.8567144871
0.5235432982 0.8527992964
0.5138641 0.8438536525
0.5138641 0.8438536525

