0.5255988836 0.8122313023
0.5318693519 0.8132141829
0.5366131663 0.8147073984
0.5411555767 0.8164961338
0.5479004979 0.8168452382
0.5531263947 0.8170164824
0.5589650273 0.8181723952
0.56450665 0.8198688626
0.5688233972 0.8206977248
0.571192801 0.8203340173
0.5718565583 0.8193421364
0.5710899234 0.8181287646
0.569593668 0.8165556192
0.5678358078 0.8140940666
0.5663971901 0.8116392493
0.5637608767 0.8082190752
0.5612624884 0.8044981956
0.5598861575 0.8006595373
0.558904469 0.7963799238
0.55864501 0.7927067876
0.5609309673 0.7887407541
0.5636104345 0.7845351696
0.5686590672 0.7823892832
0.5735791326 0.782402575
0.5795353651 0.7825090885
0.5862671733 0.7822490931
0.5932992697 0.784445107
0.6000201702 0.7907658219
0.6039927006 0.7974792719
0.6065194011 0.8044928312
0.6078236699 0.8116836548
0.6072722077 0.8165064454
0.6046712995 0.820808053

0.5345140696 0.813385129
0.5373524427 0.8058452606
0.5386996269 0.7990653515
0.5353328586 0.7890257239
0.5290090442 0.7787289023
0.5197350979 0.7700838447
0.5125985146 0.7662611008
0.5075392127 0.7649785876
0.5034793615 0.7649640441
0.5004911423 0.7642025948

