0.5193701982 0.4037545323
0.5227919817 0.4030457139
0.5260031819 0.4038577676
0.5324481726 0.4061944187
0.5388886929 0.407846868
0.5457764268 0.4090892673
0.5507621765 0.41066432
0.5543352962 0.4118719399
0.5565013289 0.412889123
0.5571235418 0.4123972058
0.5535907745 0.4068876803
0.547209084 0.4016610384
0.5435765386 0.3980167508
0.5423318148 0.3952069879
0.5408061147 0.3897333145
0.5402327776 0.3844739795
0.541654706 0.3791083992
0.5438604355 0.3753566146
0.5500411391 0.3736704886
0.5586760044 0.3721459508
0.5646348 0.3740320504
0.5705563426 0.3778164089
0.5768513083 0.3848661482
0.5818575025 0.3925287724
0.5863599777 0.4043716788
0.5887160301 0.4115592241
0.5849810839 0.4144419432

0.5245568752 0.3970605731
0.5190677047 0.3863456249
0.5166338682 0.3800075352
0.5143936872 0.3704323769
0.5107596517 0.3592266738
0.5031263232 0.3495390117
0.5004882812 0.3459571004

