0.8666292429 0.3698720932
0.8730438948 0.3722399473
0.8807274103 0.3755581975
0.8897693157 0.3789305091
0.8971258402 0.3795614839
0.9015508294 0.3812215328
0.9037001133 0.382394731
0.9039618969 0.3825860322
0.9014227986 0.3805001974
0.899135232 0.3763782382
0.8977036476 0.3723586202
0.8952137232 0.3667194247
0.8936183453 0.3591221571
0.8968560696 0.3519461155
0.9020155072 0.3455731273
0.9087916017 0.3419854939
0.9140594006 0.3394028544
0.9199517369 0.3389777243
0.9284663796 0.3435798585
0.937299192 0.350693047
0.9446522593 0.3626362383
0.9501921535 0.3722554445

0.8747947216 0.3702336848
0.8725801706 0.3632194996
0.8703739643 0.3543453813
0.8665546775 0.3465259075
0.8619450927 0.3411479592
0.8559612036 0.3365004659
0.8504239321 0.3330707848

