0.8332722783 0.1243827492
0.8366960883 0.1237413809
0.8409203887 0.1208525747
0.8451632261 0.1202632859
0.8522980809 0.1230329797
0.8591827154 0.1265582889
0.8652136326 0.1286824942
0.8712522984 0.1299020201
0.8764728308 0.1292360872
0.8807153702 0.1287879348
0.8833543658 0.1281116009
0.8826703429 0.1259761006
0.882248044 0.12350519
0.881024003 0.1215527803
0.8788438439 0.1180051118
0.876214087 0.1133487448
0.8731126785 0.1084730849
0.8709715009 0.1032303199
0.8702430725 0.09833350778
0.8707802296 0.09347245097
0.873385191 0.08613884449
0.8758788109 0.07875228673
0.8800140023 0.07262464613
0.8862549067 0.07128529251
0.8943721056 0.07063865662
0.903917551 0.07175054401
0.9127770662 0.07514180243
0.9208147526 0.07852550596
0.9280669093 0.08709089458
0.9333473444 0.09967682511
0.9372204542 0.1098240614

0.8415474296 0.1227365136
0.8419141769 0.1174506396
0.8411528468 0.109888956
0.8412680626 0.1022633985
0.8411607146 0.09446392208
0.8370836377 0.08499886096
0.8304017186 0.07447652519
0.8231147528 0.06790257245
0.8174059391 0.06402434409
0.8120236993 0.06220600754

