0.6327944994 0.4807248712
0.6391563416 0.4810093045
0.6472207308 0.4816954434
0.654938817 0.4812819362
0.6614028215 0.4815210104
0.6673927307 0.4829836488
0.6724936962 0.4854376614
0.6752175093 0.4859929085
0.6753587127 0.4831447601
0.6730979085 0.4786365628
0.6699837446 0.4739879668
0.6674501896 0.4685425162
0.6655102372 0.4616433382
0.6647822857 0.4539391398
0.6654703617 0.4461834133
0.6687848568 0.4414747059
0.6739985347 0.4422404468
0.6805106401 0.4462684095
0.6877390742 0.4535218179
0.6947598457 0.4599458575
0.7010212541 0.4664613605
0.7029773593 0.4731380939

0.6311558485 0.4719460011
0.6306250095 0.4653922915
0.6306219101 0.4590366483
0.6287645102 0.451096952
0.6244521141 0.4427637458
0.6179720163 0.4344261587
0.6126551628 0.4285230935

