0.8498095274 0.7422968149
0.8550931215 0.7431284785
0.863216877 0.7445312738
0.8710554838 0.7463283539
0.8782656193 0.747284472
0.8879355192 0.7488197088
0.8990475535 0.7528535128
0.9079996347 0.7557045221
0.91049546 0.7554420233
0.9075895548 0.7537045479
0.9011745453 0.7481527328
0.8964626789 0.7432845831
0.8934730887 0.7398880124
0.8900896311 0.7350764275
0.8870873451 0.729825139
0.8860555887 0.725004077
0.8888524771 0.7213453054
0.8946672678 0.7172261477
0.9031908512 0.7142134905
0.9150929451 0.7150144577
0.925929904 0.7175099254
0.9387655854 0.7218357921
0.9495418668 0.7268738747
0.9558712244 0.7346131206
0.9583306909 0.7423196435
0.9563780427 0.748301208

0.8589964509 0.7330860496
0.8576369286 0.7277727127
0.8564851284 0.7212079167
0.8541918993 0.7140561342
0.8511726856 0.70766747
0.8473615646 0.7033754587

