0.5332163572 0.6234847307
0.5389903784 0.6230162382
0.5445702672 0.6229183674
0.5503844619 0.6242092848
0.5551888943 0.6260554194
0.560438931 0.6277811527
0.5656383634 0.6301887035
0.5683946609 0.6310380101
0.568121314 0.630702436
0.5658438802 0.629093051
0.5645682216 0.6271612644
0.5628433228 0.624658823
0.5608193874 0.6221382022
0.5588656664 0.6188737154
0.5574331284 0.6147941351
0.5569455624 0.6103342772
0.558812499 0.6061534882
0.5617774725 0.6032451391
0.569247961 0.6006078124
0.5759601593 0.6006681323
0.5821087956 0.6019012928
0.5877602696 0.60367769
0.5923624635 0.6076465845
0.5966594219 0.6111156344
0.5988768339 0.6160038114
0.599388957 0.6207538843
0.5979243517 0.6251316071
0.5946196914 0.6284531951

0.5348650217 0.6131862402
0.5304389 0.6087685227
0.5273382664 0.6049745083
0.523018837 0.5995614529
0.516974926 0.593018651
0.5074073076 0.5861245394
0.5004882812 0.5813542008

