0.7570588589 0.8179115057
0.7627747059 0.8173593283
0.7679014206 0.816452682
0.7768367529 0.8162119389
0.788731575 0.8208714724
0.797927022 0.824420929
0.8053634763 0.8276978731
0.8112251163 0.8293884993
0.8140676022 0.8285193443
0.813010931 0.8265363574
0.8118035793 0.8246678114
0.8083173633 0.8214524388
0.8044737577 0.8164007664
0.8017742634 0.8101193309
0.8003966808 0.8043269515
0.8000974655 0.7970677614
0.8004512191 0.7909914851
0.8036612272 0.786531508
0.8087791204 0.7846234441
0.8131693006 0.7836731672
0.8184112906 0.7852683067
0.8234084249 0.7884995341
0.8304598331 0.79891783
0.8347808123 0.8086463809
0.8357844353 0.8156219721

0.77063936 0.8072532415
0.7708384991 0.8032491803
0.7734494805 0.7970476747
0.7738354206 0.7900098562
0.7739472985 0.7825499773
0.7734518051 0.7751899958
0.7724485993 0.7692244053

