0.7781453133 0.7423714399
0.7823953629 0.7443386316
0.7861902118 0.744445622
0.789948523 0.7453539371
0.7937976122 0.7472366095
0.798784256 0.7504003048
0.8042029738 0.7513359785
0.8089558482 0.7527201772
0.8122674823 0.7532602549
0.8152880669 0.7534496784
0.8146889806 0.751470685
0.8128865957 0.7493296862
0.811860919 0.747392118
0.8091621399 0.7448891401
0.8069196939 0.7416864634
0.8043729067 0.7366275191
0.8019557595 0.7310494781
0.8023006916 0.7258978486
0.8036144972 0.7201163769
0.8064385653 0.7155032158
0.8107456565 0.7137885094
0.8142750859 0.7146033645
0.8193482161 0.7147641182
0.825927794 0.7168979645
0.8325983286 0.7202199697
0.8382599354 0.7259653807
0.8419359922 0.7331894636
0.8439100981 0.7400514483
0.8440833092 0.7457586527
0.8419979811 0.7507681847

0.779194653 0.7372405529
0.781467855 0.7344176769
0.781511724 0.7273868322
0.7800475359 0.7196909785
0.7774401903 0.7115831971
0.7715593576 0.7030639648
0.7661648989 0.6987835169

