0.7125657201 0.4253367484
0.7116069794 0.4244528711
0.7102646232 0.4238561094
0.7045618296 0.4209941626
0.6970187426 0.417789489
0.6891712546 0.4142351747
0.6813932657 0.4098681808
0.67496562 0.4040550888
0.6714854836 0.4005320966
0.670188427 0.3988199234
0.66973418 0.3973724842
0.6705266237 0.3959693313
0.672544539 0.3948116601
0.6778671741 0.3956338763
0.6836946011 0.3961727023
0.6908127666 0.3961699009
0.698959887 0.3967697918
0.7088281512 0.3980995119
0.7181304693 0.3992789388
0.7266174555 0.399546802
0.7334789038 0.4002507925
0.7405480146 0.4009845853
0.7464870214 0.401172936
0.7497233152 0.4000323117
0.7516930699 0.399148643
0.7535228729 0.3992707729
