0.6204770803 0.8991006017
0.6296871901 0.9097113609
0.6288605928 0.8970519304
0.6168221831 0.8802523017
0.6154339314 0.869137764
0.6120838523 0.8580415249
0.6074905396 0.843575716
0.6041991711 0.8322791457
0.6059512496 0.8242356777
0.606046021 0.8192008734
0.6040438414 0.8139514923
0.6028937101 0.8099458218
0.6041884422 0.8112504482
0.6075786352 0.8169125319
0.6136492491 0.8234118223
0.6200216413 0.8322353959
0.6299232244 0.8430259824
0.6404099464 0.848716557
0.6467245817 0.8555459976
0.6562415361 0.8663933873
0.6713682413 0.8764635324
0.6750124097 0.8810064793
0.6736981869 0.8832876682
0.6779294014 0.8886682987
0.6793069243 0.8917395473
0.6746848822 0.8929646611
