0.7336189747 0.4985422492
0.7301971316 0.4991603196
0.7285869122 0.5000055432
0.7275006771 0.4990833998
0.7219195962 0.4973020852
0.7138755322 0.4953913093
0.7079342008 0.4933829606
0.7023134828 0.4911685586
0.697218895 0.4888480902
0.6929994226 0.4865412712
0.6911907792 0.4846923947
0.6905158758 0.4833552241
0.6915420294 0.4820070863
0.6947640777 0.4806732833
0.6999135017 0.47946015
0.7064394355 0.4787694216
0.7149458528 0.4779425263
0.7238707542 0.4760109484
0.7332935333 0.4744178951
0.7425380349 0.4727067649
0.7506338358 0.4714257121
0.7542833686 0.4709208012
0.7585831881 0.4693252444
0.7606475949 0.469414115
0.7619933486 0.4696546793
0.7605959773 0.4698997736
