0.544880271 0.300401628
0.551756084 0.3085698187
0.5590259433 0.3176662326
0.5645070076 0.3221758306
0.5769340396 0.3306119442
0.5918420553 0.3338655829
0.5973628163 0.3310986757
0.6002669334 0.3238720298
0.6035945415 0.3156055212
0.6028032303 0.3048655987
0.5894407034 0.2909462452
0.5817593336 0.2815385759
0.5751236081 0.2737542987
0.5666505694 0.2705419064
0.5609824657 0.2718283534
0.5579127073 0.2753309608
0.5584198236 0.2782774866
0.5617877841 0.2792854905
0.5693655014 0.2812026739
0.5808696151 0.2828624547
0.5921370983 0.2855210006
0.6035605073 0.2883386612
0.6208754182 0.2902440429
0.6358900666 0.2928212881
0.6465386152 0.292550981
0.6538549662 0.2929281294
0.6568937302 0.2915047109
