0.754200995 0.3193595409
0.7622187138 0.3234504759
0.7714181542 0.3272429407
0.785805881 0.3316498399
0.8068903089 0.3447375298
0.7936722636 0.3546952009
0.7768855691 0.3626426458
0.7470546365 0.3793580532
0.734181881 0.3798393011
0.7221846581 0.3709411621
0.7100692987 0.3553886712
0.6912090182 0.3299745917
0.6880966425 0.3207591474
0.6890361905 0.3107246161
0.6942652464 0.3009352088
0.7139317989 0.2930034995
0.7250988483 0.3008053303
0.7363893986 0.3154010773
0.7528828382 0.3369750977
0.7733155489 0.3510900736
0.7924740911 0.3607976139
0.7753312588 0.3447844386
0.7651216984 0.3314573765
0.7499576807 0.3121570945
0.7450639009 0.3024165034
0.7504814267 0.2933980227
0.755499959 0.2949703336
0.7610867023 0.298150152
0.77526021 0.3012696803
0.7904374599 0.2962437272
0.7823801637 0.2816785872
0.7704809308 0.2707095146
0.7724415064 0.2601893246
0.7763051391 0.2538117766
0.7787414193 0.2472322881
0.7766298056 0.2464346141
0.774471879 0.2487680763
0.7713578939 0.2503464818
0.7650586367 0.2452398092
0.7479310632 0.2281475365
0.743326962 0.2117315382
0.743326962 0.2117315382
0.743997395 0.203130573
0.7362262607 0.2120604217
0.7098775506 0.2031802982
0.6884455085 0.1834374964
0.6875195503 0.1583575457
0.6887132525 0.1526723802
0.6923679709 0.1666151881
