0.5404055715 0.1820998043
0.5449488163 0.1826823652
0.5497296453 0.1822736263
0.554195106 0.179970637
0.5602040291 0.179189831
0.5675377846 0.1810309589
0.5749979615 0.1825185865
0.5812408328 0.1810904741
0.5857753754 0.1806843281
0.5886153579 0.1821145713
0.5890234709 0.1812778562
0.5861518383 0.1782988906
0.5808792114 0.1738492846
0.5740365386 0.1680315584
0.5676159859 0.1619834751
0.5614100695 0.1546654701
0.5551233292 0.1460586935
0.5505393744 0.138902396
0.5479308367 0.1337660253
0.5476090312 0.1312102377

