0.6555606723 0.2554448545
0.6581474543 0.2559539676
0.6617987156 0.2561069429
0.6663866043 0.2534536421
0.6687428355 0.2486264706
0.6742511392 0.2493765652
0.6819216013 0.2514177263
0.6863521338 0.2500963509
0.6895389557 0.2482139766
0.6929686069 0.2489671409
0.6950475574 0.2483922541
0.6906173229 0.2441004962
0.6861771345 0.240212068
0.6816061735 0.2352815419
0.6752151847 0.2301452756
0.6678304076 0.2231038064
0.6625843644 0.2149421871
0.6586903334 0.2056575865
0.6574133039 0.2008339465
0.6578307748 0.2016039491

