0.927954793 0.4493098259
0.9254350066 0.4482578635
0.9234329462 0.4485774636
0.9212095737 0.4501448572
0.9189758301 0.4533604085
0.9169900417 0.4560019076
0.914499402 0.4585071802
0.9062153697 0.4648708403
0.9062153697 0.4648708403
0.8988758326 0.4702931345
0.8929393291 0.4744443297
0.8855813146 0.4781727493
0.8764140606 0.4813246429
0.8660317659 0.4837044775
0.8570418954 0.4856379628
0.8475235701 0.4847352505
0.8390089869 0.4828278422
0.8327209949 0.4806767106
0.8283557296 0.4772159159
0.8258084655 0.4730098844
0.8255327344 0.4665088952
0.8272027969 0.4609320164
0.8300326467 0.4564528465
0.8341757059 0.4517188668
0.8393770456 0.4478734732
0.8471441865 0.4488658905
0.8536122441 0.4514545798
0.8589209318 0.4575059712
0.8628925085 0.4654720128
0.8687021136 0.4712970853
0.8756377697 0.4786266387
0.883189261 0.4878710508
0.8908189535 0.4939908087
0.8968550563 0.4974164367
0.9041219354 0.5015333891
0.911301434 0.506174922
0.9183196425 0.5090179443
0.9227405787 0.5075111985
0.9244973063 0.5036484003
0.9248286486 0.4977047145
0.9235144854 0.4923058748
0.9195837975 0.4858125448
0.9142522216 0.4786456227
0.9083886147 0.471708715
0.9029500484 0.4652782083
0.8989979625 0.4586699605
0.8946478963 0.4517852664
0.8924051523 0.4465238154

