0.7952440381 0.7543030977
0.7948160172 0.756477952
0.7928880453 0.7605040073
0.7884486318 0.7633584142
0.7834723592 0.7673857212
0.7786178589 0.772538662
0.7728682756 0.7775360346
0.7670191526 0.78168118
0.7609934807 0.7855110168
0.7548007965 0.7890763283
0.7476452589 0.7914864421
0.7409718633 0.7918750048
0.734120369 0.7917975783
0.7273699045 0.7902925611
0.7217235565 0.786618948
0.7175097466 0.7818363905
0.7149649858 0.7765268683
0.7142888308 0.7705664635
0.7149038315 0.764521718
0.7168987989 0.7599359751
0.7194087505 0.7568850517
0.7226671576 0.7556191087
0.7261530757 0.7572336197
0.7299875021 0.7607607841
0.733941555 0.7661209702
0.73772192 0.7723238468
0.7416218519 0.7788624763
0.7458752394 0.7841459513
0.7503188252 0.7890185714
0.7549939156 0.7932825089
0.7596387267 0.7962476611
0.7646024227 0.7984591722
0.7687500119 0.7994916439
0.7731866241 0.800103128
0.7772060037 0.8000892401
0.7806851864 0.7992831469
0.7829104066 0.7975529432
0.7842222452 0.7949966192
0.7842509747 0.7910656929
0.782802403 0.7869393826
0.7806963921 0.7822354436
0.7778511643 0.7763357162
0.7742577791 0.7694250345
0.7712371945 0.7629353404
0.7683733702 0.7566139102
0.7663595676 0.7509477139

