0.8108143806 0.3919121921
0.8137859106 0.3900246918
0.8152436614 0.3967071176
0.8154193759 0.3997337818
0.8134958744 0.4013679028
0.8102590442 0.4069345295
0.8065177202 0.4131445289
0.8023969531 0.4179674387
0.7963880301 0.4222842753
0.7905097604 0.4265441895
0.784098208 0.4292709827
0.7768968344 0.4313203692
0.7692199945 0.4326403737
0.761920929 0.4334825873
0.7546382546 0.4334109128
0.7478513122 0.4322494268
0.741574645 0.4308682084
0.7357264161 0.4289061725
0.7305153012 0.4258802235
0.7262008786 0.4219587445
0.7236017585 0.4168158174
0.7222135663 0.4113138318
0.7226579189 0.4058307111
0.7251881361 0.4013598561
0.7285670042 0.3977656066
0.7322598696 0.3951363564
0.7365735769 0.3952220082
0.7411064506 0.3990046382
0.7451284528 0.4044677019
0.7487002611 0.4121155739
0.7529374361 0.4191133976
0.7573401332 0.4269486368
0.7625619173 0.4344242811
0.7677920461 0.4409509897
0.7738425136 0.4457214475
0.7799428701 0.4488075376
0.7860935926 0.4507431686
0.7924622893 0.4522618949
0.7974743843 0.4516558647
0.80257231 0.4503539801
0.806430459 0.4476020336
0.8095086217 0.4440698624
0.8107447028 0.4392302036
0.809946835 0.4339972138
0.8080036044 0.4289793372
0.8042032123 0.4229056835
0.7994601727 0.4172506928
0.7946221232 0.4127220511
0.78958112 0.4078988433
0.7848974466 0.4029842317
0.7814078927 0.3998770118

