0.7182929516 0.5146971345
0.7152553797 0.5172819495
0.7128571868 0.5224739909
0.7098226547 0.5274075866
0.7048997879 0.5316087008
0.699857235 0.5370908976
0.6947588325 0.5444053411
0.6878935695 0.550153017
0.6802815199 0.5559252501
0.6724852324 0.5619033575
0.6635313034 0.5660787821
0.6537667513 0.5687540174
0.6446294785 0.5703462958
0.6360006332 0.569001019
0.6277565956 0.5647570491
0.6211452484 0.5602084398
0.6167667508 0.5543999076
0.6138365865 0.5464090109
0.6130103469 0.5371762514
0.6155541539 0.5292416215
0.6200343966 0.5210464001
0.6243971586 0.5136069059
0.6286792159 0.5086815357
0.6322637796 0.5073382854
0.6372170448 0.5073071122
0.6408817768 0.5114920735
0.6448037028 0.5211359262
0.6506053209 0.5305193067
0.6570949554 0.5387415886
0.6624929309 0.5464674234
0.669675231 0.5546350479
0.6771196723 0.5622196794
0.6841002703 0.5695426464
0.6907842159 0.5756838322
0.6977018118 0.5792998075
0.7033498287 0.5827510357
0.7084007859 0.5822402239
0.7114892602 0.5781476498
0.7109491825 0.5700609088
0.7106643915 0.5628039837
0.7087357044 0.5545610189
0.705675602 0.5473114848
0.7010951042 0.5399827957
0.6965918541 0.5327833891
0.6919412613 0.5255749226
0.6871517301 0.5193898082

