0.5869057775 0.1339730918
0.5891148448 0.1393041164
0.5886875987 0.1433822364
0.5856619477 0.145315975
0.5825943947 0.150610745
0.5792956352 0.1549259871
0.5749469995 0.1582140326
0.5693417192 0.1615872383
0.5649272203 0.1653487235
0.5600142479 0.1680264771
0.554267168 0.1690883785
0.5483385324 0.1694864035
0.5427912474 0.1686493754
0.5370412469 0.1676058173
0.53149122 0.1661594957
0.5266259313 0.1649018228
0.5226668119 0.1633004099
0.5197195411 0.1598161757
0.5171267986 0.1565208286
0.5159835815 0.1528108716
0.5156470537 0.1485887468
0.5170355439 0.1433257461
0.5188055038 0.139895007
0.5222219229 0.1378910393
0.5268740058 0.1370628625
0.5315718055 0.1362422109
0.5361689925 0.1385550499
0.5404015779 0.1426204592
0.5451834798 0.1488249302
0.5497675538 0.1542235315
0.5533931851 0.1591723859
0.5566841364 0.1647077352
0.5605193377 0.1706462055
0.5652703047 0.1765125543
0.5701262951 0.1811762899
0.5748273134 0.1834917068
0.578926146 0.1853249073
0.5838571191 0.1869941652
0.5884672403 0.1888030171
0.5919523835 0.1892942935
0.5941795707 0.1891457289
0.5963870883 0.1879982948
0.5968049765 0.1859710962
0.5954545736 0.1820359528
0.5931019783 0.1767248809
0.5897459984 0.1708915085
0.5865859985 0.1659597307
0.5822031498 0.1601080745
0.5776259899 0.1544330418
0.5727871656 0.1496504694
0.5687918067 0.144459188
0.563828826 0.1389630437
0.5586904287 0.1340735853
0.554364264 0.1309489757

