0.8050057888 0.3691165447
0.8048936129 0.371096909
0.8037316799 0.3720852435
0.8012360334 0.373313278
0.7988591194 0.3749739826
0.795640111 0.3774566054
0.792288661 0.3797149062
0.7874981165 0.38199085
0.7827665806 0.3847747445
0.7780711651 0.3883175254
0.7730872631 0.391140908
0.7672914267 0.3932755589
0.7617228031 0.3955718279
0.7564868927 0.3969627619
0.7511234283 0.3972533941
0.7460154295 0.3962904811
0.7418222427 0.3936761916
0.7383050919 0.3905940056
0.7356684804 0.386205107
0.7340395451 0.38153404
0.7341966629 0.3761678934
0.7350010872 0.3711929321
0.7368057966 0.3676596284
0.7391625047 0.3650524914
0.7417419553 0.3626908362
0.7443267107 0.3628182411
0.7465962172 0.3638396859
0.7487897873 0.3678411245
0.7506791353 0.3732420802
0.7529501915 0.3786467314
0.7558573484 0.3843204081
0.7596087456 0.3899222016
0.7643128037 0.3950242996
0.7688521147 0.3990446925
0.7741200924 0.4008275568
0.7793403268 0.402382195
0.7845884562 0.4041948915
0.7897403836 0.4053847194
0.7941198945 0.4045543075
0.7979598045 0.4033232927
0.8011057973 0.4021497965
0.8024964333 0.3992268443
0.8026371002 0.3952538967
0.8022124767 0.3921248913
0.8005031347 0.3884555995
0.7980817556 0.3838956058
0.7954599261 0.3797063828
0.7926528454 0.3755943477
0.7897925377 0.3710053563
0.7868700027 0.3660797775
0.7842220068 0.3620129824
0.7817260623 0.3587301075

