0.643132329 0.4865959585
0.6419379115 0.484116137
0.6394598484 0.4795065522
0.6339914799 0.4731552303
0.6296954155 0.4655700624
0.6269068122 0.4583157599
0.6263990998 0.4524307251
0.6284942627 0.4485270977
0.6301234961 0.4444028139
0.6341346502 0.4423471987
0.6381907463 0.4417237639
0.6440438628 0.4445943534
0.6511229873 0.4530333281
0.656064868 0.4581849277
0.6598983407 0.4613168538
0.6613354683 0.4612367153
0.6626632214 0.4608109593
0.6620947719 0.4569510818
0.6620619297 0.4521561861
0.6633034348 0.4470876455
0.6657438874 0.4423980117
0.670278132 0.4404597878
0.6752861738 0.4405660033
0.6801365614 0.4438355565
0.6840419173 0.449939549
0.6869380474 0.4579682052
0.6891307831 0.4666439593
0.6900112629 0.4728113115
0.6895076036 0.4784116149
0.686552465 0.4830376506
0.6842003465 0.4870025516
0.6815062761 0.4897851646
0.6792240143 0.4893528521

