0.5206146836 0.7009379864
0.5202008486 0.6969044805
0.5196088552 0.692103982
0.5151452422 0.6812602282
0.5163320303 0.6724205017
0.5200189352 0.6671587825
0.5218909383 0.6624182463
0.5237529874 0.6567569375
0.5260750055 0.6529452801
0.5296698213 0.6521112323
0.5340413451 0.6538153887
0.5386561751 0.6559334993
0.5443751812 0.6629999876
0.5490878224 0.6713327169
0.5529539585 0.6795854568
0.5572600365 0.6851744652
0.5605078936 0.6854203343
0.5620714426 0.6834586859
0.5615403652 0.6791191101
0.5625507832 0.6736490726
0.5648468137 0.669690609
0.5672473907 0.6648488045
0.5705678463 0.6604115963
0.5744285583 0.655845046
0.5788545012 0.6525411606
0.5843547583 0.6533581018
0.5887634158 0.6569116116
0.5924734473 0.6641224027
0.5949698091 0.6739012003
0.5966109037 0.6843980551
0.5981530547 0.6917205453
0.5969769955 0.6990938783

