0.843678236 0.3989442587
0.8396963477 0.4016674757
0.8321145177 0.396623224
0.8216573596 0.3857179284
0.8163809776 0.3763390779
0.8135638833 0.3676196039
0.8136336803 0.3568094671
0.814512074 0.3514908254
0.8177765608 0.3472867608
0.8225524426 0.3454255462
0.8276708126 0.3454293311
0.8336576223 0.3481406569
0.8400022984 0.3539843261
0.8470736742 0.3613530397
0.8530545235 0.3678529859
0.8564726114 0.3711385727
0.8569739461 0.370484978
0.8576886058 0.3671728373
0.859838903 0.3610880673
0.8644475937 0.3551374078
0.8703145385 0.3501447439
0.8786946535 0.3457260728
0.8862531185 0.3433541954
0.893887639 0.3454229534
0.9022119045 0.3486421704
0.9118193984 0.3552399576
0.9216405153 0.364179492
0.9300625324 0.3777512908
0.9333851337 0.3916403651
0.932924211 0.4049745202
0.9339504242 0.4159426093
0.9312515855 0.4239700735

