0.6699091792 0.9331818819
0.6688506007 0.9317398071
0.666382134 0.9209603071
0.6650667191 0.9142016172
0.6641134024 0.9065005779
0.6647275686 0.9014421701
0.6655535698 0.8960906863
0.6667813659 0.8906463981
0.6690586209 0.8852813244
0.6713879704 0.8811287284
0.6743424535 0.8801878691
0.6782775521 0.8835330606
0.6835571527 0.8914767504
0.6883482933 0.900610745
0.6938173771 0.9086660743
0.6979526281 0.9119209647
0.6999270916 0.9072701931
0.7012115717 0.9007959366
0.7025870085 0.8956845999
0.7056447268 0.8914035559
0.7094717622 0.8862674236
0.7140889168 0.8825124502
0.7189761996 0.8802682161
0.7247895002 0.8803333044
0.7311258912 0.8843348622
0.7374244928 0.8924082518
0.7428781986 0.9024695158
0.7465735674 0.9116309881
0.7491415143 0.9197516441

