0.5277085304 0.7289515138
0.5273283124 0.7291843891
0.5249987245 0.7249356508
0.5215522647 0.7190366983
0.5181635618 0.7123926878
0.515987277 0.7080361843
0.515750587 0.7038529515
0.5162056684 0.6980417967
0.5163498521 0.6912658215
0.5159568787 0.6856399775
0.5175153017 0.6810669899
0.5203748941 0.6779090762
0.5242094398 0.6753588319
0.5285582542 0.6754031181
0.5328766108 0.6779075861
0.5377069116 0.68354702
0.5432654619 0.6918430328
0.5470046997 0.6975992918
0.5496463776 0.7028608322
0.5507310629 0.7044991851
0.5513237119 0.7033596039
0.549665451 0.6994956732
0.5487993956 0.6964202523
0.5489085317 0.6927171946
0.5501199961 0.6883842945
0.553329885 0.6852356791
0.5571118593 0.6813362837
0.5609865785 0.6793191433
0.565506041 0.6793524027
0.5702418685 0.6813534498
0.5745402575 0.6856967211
0.5789353251 0.6907836199
0.5830019712 0.695168674
0.585078001 0.7000290155
0.586132884 0.7054246664
0.5864581466 0.7119217515
0.5850743055 0.7186845541
0.5838447213 0.72407341
0.5823974013 0.7280259728
0.5788956285 0.7307348251

