0.7491064668 0.8331533074
0.7481882572 0.83441782
0.7450794578 0.8300437927
0.7424304485 0.823781848
0.7404568791 0.8165448308
0.7386267781 0.8088505268
0.7379409671 0.8006275892
0.7388519645 0.7948612571
0.7409107685 0.7898457646
0.7433986664 0.786505878
0.7464492321 0.7843888402
0.7502279282 0.783005476
0.7547084093 0.7837873101
0.7602359653 0.7893295288
0.7642341256 0.7975395322
0.767295599 0.8067402244
0.7694731951 0.8115827441
0.7695804834 0.8113561273
0.769811213 0.8098604083
0.7699130774 0.8044746518
0.7712061405 0.7984040976
0.7742795944 0.792439878
0.7791510224 0.788145721
0.783829391 0.7860095501
0.7888921499 0.7849867344
0.7943497896 0.7867256999
0.8014870286 0.7949690819
0.8081142902 0.8062878251
0.8111537099 0.8183636069
0.8128651381 0.8248140216
0.8135570288 0.8296474218

