0.7085568309 0.9330232739
0.7090827823 0.9331587553
0.7071765661 0.9263332486
0.7025557756 0.9136438966
0.701236248 0.9028231502
0.7021636367 0.8943327665
0.7043504119 0.8865807056
0.7077431083 0.8790701628
0.710357666 0.8734294176
0.7134563327 0.8686847091
0.7173206806 0.8658895493
0.7209993005 0.8647997379
0.7248925567 0.8673918247
0.7283254862 0.8746749759
0.7326197624 0.8879771829
0.7387671471 0.9029321671
0.7431463599 0.910628438
0.7453169227 0.908839941
0.7482053041 0.900390923
0.7508417368 0.8928827047
0.7552256584 0.8880977631
0.7614440918 0.8850126266
0.766759634 0.8837337494
0.7696648836 0.8846108913
0.7746770382 0.8850532174
0.7807298899 0.8916755915
0.7882850766 0.9062042832
0.7945284247 0.9239212275
0.7995681167 0.9349155426
0.8047034144 0.9403372407
0.8058544397 0.9428194761

