0.637411654 0.9242751598
0.6384773254 0.9264173508
0.6357973814 0.9227190018
0.6329113245 0.918176055
0.6306141615 0.9143073559
0.6291773319 0.9110851884
0.6281460524 0.9067648649
0.626546979 0.9014445543
0.6251598597 0.8953244686
0.6246550083 0.8887784481
0.6248992682 0.8835183978
0.6262863874 0.8775491118
0.6279196739 0.8725272417
0.6307554841 0.8693438768
0.6340502501 0.8679742813
0.6384592056 0.8705018163
0.6424456835 0.8733128309
0.646830976 0.8804981112
0.6506948471 0.8887319565
0.6552585363 0.897167027
0.6587296724 0.9041477442
0.6616933942 0.9063944817
0.6625374556 0.9022967815
0.6626697779 0.8941917419
0.6646285057 0.8880602121
0.6680937409 0.8819414973
0.6713311076 0.8769013286
0.675662756 0.8719902039
0.6806527972 0.868539691
0.6860873103 0.8661641479
0.6922976971 0.8673161268
0.6990197301 0.8734142184
0.7077331543 0.8855496645
0.7176591158 0.9003075361
0.7260195017 0.9135189056
0.7269262075 0.9219396114
0.727199614 0.9279899597

