0.7292778492 0.2750554085
0.7276828885 0.2742807567
0.7276076078 0.2711958885
0.7262734175 0.267352283
0.722756207 0.2609002888
0.7199110389 0.2546301186
0.7192767859 0.2483963072
0.7199279666 0.2415636778
0.7214272022 0.2351686507
0.7231470942 0.2304313034
0.7252948284 0.2261547148
0.7277325392 0.2235182375
0.7324041724 0.2261914611
0.7375199795 0.2315536588
0.7432670593 0.2399597168
0.7479218245 0.2447666228
0.7515158653 0.2472955287
0.7530919313 0.2446819097
0.7536206841 0.240282163
0.7549488544 0.2338627875
0.75796628 0.2277040184
0.7619693875 0.222284168
0.7672592402 0.2179763913
0.7742567062 0.2176052332
0.7811130285 0.2199506164
0.7882448435 0.2265071273
0.7934557199 0.2380237728
0.7971622944 0.2481189966
0.7986594439 0.2582035065
0.7977989912 0.2660732865
0.7951427698 0.2717380822
0.7916353941 0.277315855
0.7868427634 0.2803783119
0.7827123404 0.2815593183
0.7788698673 0.2824935317

