0.5245030522 0.2354546785
0.523204267 0.2361483425
0.5221935511 0.2319476455
0.5207052827 0.225127086
0.5188004971 0.2179920673
0.5179162025 0.2113255411
0.5176714063 0.2041609585
0.5171532035 0.1980502009
0.5170487165 0.1919318736
0.5181590915 0.1868816316
0.5207619071 0.184605062
0.5231470466 0.1845879257
0.5267681479 0.1882569492
0.5311034322 0.1924996823
0.5376266241 0.2025194019
0.5429823399 0.2098655701
0.5476491451 0.2139907777
0.5498104692 0.213963747
0.5501037836 0.2107124031
0.5509284735 0.2088231742
0.5518703461 0.204720214
0.5542346835 0.2014387697
0.5569821 0.1968669146
0.560313046 0.192227304
0.5638365149 0.1874113679
0.5677619576 0.185587734
0.572811842 0.1878208518
0.5785856247 0.1934968829
0.5831990242 0.1983921081
0.5863664746 0.2042551637
0.5874849558 0.2113651037
0.5878025293 0.2181446552
0.5884037614 0.2246470451
0.5876723528 0.2301591337
0.5853238106 0.2359088957
0.5825326443 0.2387918383
0.5795458555 0.2435734868
0.5780163407 0.2459801733

