0.526456058 0.2627373338
0.5264195204 0.2673119605
0.5276423097 0.2676030099
0.5289900899 0.2705815434
0.5325407386 0.2749783695
0.5403779149 0.2794161141
0.547541976 0.2826068699
0.5543775558 0.2813764215
0.5619986653 0.2807196081
0.5682872534 0.2777919471
0.5735767484 0.2772989571
0.5787298679 0.2756508887
0.5800110102 0.2744922638
0.579768002 0.2722273767
0.5771501064 0.2676563859
0.5728976727 0.2637409568
0.5669351816 0.2584217787
0.5625680685 0.2535425723
0.5570421219 0.2496965379
0.554959774 0.2498157322
0.5549333096 0.2497289479
0.5558980703 0.2494309247
0.5595472455 0.2499821186
0.5662069917 0.2516903877
0.5735330582 0.253475666
0.5815247893 0.2540200055
0.5906581283 0.2555815279
0.5987229943 0.2568541765
