0.7821291089 0.2926166058
0.7837848663 0.2938350439
0.7879896164 0.2977395654
0.7972566485 0.3076772094
0.8003727198 0.3107300401
0.802503705 0.3111586869
0.8049496412 0.3119935989
0.8081721067 0.3137719631
0.8177114725 0.31778422
0.8299558759 0.3215202987
0.8299558759 0.3215202987
0.8312131166 0.315038532
0.8287793398 0.3069171011
0.827614665 0.2994954586
0.8232443929 0.2934548259
0.8175051212 0.2892053127
0.8141436577 0.2887401879
0.8140054345 0.2910761833
0.8166682124 0.2905052304
0.8193652034 0.2894441187
0.8278759718 0.290001899
0.8382217884 0.2929770648
0.8459392786 0.2905614376
0.8511279821 0.2898348272
0.8580924273 0.2940740585
