0.7692435384 0.3468566537
0.7694985271 0.3820647597
0.760010004 0.3541545272
0.7619559765 0.2754439116
0.7568358183 0.2508727908
0.7648189068 0.2619141936
0.7773548365 0.3357247114
0.7867922783 0.3783584833
0.7851421833 0.3126813471
0.768210113 0.2021500319
0.7779821754 0.1550427824
0.8012544513 0.2319613993
0.8140641451 0.3035728335
0.8345823884 0.2756354511
0.8223163486 0.1423913985
0.8573058844 0.1290307641
0.8810266852 0.2230240256
0.8678005338 0.2635422051
0.8638635874 0.2897850871
0.8684607744 0.2837071717
