0.604150176 0.5086294413
0.6086691618 0.5168101788
0.6090461016 0.5192387104
0.6086587906 0.5214867592
0.6062316298 0.5248509645
0.6005655527 0.5291717649
0.5972801447 0.5302089453
0.5949597359 0.5322396755
0.5929799676 0.5347309709
0.5913703442 0.5392827392
0.5918859839 0.5414723754
0.5937165022 0.54036057
0.5955463052 0.5394040942
0.597294271 0.539789021
0.6001175642 0.5394302607
0.6103804708 0.5397219658
0.6169168949 0.5404930711
0.6235573292 0.5404968858
0.6286497712 0.5409550071
0.6417961121 0.5443962216
0.6485084891 0.5456715822
0.6533539295 0.5450457335
0.6557290554 0.5432835817
0.6561523676 0.5406031609
0.6542994976 0.5368082523
0.6517464519 0.5330407023
0.6506074071 0.5297607183
0.6495946646 0.5232374668
0.6505463123 0.5151555538
0.6505463123 0.5151555538
0.6517466307 0.5058371425
0.6569077969 0.5063921809
0.666023016 0.5163158774
0.6748828292 0.5333378315
0.6832641363 0.548030436
