0.5933969617 0.6170321703
0.6070942879 0.6230682731
0.6175898314 0.6328568459
0.6247723699 0.6447277069
0.6263357997 0.663603723
0.6215013862 0.6749951243
0.6093158722 0.6827480793
0.5954674482 0.6867925525
0.5866264701 0.6928013563
0.5742978454 0.6927127242
0.563762486 0.6833740473
0.5555855036 0.6734293103
0.5502871275 0.6603671312
0.5518255234 0.6455292106
0.5587887764 0.6334854364
0.5717741251 0.6237005591
0.5926169157 0.6161661744
0.6174225211 0.6149211526
0.6411853433 0.6227434874
0.6617418528 0.6430089474
0.6814172268 0.6667686701
0.7007706761 0.6975283027
