0.639492631 0.7050096989
0.6423059702 0.7059454918
0.6463286281 0.7064102292
0.6508439779 0.7076745033
0.6559734344 0.7079766989
0.6618771553 0.70934093
0.6680768728 0.7107611299
0.6722257733 0.7107003331
0.6736366749 0.7112869024
0.6742673516 0.7118626237
0.6707114577 0.7114320993
0.6658239961 0.7111185789
0.6583282948 0.7106719017
0.6519979239 0.7097543478
0.6470147371 0.7072833776
0.6429944634 0.7038455606
0.6425444484 0.6985647082
0.6436673403 0.6941071153
0.6450750828 0.690346837
0.6464934945 0.6839863658
0.6456611156 0.6768350005
0.644764781 0.6721735597
0.6437838078 0.670068562

