0.6501224637 0.4771153033
0.6511315107 0.4768159389
0.6524304152 0.4758572876
0.6593850851 0.4749746323
0.6624334455 0.4755580723
0.6655115485 0.4764863253
0.6689770222 0.4772061408
0.6766607761 0.4785193205
0.6806247234 0.478902638
0.6848745942 0.4790923595
0.6883900166 0.4796287715
0.6914466619 0.4801926613
0.6961188316 0.480445981
0.6977149248 0.4802266359
0.6988586187 0.4802489281
0.6991782784 0.4803797007
0.6986187696 0.4804529846
0.6969220638 0.4801917076
0.695510745 0.4799458086
0.6921015978 0.4790636599
0.6895147562 0.4787186086
0.6854985952 0.4781413972
0.6821784973 0.4776353836
0.6784002781 0.4767377377
0.6743967533 0.4747330248
0.6712660789 0.4729165137
0.6643514037 0.4700959921
0.6622574329 0.4678509533
0.6575348377 0.4637431502
0.6575348377 0.4637431502
0.6568177342 0.4562568367
0.6565036178 0.4484001398
0.6565023065 0.440671593
0.6584079266 0.4301835597
0.6559991241 0.4245666862
0.65617311 0.4212887883

