0.6386386156 0.2467686385
0.6380234361 0.2437697947
0.6380703449 0.2391546071
0.6397528648 0.2361986935
0.6437819004 0.2368081808
0.6493297815 0.2376053482
0.6565951109 0.2381582558
0.6639906764 0.2396805137
0.6722965837 0.2419942021
0.6769185662 0.2433615327
0.6810497046 0.2449208647
0.68163234 0.2449546456
0.6779804826 0.2425118983
0.6721085906 0.2381287068
0.6647993326 0.2339901477
0.6577458978 0.2306348085
0.6510284543 0.2260403931
0.6453545094 0.2207537293
0.6423832774 0.2147800475
0.6388337612 0.2071320415
0.6358823776 0.2007109374
0.6365673542 0.1963078827
0.6379402876 0.1913861185

