0.7638625503 0.118117854
0.7647917271 0.1133025885
0.7694474459 0.1160469055
0.775151372 0.1192190945
0.7789811492 0.1179301664
0.7851957083 0.1166103482
0.7929291725 0.1185827106
0.7998577356 0.1195224226
0.805691421 0.120097369
0.8121670485 0.1213320866
0.816755414 0.1227705553
0.8202599883 0.1237947643
0.8203518987 0.1220858395
0.8182370663 0.1211726815
0.8142312169 0.1207459942
0.8082153201 0.1181162819
0.8002828956 0.1138171703
0.7930170298 0.1103973091
0.78630054 0.1058379263
0.7808755636 0.09937140346
0.7771760821 0.09247317165
0.7760595679 0.08617620915
0.7741374969 0.07722012699
0.77308321 0.0690055415
0.7738063335 0.06556797028
0.7747684121 0.06400175393

