0.5383464098 0.5871889591
0.5406472683 0.5873011351
0.544295311 0.5865454674
0.5487761497 0.5856080055
0.5543060303 0.583883822
0.560608387 0.5850596428
0.5674377084 0.5868407488
0.5730139017 0.586938858
0.577524066 0.5858950615
0.5795733929 0.5859769583
0.5782228708 0.5846888423
0.5753592253 0.5823744535
0.5713009238 0.5804058909
0.565623343 0.5783036947
0.5587402582 0.5757718086
0.5522693396 0.5717550516
0.5464885235 0.5662353039
0.5422141552 0.5608814359
0.5397331119 0.5552783608
0.5407708287 0.5514065027
0.5411559939 0.5462509394
0.542124629 0.5419206023

