0.5581150055 0.8821015358
0.5599702597 0.8825722933
0.5629174709 0.8818467855
0.5668097138 0.8811223507
0.5722728372 0.8811230063
0.5786948204 0.882158041
0.5847780108 0.8823441267
0.5904399157 0.8820952177
0.5959150791 0.8844310045
0.5995451212 0.8861185312
0.600743413 0.8856292963
0.5993059278 0.8846815825
0.5948656797 0.8842547536
0.5900018215 0.8818221688
0.5835942626 0.8789694309
0.5772958398 0.8763399124
0.5715166926 0.8729053736
0.5671517253 0.86729002
0.5643267632 0.8618065119
0.56374228 0.8576612473
0.5649049282 0.8527556658
0.5652266741 0.8466736078
0.565408349 0.8415701985
0.5660428405 0.8375301957
0.5668091774 0.8348929286

