0.6243240833 0.3855725229
0.63093853 0.3876410127
0.637961328 0.3857286274
0.6478894949 0.3846813142
0.6605013609 0.3870310485
0.6728536487 0.3895974159
0.6843177676 0.390204668
0.692702055 0.3899469674

0.625696063 0.3922558725
0.625348568 0.3889399767
0.6257160902 0.3849156499
0.6253499985 0.3781817555
0.6242852807 0.3710326552
0.6237889528 0.3636051416
0.6259461045 0.3564283848
0.6302635074 0.3529511392
0.6337171197 0.3495106399
0.6379476786 0.3493293822
0.6427152753 0.3516072631
0.6469153166 0.3568286896
0.6512653828 0.3645469844
0.6559604406 0.3730205595
0.6611964107 0.3780056536
0.6627572775 0.3774905205
0.6629098654 0.3750980198
0.6620730758 0.3701052368
0.6626569033 0.3667924702
0.6651773453 0.3626546562
0.6683354974 0.3590292037
0.6703521013 0.3579616845
0.674015522 0.35882321
0.678766489 0.3652035296
0.6846901774 0.3749762774
0.6891643405 0.384501487
0.6904794574 0.3920494616
0.6903432608 0.3962011337
0.6893770695 0.3933959305

