0.9193534851 0.4389116168
0.9131057858 0.4366372526
0.9088096619 0.4341238737
0.8962430358 0.4291736186
0.8832976818 0.4269314408
0.871931076 0.4275926948
0.8609239459 0.4279707968
0.8542405367 0.4299786389
0.849378109 0.430339098
0.8471985459 0.4311470687
0.8469514847 0.4322275817
0.8468969464 0.4325372875
0.8463457823 0.4302511215
0.8446927071 0.4255903661
0.8437618613 0.4199027121
0.8443251252 0.414514482
0.8458201885 0.409357816
0.8480941057 0.4042536318
0.851994276 0.4003657699
0.8566526175 0.3978915513
0.8620277047 0.3957854211
0.8668086529 0.3942143321
0.8710659742 0.3946257234
0.8756281734 0.4002337456
0.8796085119 0.4075598121

0.8817983866 0.4198892415
0.8843759298 0.4160674214
0.8875488043 0.4103736877
0.8907304406 0.4038656354
0.8957355022 0.3996104598
0.9032324553 0.3987433314
0.9122360945 0.4000385404
0.9181385636 0.4005092978
0.9217908382 0.4031395316
0.9250171781 0.4096716046
0.9281558394 0.4188339114
0.9295819998 0.4299827218

