0.5894072056 0.1588956118
0.5836695433 0.1590337008
0.5819209218 0.1615380645
0.5772433281 0.1621032804
0.5691062808 0.1625959724
0.5615906715 0.1612880677
0.5534768105 0.1589141637
0.5456784368 0.1593600363
0.5375047326 0.1597825289
0.5291698575 0.1585132778
0.5211434364 0.1568623781
0.514475584 0.1548392326
0.5091275573 0.154215306
0.5068639517 0.1540041566
0.5060516 0.1541225463
0.5035502911 0.15346995
0.5029129982 0.1502886415
0.5025140047 0.1493334025
0.5052360892 0.1478590816
0.5092163086 0.1456614733
0.5145888925 0.1437210441
0.5169004202 0.1406335384
0.517146945 0.138625294
0.5194771886 0.1359978616
0.5213817358 0.1327401698
0.5233067274 0.1292205602
0.525829792 0.1256498098
0.5272683501 0.1218541041
0.5290344954 0.1200097054
0.531938374 0.1196015626
0.5346753001 0.1215741411
0.5381194353 0.1254250407
0.5413647294 0.1314412802
0.5432879329 0.1385486573
0.5464455485 0.1459183991
0.5492190719 0.1510850787
0.5506871939 0.1528219879
0.5501028299 0.1516464502
0.5497250557 0.1500475407
0.549488306 0.1478823423
0.5498168468 0.1458924115
0.5512977242 0.1423038989
0.5527175069 0.1367838979
0.5535068512 0.1329323351
0.5556150079 0.1291707307
0.5592864752 0.1264277399
0.5635873079 0.1246491075
0.5678577423 0.1229958236
0.571947813 0.1219129711
0.5744117498 0.1226287112
0.57771492 0.1254942417
0.5812652111 0.1286855936
0.5841007829 0.132386148
0.5863296986 0.1355001777
0.586925447 0.1405366808
0.5873915553 0.1462561935
0.5890753269 0.1533572227
0.5897170901 0.1599944383

