0.6238975525 0.2407904863
0.626527667 0.2415955663
0.6327307224 0.2423137277
0.6377891302 0.2425950319
0.6436930299 0.2424726337
0.6504560113 0.2435236424
0.6590611935 0.2456052601
0.6674056053 0.247337386
0.6762353778 0.24923715
0.6836662889 0.2499298453
0.6893237233 0.2507020235
0.6944240332 0.2522108257
0.6970583797 0.2531923056

0.63434273 0.2475670874
0.6301041842 0.241900906
0.6287247539 0.2344438732
0.6276829243 0.2255963236
0.6273880005 0.2187165022
0.627156198 0.2115629017
0.6271755099 0.2054907829
0.62949121 0.2031480968
0.6314907074 0.2014655769
0.6344317794 0.2043838203
0.6375874281 0.2094274461
0.6423740387 0.2184573412
0.6465535164 0.2256843746
0.650758028 0.2319832891
0.653832674 0.2339049578
0.654537499 0.2326193601
0.6542432904 0.2283552736
0.6558278203 0.2208831757
0.6589639187 0.2152331918
0.6625226736 0.2094467878
0.6665627956 0.2035216838
0.6707103848 0.2011930346
0.6759476066 0.2021075338
0.681535542 0.2081455588
0.6867197752 0.2184428126
0.6910837293 0.2286186963
0.6941296458 0.2357772589
0.6942988634 0.242051065
0.6938125491 0.2459345162

