0.9426925182 0.7146363854
0.944950521 0.7139161229
0.9446979761 0.7130609751
0.9347580075 0.711068213
0.9256004095 0.7097522616
0.9162505865 0.7090617418
0.9056757689 0.7082665563
0.895211339 0.707696557
0.8855241537 0.7068978548
0.8766504526 0.7060468197
0.8697189093 0.7055419683
0.8634682894 0.7048283815
0.8591960073 0.7042774558
0.8545765877 0.7040715218
0.8516035676 0.7035138011
0.8509474397 0.7021414638
0.8505762219 0.7006276846
0.8529545069 0.700199604
0.8552713394 0.6998205185
0.8575162888 0.6993903518
0.8591177464 0.6977449656
0.8602769375 0.6947323084
0.8608678579 0.6899905205
0.8607535362 0.6847288609
0.861427784 0.6794509292
0.8624535799 0.6731909513
0.8638621569 0.6678026319
0.8659008741 0.6631846428
0.8688710928 0.6600408554
0.8723730445 0.6590338945
0.877001822 0.661660552
0.8821321726 0.6671572328
0.8865385056 0.6758117676
0.8901523352 0.6832064986
0.8942439556 0.6909781694
0.8973280191 0.6964366436
0.8997935057 0.7000536919
0.9009366632 0.7011648417
0.9019067287 0.6991793513
0.9035596251 0.6946724653
0.9059987068 0.6899449825
0.9093840122 0.6847531796
0.9134409428 0.6800140142
0.9183626771 0.675134182
0.92385149 0.6712973714
0.9297572374 0.6690758467
0.9364244342 0.6706266403
0.9429737926 0.6731675863
0.9487244487 0.6800943017
0.9525417089 0.6901557446
0.9545743465 0.702601254
0.9567097425 0.7116510868

