0.8630356789 0.227652207
0.8668605089 0.2279131114
0.8701972961 0.225146994
0.8723831773 0.2224231809
0.8788789511 0.2233073264
0.8878942728 0.2239073366
0.896900177 0.2256434113
0.9048179984 0.2280848026
0.91221416 0.230025351
0.9205918312 0.2302687764
0.928473711 0.2303389311
0.9343949556 0.2312913835
0.9394294024 0.233248055
0.9433479309 0.2333655655
0.9443440437 0.2333471775

0.8746873736 0.2344774902
0.8728666306 0.2322714925
0.8715940714 0.2277942449
0.8707361221 0.2231806815
0.8685303926 0.2155601829
0.866915822 0.2093451917
0.8661590815 0.2033597082
0.8671509027 0.1971672028
0.8688758612 0.1923618913
0.8716304302 0.1884490401
0.8753706217 0.1880524307
0.8791410923 0.1895398647
0.8845180869 0.1965781152
0.8903204203 0.2055380791
0.8964061737 0.2137281299
0.9000509381 0.2189754993
0.9026504755 0.2205164731
0.9033959508 0.2184371054
0.902813375 0.2139127702
0.9032844901 0.2066548467
0.904979825 0.2000130564
0.9073804617 0.194539845
0.9113439322 0.1894589514
0.915602684 0.1870087981
0.9201031923 0.1880719066
0.9250992537 0.1927163154
0.9300734997 0.2015416324
0.9341506958 0.2127668262
0.9375160933 0.2252482176
0.9400693178 0.2370680422
0.9405289888 0.2470487803
0.9367755651 0.2545627654
0.9323881269 0.2609578371
0.9269481897 0.264461875

