0.5176107883 0.7188885212
0.5227869749 0.7192118168
0.5290417671 0.7202243209
0.5365821123 0.7214798927
0.5430848598 0.7222254276
0.5487180352 0.7214779854
0.5559248328 0.7226930857
0.5639153719 0.724096179
0.5710216761 0.7252414227
0.5759847164 0.72546947
0.5805698633 0.7261282802
0.5836918354 0.7261795998
0.5865594745 0.7262657881
0.5888234973 0.7265592217
0.5888354182 0.7271899581
0.5862582326 0.727491498
0.5823646784 0.728625834
0.5789194703 0.7297037244
0.5746520758 0.7308592796

0.5226162672 0.7406164408
0.5230820179 0.737742424
0.5217454433 0.7328023911
0.5192878842 0.728022933
0.517041862 0.7222520113
0.514631629 0.7160952091
0.5137064457 0.7109931707
0.5147218704 0.7057001591
0.5167242885 0.702223897
0.520263195 0.7010961771
0.5255374312 0.7039266825
0.5296950936 0.7059432268
0.5351418257 0.709682703
0.5393242836 0.7129214406
0.5420637131 0.7154853344
0.543020606 0.7137749195
0.5422400236 0.7103691101
0.5425777435 0.7060198784
0.5440143347 0.7012332678
0.5462424755 0.6964962482
0.5490382314 0.6903756857
0.5526051521 0.6862863302
0.5569621325 0.6852377057
0.5618810654 0.6852149963
0.5663689971 0.6860694885
0.5700250864 0.6875861883
0.5730662346 0.6937594414
0.5748766661 0.7005231977
0.576399684 0.7086077332
0.5778125525 0.7169416547
0.5792436004 0.7244381309
0.5803582668 0.730706811
0.5802560449 0.7359935045
0.5796927214 0.7387120128
0.5786902905 0.740963757
0.5764584541 0.7416783571

