0.6917822957 0.2381609231
0.6903949976 0.238775298
0.6894139051 0.2396676242
0.6853539944 0.2392377406
0.6772533655 0.2383323908
0.6701112986 0.2370129973
0.6639916897 0.2361977249
0.6575570703 0.2369800359
0.6504669189 0.2370105386
0.6429442167 0.238324821
0.6375055313 0.2390622199
0.6337370872 0.2391174734
0.6302309036 0.2398433387
0.626953721 0.2403303981
0.6240286827 0.2407869101
0.6224057674 0.2409288138
0.6226289272 0.2409689724
0.6227618456 0.2413094938
0.6231268644 0.2409081161
0.6230163574 0.2385348976
0.6235330701 0.234770447
0.6237609386 0.228997618
0.6245656013 0.2232790291
0.6256839633 0.2183818817
0.6274139881 0.2126631141
0.6290019155 0.2071877271
0.6317058802 0.2018249035
0.6354798675 0.1983964145
0.6393612623 0.1960314363
0.6427454948 0.1966552138
0.6449635029 0.2003439665
0.6476740837 0.2042490244
0.6508495808 0.2113889605
0.6556426287 0.2182396352
0.6589570045 0.223694995
0.6611114144 0.2273804992
0.6619609594 0.2287903428
0.6619001031 0.2274736613
0.6611003876 0.2226934433
0.6605454087 0.2164883912
0.6614094973 0.2107519358
0.665178299 0.2060099989
0.6687527895 0.2016969472
0.6730435491 0.1982377619
0.6780140996 0.1955653876
0.6848682165 0.1977840811
0.6912196279 0.2021407783
0.6963423491 0.2084157914
0.6997456551 0.2161286175
0.7025699615 0.2237935364
0.7048641443 0.2301175743

