0.6467634439 0.147400558
0.6472771168 0.1484420449
0.6462366581 0.1468688697
0.6435961723 0.1441200376
0.6406729221 0.1417632699
0.6373963356 0.1390193999
0.6334655285 0.1360123903
0.6292329431 0.1328772753
0.6255500317 0.1300071776
0.6220039725 0.1272954941
0.6185346842 0.1243284568
0.6164670587 0.1222055852
0.6157960892 0.120990634
0.6160100102 0.1199306473
0.6171697378 0.1187258959
0.6196841002 0.1178458259
0.6220724583 0.11648231
0.6251680851 0.1145392805
0.6285603642 0.1123402119
0.6326299906 0.1096865684
0.6369832754 0.1070197523
0.6417908669 0.1046857685
0.6470350027 0.1034174114
0.6517127752 0.1024272591

