0.544778347 0.7054283619
0.5451683998 0.7066171169
0.5442070961 0.7058042288
0.5413126349 0.7020061016
0.5360461473 0.6977782249
0.5322607756 0.6953645945
0.5277382135 0.6932386756
0.5227748156 0.6891444921
0.5192433596 0.6862181425
0.5167416334 0.6838374138
0.5158244967 0.6814003587
0.5169231296 0.6795807481
0.5199790597 0.6781691313
0.5221959352 0.6759672165
0.5265091658 0.6732019782
0.5312532783 0.6717057824
0.5358505249 0.669916749
0.539108336 0.6671789885
0.5427098274 0.6644349098
0.5450059772 0.6626310945

