0.7302868962 0.1453354955
0.7298528552 0.1463761032
0.7294079661 0.1462039351
0.7269769907 0.1440542936
0.7239308357 0.1416955292
0.7203933001 0.1405188739
0.7168158293 0.1384710819
0.7131390572 0.1357562244
0.7101675868 0.1335388571
0.7081173658 0.1322006285
0.7071106434 0.1309218854
0.7067419291 0.129557997
0.7076604962 0.1287165284
0.7102564573 0.1284553856
0.713791728 0.1270700246
0.7174443007 0.1252067089
0.7221961617 0.1239441931
0.7267662287 0.1220917404
0.7309377193 0.119219631
0.7349919081 0.1167342365
0.7385074496 0.115027912
0.7413533926 0.1137097254

