0.8949710131 0.1017079204
0.8955045938 0.09893374145
0.8966401219 0.1025141478
0.8947506547 0.1007742956
0.8883125186 0.09446872771
0.8828037977 0.09213029593
0.8773492575 0.09008571506
0.8717582822 0.08632545173
0.8657800555 0.08351793885
0.8616463542 0.08261350542
0.8588398695 0.08124659956
0.8561127186 0.07960429788
0.8544942141 0.0788333565
0.8544545174 0.07825737447
0.8556132317 0.07628339529
0.8571742773 0.07463012636
0.861030221 0.0735771209
0.8656375408 0.07245545834
0.8704748154 0.07091078907
0.8760464787 0.06931257248
0.8833352327 0.06771460921
0.8920646906 0.0671376884
0.9010255933 0.06553679705
0.9100462198 0.06261564791
0.9191038609 0.06164158136

