0.7584807277 0.7966899872
0.7584807277 0.7966899872
0.7565037012 0.7958644032
0.7531771064 0.795199275
0.7472009659 0.7931431532
0.7391824722 0.7893224955
0.7330266237 0.7874560356
0.7266870737 0.7851797342
0.7215121984 0.7828405499
0.718280673 0.7809568048
0.7161644697 0.7795162201
0.7156692743 0.7781318426
0.7172725201 0.7768628597
0.7206089497 0.7759677172
0.7251807451 0.7748482823
0.7306050062 0.7729275227
0.7368938923 0.7707113028
0.7432669401 0.767115593
0.7481232882 0.7634328604
0.7519555688 0.7596607208
0.7553117275 0.7568249702

