0.6258603334 0.2445845008
0.6245747805 0.2439188063
0.6244046688 0.2451314032
0.6226489544 0.2433597445
0.6186910272 0.2405695021
0.614010334 0.2388119996
0.6098608971 0.2380460203
0.6057411432 0.2358264327
0.6018481255 0.2336581349
0.5993730426 0.2319470346
0.5980092287 0.2304498851
0.5979915261 0.2285014391
0.5991663933 0.2272211611
0.6006822586 0.2260304987
0.6031372547 0.2243612409
0.6067243814 0.2229048312
0.610242188 0.2212084532
0.6134042144 0.2192051709
0.6168314219 0.2166241705
0.6203685999 0.2140876949
0.6236806512 0.2116999328

