0.6694454551 0.4285592437
0.668430984 0.4291035533
0.6656589508 0.4258018732
0.6613019109 0.4228278399
0.6561619639 0.4209425449
0.6514403224 0.4194604456
0.6467877626 0.4169398546
0.6426272392 0.4147060513
0.6393547654 0.4136019945
0.6371045113 0.4127698243
0.6360892057 0.4114879966
0.635648489 0.4105319381
0.6367416382 0.4098621607
0.6388411522 0.4092440009
0.6423780322 0.4077822566
0.6463202834 0.4060350657
0.6509144306 0.4042121172
0.6556824446 0.4020552039
0.6607894897 0.3994790018
0.6654064655 0.396163851
0.6698500514 0.3936882615
0.6741777658 0.3920695782

