0.7587609887 0.9481806755
0.759165585 0.9475776553
0.7604806423 0.9478914738
0.7603138685 0.9467406869
0.757058382 0.9434795976
0.7536426783 0.9413844943
0.7492229939 0.9397088289
0.7437164783 0.9377269745
0.7382264733 0.9351654649
0.7330985665 0.9327824116
0.7289571762 0.9306319952
0.7258683443 0.9288105965
0.7232782841 0.9270027876
0.7216671705 0.9252115488
0.7213578224 0.9238994122
0.7218273878 0.9226782918
0.7233414054 0.921562016
0.7251741886 0.9202879667
0.72862643 0.919103086
0.7326586246 0.9182009697
0.7376516461 0.9166750908
0.7428877354 0.9151753187
0.7486599684 0.9136915207
0.7546194792 0.9125443697
0.7600233555 0.910859704
0.7646790743 0.909129858

