0.7727937698 0.1565902531
0.7721218467 0.1569053382
0.7713389993 0.1558226347
0.7705844641 0.1551379412
0.769634366 0.1548371017
0.7684935927 0.1542892158
0.7651698589 0.1523039788
0.7632092237 0.1511029452
0.7611019611 0.1498761624
0.7587713599 0.1490206122
0.7539615035 0.147537753
0.7514297366 0.1466948241
0.7487629652 0.1456505358
0.7462443113 0.1445380151
0.7416887283 0.1426196843
0.739844799 0.1419645399
0.7381075621 0.1412377656
0.7367444634 0.140710339
0.7343600988 0.1394797415
0.7339149714 0.1391241997
0.7331820726 0.1386496425
0.7329791188 0.1382752657
0.733225584 0.1379737705
0.7338831425 0.1369701475
0.7346915007 0.136368677
0.735632658 0.1358570009
0.7368826866 0.1353263706
0.7391585112 0.1341953278
0.7431159019 0.1328107715
0.7431159019 0.1328107715
0.7476553917 0.1312639564
0.7530537844 0.1298483759
0.7587550282 0.1282103807
0.7646271586 0.1254509389
0.7703344226 0.1225324422
0.7761108875 0.1205246896
0.7813205719 0.1187595278

