0.7448766828 0.3117535114
0.7417136431 0.3106948137
0.7396478653 0.310293138
0.7342590094 0.3071448207
0.725314796 0.3032218814
0.7186961174 0.3020346463
0.7129475474 0.3004183769
0.708573997 0.2982725203
0.705912292 0.2969554365
0.7048149705 0.2957873344
0.7061910629 0.2938987911
0.7085492015 0.2926179469
0.7120939493 0.291903317
0.7159585953 0.2903617024
0.7205530405 0.2878150344
0.7264692783 0.2854967713
0.7323855162 0.283490479
0.7383854985 0.2812115848
0.7447977066 0.2785328031
0.749437809 0.2764810026

