0.654179275 0.4447566569
0.6538745165 0.4476808906
0.6559556723 0.4534175396
0.6618186235 0.4633265734
0.6622630358 0.4642469585
0.6606414914 0.4637409449
0.6592684388 0.4636591077
0.6600528359 0.466683358
0.6628403068 0.4747339189
0.6628403068 0.4747339189
0.6746160984 0.4821881056
0.6834880114 0.4788604379
0.6885572076 0.4785102606
0.7053356171 0.4866924286
0.7183445096 0.4897046983
0.7178606391 0.4794079661
0.7240136266 0.4728332758
0.7227298021 0.467402488
0.717830956 0.4614852667
0.7116711736 0.4548599124
0.7060950398 0.4474048913
0.6978115439 0.4423308671
0.6939245462 0.4440678954
0.6923857331 0.4471764863
0.6896802187 0.4497205615
0.6863418221 0.4550608397
0.6851379275 0.4618827105
0.6887230277 0.4688432515
