0.6058268547 0.1929828823
0.5991577506 0.1905556768
0.5991577506 0.1905556768
0.5924522877 0.1868274063
0.5862137675 0.1810512096
0.5820227861 0.1758181304
0.5786701441 0.1652599275
0.5780301094 0.1601840258
0.5814990997 0.1560731381
0.5848513246 0.1532532424
0.5944539309 0.1491565704
0.5989977717 0.1472437531
0.6034711003 0.1460763216
0.6066278815 0.1460642666
0.6083788872 0.1472930908
0.6082641482 0.1482410282
0.6080867052 0.1493562758
0.607418716 0.152056694
0.6070873141 0.1530559659
0.6070556045 0.1537061036
0.6074898243 0.1540978849
0.6094520092 0.1544856578
0.6111304164 0.1549987793
0.6133834124 0.1556884348
0.6165010929 0.1565989703
0.6231434941 0.1602666378
0.6263298988 0.1625800133
0.6295297146 0.1653491706
0.6327865124 0.1684723794
0.6384872198 0.1752169728
0.6408365965 0.1791330278
0.6419038773 0.1828373671
0.6422258615 0.1855987012
0.6416447163 0.1885586828
0.6375972629 0.1918763518
0.6337422729 0.1928554922
0.6277389526 0.1924290061
0.6227837801 0.191945523
0.6184618473 0.1918248236
0.611748755 0.1913329959
0.6079041958 0.1907067001
0.6033837795 0.1895737052
0.5985314846 0.188462019
0.592023015 0.1851978004
0.5907235146 0.182422027
0.589063406 0.1801006496
0.5877686143 0.1776776314
0.5863639116 0.1754412055
0.5851638913 0.1728986949
0.585342288 0.169874236
0.5906789899 0.1643989682
0.5943806767 0.1615440845
0.5985107422 0.1590369791
0.602186501 0.1564080566
0.6077030897 0.1547144502
0.6131585836 0.1532453895
0.6291334033 0.1506615877
0.640458703 0.1501106322
0.6510058641 0.1507850289
0.6605992317 0.1533769965
0.6761942506 0.1576663852
0.6761942506 0.1576663852
0.6878619194 0.1653627753
0.6889615059 0.1691859066
0.6785149574 0.1689226031
