0.5882481337 0.8278020024
0.600934267 0.8722647429
0.600934267 0.8722647429
0.5972563624 0.885365665
0.5972563624 0.8853657246
0.5906441212 0.8949047327
0.5825379491 0.9005120397
0.5706720352 0.9027383327
0.5574890971 0.9018143415
0.5444939137 0.8953318596
0.5368844271 0.8912012577
0.5325330496 0.8861886859
0.532507658 0.878795743
0.5361440182 0.86824435
0.5437552333 0.8557144403
0.5511608124 0.8424307108
0.5592188835 0.8331639171
0.5704430342 0.8288065195
0.5809673071 0.8299412727
0.5916001797 0.8357878327
0.6016486287 0.8505209088
0.6117656231 0.8658730984
0.62156111 0.8784909248
0.6239007115 0.8889214396
0.6236993074 0.8975491524
0.621555984 0.903187871
