0.7751008272 0.6574953794
0.7801519036 0.652772069
0.7872648239 0.6497405171
0.7984414697 0.6517305374
0.8077782393 0.657063663
0.8245671391 0.6732498407
0.8301534653 0.6783692837
0.8333563805 0.6819729209
0.8334243894 0.6845187545
0.8290805817 0.6855008006
0.816278398 0.6828489304
0.8069580793 0.6808952093
0.784956038 0.6650974154
0.7821118236 0.6584450006
0.7835685611 0.6519514918
0.7916243672 0.6463734508
0.7974156141 0.642914176
0.8099392056 0.6430380344
0.8368872404 0.6545552015
0.8470420837 0.6618783474
0.8566521406 0.6707670093
0.8644344807 0.676556468
0.8680912256 0.6792793274
