0.5258857012 0.8884077072
0.5193035603 0.8848993778
0.5140632987 0.8793281913
0.5107642412 0.8738203645
0.5117540956 0.8671762943
0.5118819475 0.8602389693
0.5123938918 0.85417521
0.5166484118 0.8486404419
0.5223495364 0.8441882133
0.5276452899 0.8394907713
0.5329726338 0.8353079557
0.5399596691 0.8318003416
0.547345221 0.8293091059
0.5550123453 0.8286959529
0.5629835725 0.8293209672
0.570227623 0.8294250965
0.5774283409 0.8296640515
0.5854924321 0.830090642
0.5941566229 0.8306677341
0.6031147838 0.8307757378
0.6124551296 0.8293795586
0.6231874228 0.8291866779
0.6340240836 0.8301616311
0.6427591443 0.8313675523
0.650270462 0.8328164816
0.6584805846 0.8338614702
0.6652439833 0.8353201747
0.6710300446 0.8366792202
0.6756968498 0.8385690451
0.6812241673 0.8408560753
0.6843678355 0.8442088366
0.6865999699 0.8468729258
0.688468039 0.848941803
0.6892235875 0.850710988
0.6887504458 0.8519986272
0.6886002421 0.8528779745
0.6883270741 0.853454411
0.6874500513 0.8526440859
0.6866155267 0.8518240452
0.6863937974 0.8506444693
0.6861453652 0.849516511
0.6862894297 0.8485711813
0.6868738532 0.8479604721
0.68793118 0.8466196656
0.6893390417 0.8458023071
0.6913303137 0.845249176
0.6939028502 0.8435778022
0.6967548728 0.8421780467
0.7001703978 0.8423618674
0.7037648559 0.8419528008
0.7074497938 0.8408237696
0.7111124992 0.8411828876
0.71477741 0.8433433771
0.7181690931 0.8458198309
0.7237370014 0.8463783264
0.7277460694 0.8478217125
0.7322415709 0.8485714197
0.7361719608 0.8486916423
0.7397756577 0.849186182
0.7432586551 0.8506078124
0.7456012368 0.8522109985
0.7461788058 0.8533735275
0.746080935 0.8546237946
0.7447472215 0.8558852673
0.743111372 0.8554190993
0.7405967712 0.8558450341
0.7382512689 0.8579686284
0.7357389927 0.8612142205
0.7345138788 0.8636207581
0.7345579863 0.8655485511
0.734921217 0.8664393425
0.7360619903 0.8653054833
0.7385596037 0.8643029332
0.7425493002 0.8635060191
0.7480415106 0.8621938229
0.7560427189 0.8592244387
0.7652354836 0.8567143083
0.77457726 0.8552060723
0.7851330638 0.8545693159
0.7967274785 0.8539848924
0.8081482649 0.8532609344
0.8195874095 0.8528874516
0.8306379318 0.8518158793
0.8412420154 0.8490686417
0.8514147997 0.8463599086
0.8596252799 0.8439412117
0.8673986793 0.8417837024
0.8743926287 0.839425981
0.8803621531 0.8370129466
0.8853509426 0.8352902532
0.8903318644 0.8347048759
0.8953765035 0.8339443207
0.8981547952 0.8332749605
0.9010409713 0.8331617117
0.9045552015 0.8328334093
0.9077018499 0.8331586719
0.9102300406 0.834918499
0.9120845199 0.8371758461
0.9146131277 0.838337481
0.917247653 0.8393810391
0.9195001125 0.840718627
0.9213440418 0.8431209326
0.922247529 0.8445198536
0.9238226414 0.8465913534
0.9248310924 0.8506318331
0.9256311655 0.8578858376
0.926599741 0.8661878705
0.9264559746 0.8745536804
0.9235432744 0.8829734325
0.9198514223 0.8931881189
0.9176104665 0.9083841443
0.9139777422 0.9206094742
0.9086611271 0.927241683
0.9061487913 0.9374877214
0.9036529064 0.9463019371
0.9003348351 0.9475749135
0.8982789516 0.9465293884
0.8973460197 0.9444897771
0.8970098495 0.9421931505
0.8965574503 0.9425542951
0.8932811618 0.9437397718
0.8863786459 0.9398741722
0.8781490922 0.9337500334
0.8662520647 0.9278874993
0.8515779972 0.9232818484
0.8362883925 0.915383935
0.8226373792 0.9068999887
0.8097548485 0.8989995122
0.7965357304 0.8930412531
0.7826701403 0.8876015544
0.7681009173 0.8813720345
0.7529509068 0.8755722046
