0.7548248172 0.7888010144
0.7580432296 0.7964604497
0.7619409561 0.8033405542
0.7656968832 0.8090623617
0.7704513073 0.8144581318
0.7766212225 0.8197010756
0.7837885618 0.8244504929
0.7916876674 0.8277589083
0.7986137867 0.8278471231
0.8039873838 0.8234241009
0.8091894388 0.8179104924
0.813878417 0.8142929077
0.8162950277 0.8087313771
0.816552341 0.8040149212
0.8147310019 0.7995445728
0.8117847443 0.7952673435
0.8072868586 0.7931960225
0.8028101921 0.7916615009
0.7964780331 0.7916805148
0.7899032235 0.7947209477
0.7872906327 0.7984439135
0.7861254215 0.8066080213
0.7836818695 0.8164188862
0.7839502096 0.8248417377
0.7889430523 0.8334061503
0.7956405878 0.8388336897
0.800291419 0.8404432535
