0.5004882812 0.5512506962
0.5004882812 0.5571380854
0.5039660931 0.5617943406
0.5070308447 0.5677338839
0.5133684874 0.5736602545
0.5231445432 0.578920722
0.5288103819 0.5814694762
0.5350952744 0.5817496777
0.5406760573 0.5820522904
0.5464006066 0.5826324224
0.5534034967 0.5814048648
0.5600101948 0.5792699456
0.5650086403 0.577629745
0.5696121454 0.5750578046
0.5737846494 0.5716058016
0.5770788193 0.5676743388
0.5784518719 0.5625519753
0.5781882405 0.5581008196
0.5767096877 0.5536452532
0.5739127398 0.5500314236
0.5698405504 0.5471309423
0.5663273335 0.5444053411
0.5601455569 0.5433255434
0.5547729731 0.5423464179
0.5490947366 0.5432277322
0.5452898145 0.5469725728
0.5425473452 0.5505502224
0.5412038565 0.5533559322
0.5418844223 0.5579298735
0.5426419973 0.5631626844
0.547023952 0.5682033896
0.5507456064 0.5708634853
