0.5066187978 0.4119224846
0.5106287003 0.417991668
0.5171605945 0.4226725399
0.522105515 0.4292162061
0.5319492817 0.4341465235
0.5424813032 0.4388130307
0.547801435 0.4402464628
0.5524691939 0.4412418902
0.5574446321 0.4413237274
0.5638941526 0.4388243258
0.5684183836 0.436444521
0.5707722306 0.4329989254
0.5715040565 0.4289858639
0.571711421 0.4244917333
0.5719797015 0.4194627404
0.5709894896 0.4145171344
0.5679788589 0.4094715714
0.5656492114 0.4053894877
0.5623765588 0.4020420015
0.5577979684 0.4002257586
0.5522965789 0.401014626
0.5466119051 0.4032882452
0.542103529 0.4058937132
0.5405278206 0.4096205533
0.5393630266 0.414965868
0.5387186408 0.4199890196
0.5393788218 0.4263881445
0.5407229066 0.4313881695
0.5432314277 0.4370008111
