0.5006543398 0.239375338
0.5047625899 0.2467883676
0.5112160444 0.2524332702
0.5174716115 0.2575685084
0.527051568 0.2626619339
0.5370853543 0.2674239278
0.5459132791 0.27007249
0.5530185699 0.2711690664
0.559008956 0.2711906135
0.564160347 0.269330889
0.5689951181 0.2650865614
0.5736072063 0.2606393993
0.5767806768 0.2556909621
0.5779204369 0.2499850839
0.5762349367 0.2431718707
0.5748739243 0.2366432101
0.5738887191 0.2308149785
0.5704306364 0.224998951
0.5664052367 0.2196081728
0.561843276 0.2155406177
0.5577091575 0.2127856314
0.5540974736 0.2122903168
0.5503454208 0.2142763138
0.5471323729 0.2173949331
0.5451101065 0.2202657014
0.5448771715 0.2261279523
0.546730876 0.2320748568
0.549272418 0.2388068736
0.5527562499 0.2449931502
