0.6801298857 0.5263603926
0.6827574968 0.5310651064
0.6862256527 0.5368982553
0.690217495 0.5440407991
0.6956619024 0.5521923304
0.7019799352 0.5588813424
0.7076897621 0.5630152822
0.7132414579 0.564878583
0.7186851501 0.5647704601
0.7232369781 0.5634917617
0.72772789 0.5617668629
0.7317559719 0.5595840812
0.734869957 0.5576295853
0.73763448 0.555318892
0.7387340069 0.551255703
0.7394827008 0.5466508865
0.7387438416 0.5417004228
0.7380197048 0.536809206
0.734549284 0.5304811001
0.7332175374 0.5284371376
0.7299404144 0.5246117115
0.7260720134 0.5214543343
0.7220826149 0.5197966695
0.7184613347 0.5204542279
0.7156801224 0.5221483707
0.7136457562 0.526360929
0.7121149302 0.5305668712
0.7104895711 0.5387508273
0.7104895711 0.5387508273
