0.8271525502 0.2406405956
0.8467826247 0.2546657026
0.8467826247 0.2546657026
0.8593556881 0.2630746961
0.8704479337 0.2685168982
0.8777433038 0.2696840167
0.8814387321 0.2674959004
0.884427309 0.2644461989
0.8892302513 0.2614962757
0.8944857121 0.2600173354
0.8993054628 0.2588212788
0.9034171104 0.2585510612
0.9063695669 0.2587074935
0.9073681831 0.2558446527
0.9054485559 0.250325799
0.9004788399 0.2433398962
0.8925828934 0.2359700799
0.8850153685 0.2309645116
0.8777043819 0.2286852002
0.8709938526 0.2297493517
0.8659296632 0.2332097292
0.8629397154 0.2381092459
0.8614365458 0.2420276552
0.8634540439 0.2503377795
