0.5934470892 0.6906664371
0.5973596573 0.6990892887
0.6019325852 0.7084302902
0.6070868969 0.716922462
0.6099940538 0.7203217149
0.6148681641 0.7266992927
0.6203199029 0.7322413921
0.6267447472 0.7367138863
0.6332871318 0.7395275831
0.6391006112 0.741471827
0.6451397538 0.7420108318
0.6522562504 0.7429051399
0.6595849395 0.7441857457
0.6656215787 0.7443356514
0.6703959703 0.7430506349
0.6732399464 0.7399275899
0.6744084358 0.7349904776
0.6744745374 0.7327053547
0.6730158925 0.7274696827
0.6709778905 0.7221627831
0.6667560339 0.7165061831
0.661152184 0.7111577392
0.6564315557 0.7073582411
0.6505968571 0.7048586607
0.6448414326 0.7031162381
0.6398475766 0.7030124664
0.6372736692 0.7038373351
0.6346574426 0.7057427764
0.634411931 0.7093857527
0.6361620426 0.7148528099
0.636161983 0.7148528695
