0.6700074077 0.7794317603
0.6692269444 0.7806529403
0.6700481772 0.7837341428
0.6704609394 0.7851502895
0.6712895036 0.7897763252
0.6736459136 0.7956960201
0.6766955853 0.8010494113
0.6815882921 0.8065107465
0.6869996786 0.8114790916
0.6927810311 0.8155879974
0.6986535192 0.8181661367
0.7051016092 0.8195158839
0.7110779285 0.820037663
0.7165201902 0.8194507957
0.721427083 0.8182659149
0.7243096232 0.8152117729
0.7265803814 0.8125663996
0.7285239697 0.8090031743
0.7306003571 0.8048585653
0.7291431427 0.8006316423
0.7272677422 0.7974329591
0.7228986025 0.7948542833
0.7174224854 0.793094039
0.7112278938 0.7919748425
0.7089950442 0.7915430069
0.7052141428 0.7930985689
0.7018722296 0.7961027622
0.7007726431 0.8022655249
