0.674836874 0.444175154
0.6755143404 0.4466065466
0.676885128 0.4510736465
0.6779617071 0.4555148482
0.6802372932 0.4627599418
0.6831039786 0.4707809687
0.6896673441 0.4815944731
0.6948007345 0.4877612591
0.7003187537 0.4924788773
0.7057586312 0.495339334
0.711217463 0.4967163205
0.717033267 0.497163862
0.7233255506 0.4964683652
0.7297101617 0.4944109619
0.7354030013 0.4916522503
0.7401549816 0.4875871241
0.7416117191 0.4850298464
0.7452788949 0.4805844724
0.7464798689 0.4752398729
0.7460391521 0.4707044959
0.7433229685 0.4670793116
0.7407420278 0.4637367129
0.7361991405 0.4603662193
0.7309418917 0.4569656551
0.7260106206 0.4549601376
0.7210807204 0.4546887279
0.7172111273 0.4565681517
0.7153148651 0.4571695328
0.7120097876 0.461089164
0.7090898156 0.4641455114
0.7090273499 0.4693568051
0.7087228298 0.4763050675
0.7113820314 0.4841560721
0.7161645293 0.4915888906
0.7194184065 0.4968971312
