0.7375867963 0.5384420753
0.7479618192 0.5469553471
0.7525612712 0.5502920747
0.7630554438 0.5586513281
0.7738003731 0.5655567646
0.7827715278 0.5697274804
0.7900805473 0.5726495385
0.7975208759 0.5752432942
0.8033124804 0.5753308535
0.8064634204 0.5734013319
0.8078840971 0.5685422421
0.8073391318 0.5630623102
0.8052108288 0.5561317801
0.8030683994 0.5502481461
0.799973011 0.5448796153
0.795498848 0.5400149226
0.7895632386 0.5363939404
0.7836469412 0.5354623795
0.7805837393 0.536357224
0.7805360556 0.5394800901
0.7806065083 0.5424386263
0.782200098 0.5489478707
