0.5879018307 0.4081377983
0.591189146 0.4157879949
0.59545362 0.4235504568
0.6011140943 0.4313209951
0.607489109 0.4381610155
0.6108515263 0.4413084388
0.6226811409 0.4483386576
0.6299045086 0.4496614635
0.6356910467 0.4486631751
0.6407061219 0.4453398585
0.643266201 0.4429636002
0.6485450864 0.4373986125
0.6530281305 0.4314368367
0.6557424068 0.4247277975
0.6545962691 0.4181287289
0.6536867023 0.4126528502
0.6497754455 0.4093916416
0.6451752186 0.4065474868
0.6378296614 0.4046282768
0.6304262877 0.4038011432
0.6240146756 0.4038243592
0.6185598373 0.407011956
0.6153185368 0.4141740203
0.6132631898 0.4216016233
0.6124396324 0.4252564013
0.6119275093 0.4325267673
0.6128513217 0.4402160048
