0.5005671382 0.294680804
0.508364439 0.3067031205
0.508364439 0.3067031205
0.5173661113 0.3112202287
0.5257838964 0.3141838014
0.5329117179 0.3159198761
0.5361822248 0.3166804016
0.5421709418 0.318054527
0.5515859127 0.3181914985
0.557156682 0.3175590932
0.5616817474 0.3138783574
0.5640920401 0.3126244843
0.5674611926 0.3082194626
0.5702829361 0.304107666
0.5721511245 0.2993847132
0.5737558007 0.2952258587
0.5724232793 0.2912015915
0.5703946948 0.2876457572
0.5665637255 0.2849438488
0.5641191602 0.2845745683
0.5599911809 0.2836545706
0.5548810959 0.28366822
0.5488359332 0.2854440808
0.5440923572 0.2866675854
0.5413381457 0.2888765633
0.5405733585 0.2925130725
0.5405001044 0.2946029007
0.5405913591 0.2996925414
0.5400055051 0.3035031259
0.5423045754 0.3078240156
