0.5009450316 0.9036564827
0.5020927191 0.9060348272
0.505132854 0.9079425335
0.5090208054 0.9101377726
0.5128524303 0.9124254584
0.5171958208 0.9141326547
0.5209046602 0.9153573513
0.524795711 0.9167240262
0.5300276279 0.917272687
0.5347329378 0.9170403481
0.5390927196 0.916303575
0.5428317785 0.9143462181
0.5463158488 0.9134035707
0.5497219563 0.912315309
0.5531958938 0.9102425575
0.5557044744 0.9086737633
0.5580852032 0.9072619677
0.5605744123 0.9055444598
0.5627004504 0.9026408195
0.5656599402 0.8995508552
0.5685082078 0.89705652
0.5714984536 0.8949117661
0.5753284693 0.8923823237
0.5783354044 0.8890115023
0.5806767344 0.8846713305
0.5829676986 0.8806165457
0.5849944353 0.8767930865
0.5859929323 0.8734565377
0.5853629708 0.8706173897
0.5844798088 0.8674071431
0.581628561 0.8647698164
0.579210639 0.8630278707
0.576089263 0.8611750007
0.5724816322 0.8588624001
0.5663072467 0.8581697941
0.5599817634 0.8583434224
0.55527246 0.8582937121
0.5499296188 0.8597620726
0.54439044 0.8611471653
0.5390762091 0.8626555204
0.5344535708 0.8653008342
0.531016469 0.8693981171
0.5290894508 0.8740056753
0.5286056995 0.8789705634
0.5296164155 0.8818866611
0.5303714871 0.8853628635
0.5326764584 0.8888860345
0.5379440188 0.891536355
0.5454506874 0.8944765329
