0.6627933383 0.3087708652
0.66612643 0.3153096139
0.6715884209 0.3232028782
0.6767607927 0.3306206465
0.6835369468 0.3383223116
0.6914625764 0.344805181
0.7006854415 0.3512667418
0.7100334167 0.3571494818
0.7192188501 0.3612300754
0.7266769409 0.3593822122
0.7331497669 0.3552755117
0.738828361 0.3488059342
0.7435885668 0.3418482542
0.7467691898 0.3345522583
0.7485591173 0.331861347
0.7485511899 0.3260228038
0.7473504543 0.3205623031
0.7429238558 0.3154936433
0.7381295562 0.3110578358
0.7335065603 0.3070916533
0.7266284823 0.3049542308
0.7207151055 0.3029874563
0.7141568661 0.3032999039
0.7082124949 0.3048060238
0.7047681808 0.3083613515
0.7033762336 0.3111372888
0.7019039392 0.3187369704
0.7008672953 0.3255844712
0.7027811408 0.3346533775
0.7101345062 0.3457383215
0.717520237 0.3547985852
