0.5967426896 0.5373465419
0.5962895751 0.539052248
0.5971074104 0.5423053503
0.598549664 0.5476708412
0.600048244 0.5512253642
0.6038990617 0.5590777397
0.6082072258 0.568162024
0.6138600111 0.576138556
0.6199706197 0.5821285248
0.6257777214 0.5866630077
0.6324409246 0.5870916247
0.6385153532 0.5865881443
0.6441973448 0.5855689645
0.6501566768 0.5828522444
0.6562349796 0.5795429349
0.6591541171 0.5783271194
0.6640762091 0.5739418268
0.6668715477 0.568957448
0.6676405072 0.5629739761
0.6660324335 0.5566489697
0.664670229 0.5511500835
0.6610349417 0.5465385914
0.6565436125 0.5426659584
0.6517916918 0.5398011208
0.6471304297 0.5390337706
0.6432429552 0.539039731
0.6416119337 0.5399864912
0.6385051012 0.5447152853
0.6351312995 0.5475020409
0.6329945922 0.5550140738
0.633287251 0.5624112487
0.6337677836 0.5717839003
0.635559082 0.581780076
