0.502322197 0.8177471161
0.5074396133 0.8227500319
0.5121892095 0.8259498477
0.514569521 0.8280554414
0.5183093548 0.83006531
0.5235317945 0.8324866295
0.5283942819 0.8350479007
0.5324825048 0.836910367
0.5351337194 0.8378449678
0.5380262733 0.8379583955
0.5424310565 0.8376868963
0.5462555885 0.8377464414
0.549841702 0.8366938233
0.5529900193 0.8344378471
0.5559683442 0.83276546
0.5584923625 0.8299073577
0.5603975654 0.8258590698
0.5624275208 0.822312057
0.5640668273 0.8186683655
0.564168334 0.8140176535
0.5644304752 0.8100605607
0.564035356 0.806624651
0.5634210706 0.8035354614
0.5621356368 0.8010910749
0.5592945814 0.7993297577
0.5555070639 0.7990022898
0.5523875952 0.7989013195
0.5485590696 0.8014430404
0.54545331 0.8030360341
0.5419358611 0.8058429956
0.5386987329 0.8098219633
0.5388258696 0.81445086
0.5396327376 0.8185697198
