0.5091301203 0.6098276377
0.5108417273 0.6151775122
0.514421165 0.6223478317
0.5196431875 0.6308763623
0.5280217528 0.6385104656
0.5355003476 0.6443274021
0.5466706157 0.6482027769
0.5582636595 0.6478459835
0.568048358 0.6464487314
0.5772092342 0.6401227713
0.5819534063 0.6307811737
0.5850497484 0.6253859997
0.5878070593 0.6202623248
0.5885925293 0.6162326932
0.5854954123 0.6140620708
0.5820580721 0.6117414832
0.5777720213 0.6121743917
0.5740685463 0.6119773388
0.5682681799 0.613330543
0.5607212782 0.6172794104
0.554659605 0.6206861734
0.5515950322 0.6238335371
0.549572587 0.6308500767
0.548233211 0.6379568577
0.5466311574 0.6455355883
0.5465314388 0.6525895596
0.5504592657 0.6556087136
