0.7588343024 0.421931386
0.7627892494 0.4263062775
0.7687242031 0.4313482046
0.7770854235 0.4368393421
0.7854959965 0.4420933127
0.7943586111 0.4469377398
0.803273201 0.4498758316
0.8113123178 0.4507508874
0.8180623055 0.4491786957
0.8232827187 0.4456054568
0.8274648786 0.4400470555
0.8297819495 0.433701992
0.829790175 0.4273306131
0.8283215165 0.4208009243
0.8248276114 0.4161380231
0.8186502457 0.413246125
0.8127533793 0.4116888046
0.8100867271 0.4118165374
0.8058820963 0.413923502
0.8035265207 0.4190594852
0.8018293381 0.4234854281
0.8013335466 0.4293564558
0.8019644022 0.4348285794
0.8050098419 0.4403125048
0.8069517612 0.4453462362
0.8097274303 0.4490706921
