0.744163096 0.3301576376
0.7474836111 0.3371390104
0.7553714514 0.3470878601
0.7647162676 0.3545082211
0.7739858031 0.3637109995
0.7849124074 0.3724838495
0.7968572974 0.3809572458
0.8089694381 0.3873696625
0.8185257316 0.3900430501
0.8235610127 0.3883938193
0.8249254227 0.3824391067
0.8239560127 0.3734437525
0.8223782182 0.3631907403
0.8196541071 0.3545540571
0.8146213889 0.3485657573
0.8119302988 0.346501261
0.805783987 0.3446258008
0.7992859483 0.3458937705
0.794808507 0.3524485528
0.7926524878 0.3588111401
0.7965219021 0.3660732806
0.7993867993 0.3750699162
