0.5080150962 0.6763463616
0.5145170093 0.6842691898
0.5225374699 0.6902943254
0.5294177532 0.6939620972
0.5395377874 0.6974310279
0.5514878035 0.7008385658
0.5581797361 0.7019729018
0.5654331446 0.7020251751
0.5738806725 0.6993381977
0.576824069 0.695961833
0.5772845745 0.6907300353
0.5781672597 0.6861120462
0.5782289505 0.6817429066
0.5768444538 0.6777001619
0.5756295323 0.6742643118
0.5731430054 0.6707496643
0.5697638988 0.6685774922
0.5655099154 0.6676094532
0.5605951548 0.6680332422
0.5559493303 0.6700358391
0.55179739 0.6725947857
0.5495585799 0.6735579967
0.5473017693 0.6773341894
0.5471291542 0.6819502115
0.5485745668 0.6867796183
0.5509517193 0.690598309
0.5533890128 0.6932121515
0.5561910272 0.6961153746
