0.5789616704 0.7763817906
0.5831817389 0.779450655
0.5870612264 0.7827119231
0.5908814073 0.7884538174
0.594961226 0.7946163416
0.6009306908 0.8027200699
0.6075550318 0.8092216253
0.6143041253 0.8134068251
0.6214147806 0.8144534826
0.627821207 0.8162501454
0.6343098879 0.8157817125
0.6374346018 0.8140341043
0.643217802 0.8112243414
0.6480715275 0.807847023
0.6522019506 0.8040392399
0.6551395655 0.7993124723
0.655875504 0.7947587371
0.6543907523 0.7904859781
0.6528582573 0.7863835096
0.6500447989 0.7825419903
0.6462227106 0.7798804641
0.6417914033 0.7787326574
0.6368982196 0.7794072628
0.6319858432 0.7825652361
0.6291869879 0.7844406962
0.6272618175 0.7892055511
0.6262246966 0.7920243144
0.6258417964 0.7974684238
