0.8360363245 0.3612615764
0.837854743 0.3649424314
0.8421339393 0.3704575598
0.8479942083 0.3772162199
0.8540004492 0.3845298588
0.86310184 0.3940826356
0.8772367239 0.4044499695
0.8858317733 0.4068999887
0.8924459219 0.4057845473
0.8963371515 0.3987560272
0.8993694782 0.3917599916
0.9014315605 0.3842147589
0.9018270969 0.3769685924
0.8996781111 0.3706082106
0.8965992928 0.3661541641
0.8932335377 0.364418149
0.8900689483 0.3647561669
0.8863606453 0.3660870194
0.8820159435 0.3687081337
0.8786025047 0.3735820949
0.8777415752 0.3773496151
0.8784274459 0.3869506717
0.8802441955 0.3957196474
0.8828167915 0.404066056
0.8839877844 0.4091256857
0.8847786784 0.4132845104
