0.626178503 0.2186091542
0.6318993568 0.2166472375
0.6368331313 0.2149431109
0.6449084282 0.217016533
0.6535207033 0.2178304493
0.6606823206 0.2190684527
0.6681905389 0.2203423679
0.6733774543 0.2206107825
0.6778167486 0.2203797251
0.6803056002 0.2200131267
0.6797387004 0.218031913
0.6764153242 0.2151486874
0.671620667 0.2124556452
0.6675596833 0.20765616
0.6619726419 0.2020116299
0.6574132442 0.1954744756
0.6544134021 0.1884371489
0.6540403366 0.1828406602
0.6554269791 0.1811336428
0.6568078995 0.1807464659
0.6586576104 0.1825413108
0.6621255279 0.1886961609
0.6661945581 0.1956851035
0.6710435152 0.2015512884
0.6759062409 0.205211103
0.6795932055 0.2061205804
0.6825853586 0.2054166198
0.6852036715 0.2040960491
0.6874886751 0.2008126676
0.6883977652 0.1943842024

