0.7248386741 0.2850185037
0.727994442 0.2867638469
0.735062778 0.2858529389
0.7431759834 0.2885457873
0.7523475885 0.291946888
0.7631445527 0.2965710163
0.7731405497 0.29678455
0.7826681733 0.2977527678
0.790792346 0.299787581
0.7970164418 0.3018406034
0.8004729152 0.301769793
0.8003037572 0.3021175861

0.7646437883 0.2651267052
0.7672429085 0.2700572014
0.7688430548 0.2732792199
0.7694662213 0.2775143385
0.772608161 0.28510952
0.774456799 0.2912846506
0.7746021748 0.2945296466
0.7756869197 0.2972429991
0.7764776945 0.2991387546
0.7765217423 0.2994187474
0.7766096592 0.2985530496
0.7772622108 0.2981136441
0.7779083252 0.2962609529
0.7784241438 0.2943237424
0.7792255878 0.2918696702
0.7808192372 0.2888103127
0.7833147049 0.2846166492
0.7865911722 0.280076623
0.7901823521 0.2758686841
0.7947447896 0.2717417479
0.7993181944 0.267070204
0.803966403 0.2641948462
0.8072206974 0.2625613511

