0.6882308722 0.7541846633
0.6916031241 0.7566524744
0.6971321106 0.7557996511
0.7010996342 0.7552081347
0.7064540982 0.7553604841
0.714353919 0.7566725612
0.7223832607 0.7578517795
0.730976522 0.7583599091
0.7399976254 0.759488225
0.7489070892 0.7614457607
0.7562901974 0.7631012201
0.761793375 0.7643570304
0.7662397623 0.7655074596
0.7685497999 0.7653470039
0.7673385143 0.7625858784
0.7654113173 0.7594664693
0.7626350522 0.7554274797
0.759016633 0.7499393225
0.755409658 0.7434369922
0.7524853945 0.7365885377
0.7499742508 0.7301589251
0.7476724386 0.7241580486
0.7456690073 0.7205557823
0.744420886 0.7198150158
0.7441864014 0.7225105166
0.7441853881 0.7251484394
0.7450616956 0.7300444841

0.7592890263 0.7528704405
0.7625734806 0.7518439293
0.7650998831 0.7482352853
0.7685998082 0.7440786958
0.7718935013 0.740269959
0.7745583653 0.7351132035
0.7769314051 0.730022788
0.7790194154 0.7265731692

