0.6045569181 0.1892559528
0.6046723127 0.1900422275
0.6087655425 0.1909068227
0.6112216115 0.1912960112
0.6160001755 0.1924168468
0.6232438087 0.1944971383
0.6300612092 0.194367528
0.6374976635 0.1932277679
0.6463652849 0.1948070824
0.6558425426 0.1977570951
0.6651215553 0.1992391795
0.6719484329 0.2000243068
0.6784415245 0.2016499192
0.6836178303 0.2027039826
0.6861996651 0.2022247761
0.6856751442 0.1997962296
0.6820656657 0.195775941
0.6757385731 0.1923498362
0.670894146 0.1887617409
0.6653476357 0.1821290553
0.6598889232 0.1745145172
0.6563335657 0.1662736237
0.6538459063 0.1584128141
0.6519373059 0.1528190374
0.6509897113 0.1516592503
0.6508237123 0.1535815001
0.6516255736 0.1583844125
0.6538102627 0.1646252722
0.6569922566 0.1720923334
0.661090672 0.1786928028
0.6655968428 0.1852499843
0.6712425351 0.1887048781
0.675984323 0.1879549325
0.6774598956 0.1833627075
0.6795957685 0.1784509718
0.6825597882 0.1716572195
0.6851353645 0.1632264704
0.6875906587 0.1551196277
0.6903057098 0.1481105387
0.6925367713 0.1453429908

