0.5006920099 0.2154818177
0.5015320778 0.2173989266
0.5058622956 0.2195606232
0.5100480318 0.2212786674
0.5157873034 0.2222524732
0.5224673748 0.2254389971
0.5316786766 0.2287005484
0.5410662293 0.2302665114
0.5512268543 0.2314302325
0.5602604151 0.2328112423
0.5681186914 0.2336362898
0.5745771527 0.2353618741
0.5788608193 0.2367942631
0.5795297623 0.2371160984
0.5782591701 0.2355667055
0.5758094788 0.232612133
0.57223773 0.2282861471
0.5686138868 0.2235081941
0.5652628541 0.2185644656
0.5622138381 0.2141142935
0.559709549 0.2062387764
0.5563627481 0.1984323114
0.5547717214 0.1910997331
0.5534698963 0.1859625578
0.5530926585 0.1823192537
0.5525871515 0.1798428148
0.5525680184 0.181298241
0.5529415607 0.1847472936
0.5534985662 0.1895123422

0.5597328544 0.2176005244
0.5632355213 0.2183377296
0.5671409965 0.2178144902
0.5711606741 0.2149670869
0.5743446946 0.2115195692
0.5780336857 0.2069778889
0.5817129612 0.202351585
0.584954977 0.1991213262
0.5874449611 0.1955179423

