0.8660450578 0.8669595122
0.8681194186 0.8692716956
0.8668169379 0.8721833825
0.8619824052 0.8737454414
0.8578048348 0.874771595
0.8533812165 0.8741636276
0.8482786417 0.8695401549
0.8447918892 0.8642594814
0.8435543776 0.8594073653
0.8433489799 0.8542928696
0.845218122 0.8496683836
0.8492660522 0.8480885029
0.8542205095 0.8487164378
0.8586799502 0.8506426215
0.8627591729 0.855304718
0.8666394949 0.8616985679

0.8545817137 0.8226946592
0.8574444652 0.8244326115
0.8618192673 0.8282060027
0.8668889403 0.8319190741
0.8731665015 0.8358415961
0.880608201 0.8413141966
0.8900874853 0.8483848572
0.8958453536 0.853685379
0.902990222 0.8587992787
0.9093470573 0.8653975725
0.9143605232 0.8701798916

0.9231536388 0.8315015435
0.9219317436 0.8341602087
0.9183343053 0.8372082114
0.9133800268 0.8394211531
0.9077513218 0.8387702107
0.9032231569 0.8364269137
0.899666369 0.8322416544
0.8979885578 0.8274438381
0.8986781836 0.8223512769
0.9010851383 0.8178365231
0.9041944742 0.8137739301
0.9093616009 0.8114873171
0.9145193696 0.810659647
0.9182125926 0.8125632405
0.9216343164 0.8157821894
0.9236425161 0.8223392963
0.92296803 0.8290552497
0.9208772779 0.8341960907

