0.6466587782 0.7858024836
0.6479061842 0.7885828018
0.6465076208 0.7910476923
0.6441143751 0.7951077223
0.6405702829 0.7983208895
0.6366266012 0.8002845049
0.6322599649 0.7981363535
0.6270602942 0.792129457
0.6234363317 0.7867578864
0.6227020025 0.779383719
0.6238756776 0.7733573914
0.6267951131 0.7680984735
0.6310061216 0.7660588622
0.6352165341 0.7638488412
0.640435636 0.7625263929
0.6448504329 0.7654744983
0.6486763954 0.7710813284
0.6508561373 0.7788078785
0.6514012218 0.7850725651

0.6227197647 0.7249404192
0.6257807612 0.7259916663
0.6328099966 0.7303909659
0.639903307 0.7352404594
0.6476664543 0.7383776307
0.6554127336 0.7441438437
0.6643319726 0.7516303658
0.6726567149 0.7577678561
0.6805787683 0.7637683749
0.6876114011 0.7704862356
0.6936473846 0.7772327662
0.6990771294 0.7824390531
0.7025005817 0.7861682773
0.7054668069 0.7894706726

0.7057893276 0.7339548469
0.7046240568 0.7377158403
0.6984323263 0.7398734093
0.693087101 0.7402845621
0.6878554821 0.7391794324
0.683172822 0.7346288562
0.6793212891 0.7290809155
0.6784539819 0.7226451635
0.679022193 0.7155718207
0.682652235 0.7081888914
0.6881879568 0.7046763301
0.6936397552 0.7024291754
0.699211359 0.7022169828
0.7027679682 0.7039301395
0.7050490379 0.7082756162
0.7062464356 0.7139538527
0.7054894567 0.7206116319
0.703537941 0.7268229127

