0.8744896054 0.4944603443
0.8721200228 0.4980717003
0.8651299477 0.4989213347
0.8587300181 0.4994651973
0.8526220918 0.4984831214
0.8468552828 0.4941360354
0.8430027366 0.4878415465
0.8409059048 0.4825641513
0.8406702876 0.4773713648
0.8429798484 0.4712715745
0.8488041759 0.4676427841
0.8559398651 0.4667187929
0.8637953997 0.4679536521
0.8705300689 0.4716792703
0.875241816 0.480448097
0.8752799034 0.4881813228

0.8537334204 0.4336023629
0.8575507402 0.4362147152
0.8617571592 0.4370085895
0.8673721552 0.4387817681
0.8748060465 0.4427352846
0.8843559027 0.4473017156
0.8953167796 0.4533215761
0.9063651562 0.4621908069
0.9178446531 0.4708006084
0.9276584387 0.4788715839
0.9352345467 0.4845805466
0.9402155876 0.4880748987

0.9372329712 0.4491763711
0.9363437891 0.4516157508
0.9289916754 0.449909538
0.9239592552 0.4489761889
0.9196008444 0.4456387162
0.9158011079 0.4401256442
0.9143018126 0.4342968762
0.9155603647 0.4289556742
0.919174552 0.423540175
0.9238249063 0.4200392365
0.93002069 0.4184283316
0.9359124899 0.4192070365
0.9411205053 0.4220548272
0.9431264997 0.4285402298
0.9423258901 0.4359025359
0.9381046295 0.4423838258
0.9322803617 0.4481585622

