0.5336818695 0.5138398409
0.5318421721 0.5148063898
0.5302270055 0.5155380964
0.5283972621 0.5172430873
0.5260951519 0.5190849304
0.5231997967 0.5189557076
0.5196659565 0.5171583891
0.5147811174 0.5127942562
0.5126909614 0.5080711842
0.5121314526 0.5027080774
0.5138431787 0.4977977276
0.5176653266 0.4934173226
0.5233922005 0.4911485016
0.529704988 0.4904485643
0.5344016552 0.491230309
0.5377870798 0.4948073626
0.5394574404 0.5002348423
0.5393022299 0.5039736032
0.5368105173 0.5091033578
0.5330110788 0.5139466524

0.5115910769 0.4471079111
0.5162596107 0.4507779777
0.5222995281 0.4547467232
0.5274531245 0.4593351483
0.5334147811 0.4629127979
0.5413044095 0.4693236947
0.5503774285 0.4763472378
0.5586446524 0.482833147
0.5670061707 0.4890577197
0.5741068125 0.4949323237
0.5805847645 0.4983038604
0.5837581158 0.5007112622
0.5855963826 0.5016266704

0.5892332792 0.4513827562
0.5900143981 0.4556827843
0.5876016021 0.4577211738
0.5853258371 0.4592621624
0.5819174647 0.459292978
0.5780602098 0.4576075077
0.5747126341 0.4534677267
0.5710533261 0.4493442774
0.5684566498 0.4437899888
0.5683287382 0.4382552803
0.5709813237 0.4353786707
0.5747022033 0.4323377907
0.5788655281 0.4294623435
0.5837006569 0.4297129512
0.5900064707 0.4327239394
0.5948177576 0.436693728
0.5984203219 0.4415603876
0.6003803015 0.4460729361
0.6002678275 0.4506107569

