0.6226249933 0.3095505238
0.6189184189 0.3138068616
0.6173470616 0.3127200603
0.6122708321 0.3081492782
0.6060582399 0.299249649
0.6042607427 0.2923731804
0.605510354 0.2867938876
0.6089367867 0.282850951
0.6135009527 0.279738903
0.6194896102 0.2785103917
0.6238314509 0.2799525857
0.6271916628 0.2852514684
0.6283155084 0.2921148837
0.6284145713 0.2986324131

0.6128271818 0.2428243756
0.6163451672 0.2454870641
0.621366024 0.2495642006
0.6274664402 0.2545968294
0.6336560249 0.2598999739
0.6416737437 0.2678604424
0.6499415636 0.2756021023
0.6584203243 0.2832534313
0.6674709916 0.2906599641
0.6742088795 0.2961941659
0.6794907451 0.2997750342
0.6826992631 0.3020684719

0.6856927276 0.2596105635
0.6866041422 0.2650215328
0.6853922009 0.2706944942
0.6807180047 0.2701334953
0.6733621955 0.2670612931
0.6684964299 0.2649326622
0.6640717983 0.2601164579
0.6610981226 0.2530059814
0.6605569124 0.2460107654
0.6644775271 0.2415431589
0.6686593294 0.2390992492
0.6691484451 0.2423237711
0.6730703115 0.2431693226
0.679638207 0.2462457716
0.683342576 0.2524986565
0.6850984097 0.2606837451
0.6850444078 0.2663474381

