0.654828608 0.5517537594
0.6543999314 0.5575029254
0.6521860957 0.5640835762
0.6476018429 0.5622097254
0.6414180994 0.5617865324
0.6365187764 0.5610691309
0.6334368587 0.5550926328
0.6305328608 0.5489990115
0.6303178072 0.5449060202
0.6328850985 0.5406113267
0.6369512677 0.5360261798
0.6415305138 0.534181118
0.6460724473 0.5363010168
0.6509149671 0.5407559276
0.6540580392 0.5475353003

0.6403639317 0.5018769503
0.648142457 0.5049433708
0.6562646627 0.5081505775
0.6649773121 0.5124205351
0.674526453 0.5183018446
0.6844605207 0.5247232914
0.6929708123 0.5316340923
0.7004498839 0.5391606688
0.7069135904 0.5459269285
0.7114218473 0.5495231152
0.7129508257 0.5500987172

0.7020412087 0.5064361095
0.6990478635 0.5049043894
0.6962611079 0.5011940002
0.6949532032 0.4961899519
0.6956050992 0.4900877178
0.6985595226 0.4850175977
0.7032791972 0.4817983508
0.7093497515 0.4809484482
0.714987874 0.4826460779
0.7183904648 0.4868595004
0.7204518318 0.4930654168
0.7193172574 0.5001013279
0.7167269588 0.5052096844
0.7124969363 0.5078393221
0.7084476352 0.5083001852
0.7040966749 0.5056893826

