0.8685862422 0.5313566923
0.8687962294 0.5373694897
0.8664115071 0.5430378914
0.8595882654 0.5455933213
0.8525232077 0.5452753901
0.8464179635 0.5427308083
0.8414161205 0.5372549295
0.8389106989 0.5288410783
0.8387175202 0.521651566
0.8414782286 0.5138346553
0.8456655145 0.5089057088
0.8517450094 0.5084790587
0.8589125872 0.5130547285
0.8627191782 0.5189460516
0.8639079332 0.527497232
0.8622822762 0.5358270407
0.8601642847 0.5388561487

0.8336191177 0.469481349
0.8385449648 0.4718960226
0.8446208239 0.4752499163
0.8513000607 0.4788303077
0.8615124226 0.486097008
0.8728426695 0.4949285984
0.8838269114 0.503816247
0.8946961761 0.5128344297
0.9060301781 0.5212411284
0.9170464277 0.5279080272
0.926567018 0.5327091217
0.9324131012 0.5352195501

0.9092806578 0.4841083884
0.9093224406 0.4866426587
0.9053375125 0.4867277741
0.9010570049 0.4846270084
0.8977187276 0.4820562005
0.8950480223 0.4773564339
0.8934327364 0.4723572731
0.8944209218 0.4684935212
0.8967832327 0.4652766883
0.9003620744 0.4630240798
0.9053697586 0.462495178
0.9104681015 0.463196069
0.9155445695 0.4648658037
0.9207468033 0.4689719677
0.9251682758 0.4735341072
0.9275480509 0.4779242277
0.9289987087 0.4833083153
0.9286072254 0.4880073667
0.9267997742 0.4914299548
0.9229207039 0.4921049476
0.9179852009 0.4913764298
0.9130778909 0.4895084202
0.9085148573 0.48638165

