0.5327646732 0.9410218
0.5304441452 0.9471961856
0.5284996033 0.9505019784
0.5240252614 0.9528080225
0.5205596685 0.9528394938
0.5170636177 0.9512319565
0.5143373013 0.9477993846
0.5109302998 0.9435462952
0.5101348758 0.9369008541
0.5097343326 0.9312135577
0.5109915733 0.9246106148
0.5143265724 0.9189084172
0.5186296701 0.9151835442
0.5239517093 0.9153681397
0.5289462209 0.9168512225
0.533129096 0.9218520522
0.5365105867 0.9287121296
0.5381035805 0.9382848144

0.5224140286 0.8831446171
0.5243778825 0.8855788112
0.5289112329 0.8865786195
0.5345592499 0.8892369866
0.5403953791 0.8915686011
0.5462411642 0.8951593637
0.5523370504 0.9005896449
0.5586863756 0.9069803357
0.5652655363 0.9136701822
0.5716068745 0.9210299253
0.5772892237 0.9292733669
0.5818241835 0.9349517822
0.5861548185 0.937188983

0.5752696991 0.8854765892
0.5715100169 0.8855339289
0.5671434999 0.8833928108
0.5633555651 0.878874898
0.5611602068 0.8748506308
0.5619041324 0.8706315756
0.5650698543 0.8634197712
0.5682365894 0.8592483401
0.572927475 0.8568400741
0.5772442818 0.8575460315
0.5823398829 0.8593799472
0.5860401392 0.8634215593
0.5890430212 0.8698047996
0.5900671482 0.8767229319
0.5891289711 0.8821312189
0.5868355632 0.8872493505
0.5837780833 0.8909875154
0.5794476271 0.8920833468
0.5747460127 0.8884040117
0.5705073476 0.8855161667

