0.6065349579 0.3867967129
0.6067266464 0.3871271014
0.6084742546 0.3879742026
0.6099229455 0.3872286379
0.6121875048 0.3864417076
0.614846766 0.3863371611
0.6203420162 0.3847998977
0.6234058142 0.3846936822
0.6278304458 0.3850726783
0.6361018419 0.3856354952
0.6401162744 0.3853782415
0.6442093849 0.384986341
0.6516071558 0.3834674656
0.6550891399 0.3829295933
0.6580018401 0.3829401731
0.6606014967 0.3829640746

0.6813890934 0.3834748268
0.6845676899 0.3844754398
0.689442575 0.3839912713
0.6944457889 0.3831847906
0.7002530098 0.3832238317
0.7069869041 0.384306848
0.7135488391 0.3840736747
0.7186627388 0.3831025958
0.7236368656 0.383482039

