0.7052311897 0.9139455557
0.707357347 0.9146819711
0.7095579505 0.9142004848
0.7141404152 0.9140233994
0.7190060019 0.9132919908
0.7239587903 0.9132992625
0.7295479774 0.9124283791
0.7350521684 0.9124356508
0.7408596277 0.9132604599
0.7457734346 0.9134806991
0.7494623661 0.9130007029

0.7761025429 0.9085808992
0.7791602612 0.9079445601
0.782689333 0.9079713821
0.7862377167 0.9073756337
0.790207088 0.9071273804
0.7940425277 0.9069890976
0.7993239164 0.9086074829
0.8043147326 0.9089503288
0.8090259433 0.9090339541
0.8137014508 0.9091653228
0.8176276088 0.9091197252

