0.7386749983 0.6692774892
0.7407016754 0.6699235439
0.7447929382 0.6704450846
0.7482959032 0.6697047949
0.7529968023 0.6704505086
0.7590655088 0.6715477705
0.7648123503 0.6717236638
0.7701921463 0.6721076965
0.7751342654 0.67263937
0.7786061764 0.6727126837

0.791369617 0.675059557
0.7951675653 0.6756663322
0.8003232479 0.6764311194
0.8044902086 0.6770851016
0.8080127239 0.6771882772
0.8125582933 0.6778180003
0.8165586591 0.678170979
0.8190745711 0.6779407263
0.8220566511 0.6783109903
0.8239367008 0.6783446074
0.8253586292 0.6781058311

