0.7164409161 0.7736157179
0.7180926204 0.7775119543
0.7195805311 0.7800042629
0.7214838862 0.7817515135
0.7216360569 0.7810931206
0.7203392982 0.7816209197
0.7142931223 0.7834743261
0.7142931223 0.7834743261
0.7084723711 0.7890006304
0.6995144486 0.7917491794
0.6854172349 0.788233757
0.6733278036 0.786873281
0.6643635631 0.7877367735
0.6544376612 0.7817059159
0.6467220187 0.7743635774
0.6431976557 0.7699832916
0.6419765353 0.764969945
0.6422528028 0.7578979135
0.6468801498 0.7537985444
0.6557637453 0.7507213354
0.665504396 0.7476637363
0.6770751476 0.7454650998
0.6916006804 0.7475392222
0.7036845684 0.7460742593
0.7106651068 0.7496581674
0.7198717594 0.7591934204
0.7246646881 0.7707805634
