0.8568553925 0.09273453057
0.8609634042 0.09760134667
0.8625040054 0.1004146188
0.860573113 0.1031525433
0.858093679 0.1041331664
0.851973772 0.1024092957
0.8443368673 0.1007306427
0.8354274631 0.1053251848
0.8300247192 0.1080998704
0.8187929392 0.1106044129
0.8187929392 0.1106044129
0.804004848 0.1055330932
0.7905859947 0.1007769853
0.7823601961 0.09798027575
0.7762355208 0.09522080421
0.771835804 0.08717860281
0.7705749869 0.07917946577
0.7743039727 0.07398252189
0.7818980813 0.06568325311
0.7905082703 0.05985818058
0.8022248149 0.0553464219
0.8153098822 0.05366641656
0.8282235861 0.0523847416
0.8398684263 0.06084495038
0.8513609171 0.07257083058
0.8567405343 0.08281760663
0.8590279222 0.08992172778
0.8529696465 0.0978584215
