0.7156288624 0.6901046038
0.7159500122 0.6895238161
0.7183771133 0.6983064413
0.7182732821 0.6980804205
0.716342926 0.6990764141
0.7114249468 0.7000393271
0.7048395872 0.7029803395
0.7048395872 0.7029803395
0.6949219704 0.7073922753
0.6861538291 0.7126731873
0.6754536033 0.7105794549
0.661952436 0.7041068673
0.6533924341 0.7011503577
0.6475049257 0.6966000795
0.6422153711 0.6906957626
0.6405770183 0.6840687394
0.6422264576 0.6779483557
0.6460226178 0.6726373434
0.6510815024 0.6690482497
0.6614967585 0.6689447165
0.674549818 0.6685622931
0.6855082512 0.6659294367
0.698035717 0.6677268744
0.7132703066 0.6782892942
0.7218179703 0.6855275035
0.7221735716 0.6923300624
