0.8158336282 0.6269264221
0.8155832887 0.6296816468
0.8179226518 0.6354471445
0.8213797212 0.6430187225
0.8231821656 0.6488572955
0.8289061785 0.6564545631
0.8387961984 0.6625312567
0.8493783474 0.6653647423
0.8568013906 0.66350317
0.8620014191 0.6577702761
0.867618382 0.6509420872
0.8651366234 0.6407829523
0.857009232 0.6319715977
0.8508462906 0.6263986826
0.8433598876 0.621301949
0.8400125504 0.6200352907
0.8412048817 0.621068716
0.8424028754 0.6205391884
0.8484175205 0.6202528477
0.8611496091 0.6209899783
0.8746319413 0.6218776703
0.8877488375 0.6240566373
0.9029518962 0.6296183467
0.9132325649 0.6342392564
0.9225820899 0.6394246221
0.9287675619 0.6456427574
0.9326612949 0.6525047421
0.9333113432 0.659252286
0.9319515824 0.6649874449
0.9291607141 0.6682595611
0.9250221848 0.6696025729
0.918933332 0.6685497761
0.9106504917 0.6643078327
0.9000134468 0.6571749449
0.8918064833 0.6478071213
0.886762023 0.638397336
0.881736815 0.6270706058
0.8787586689 0.6159281731
0.8744652271 0.6070658565

