0.8367765546 0.0799234286
0.8296658993 0.08336895704
0.8269357085 0.0881344974
0.8254877925 0.09285961092
0.8248163462 0.09759987146
0.8273707628 0.1066113487
0.8322302699 0.1137455329
0.8385421038 0.1197060943
0.8463581204 0.1253723353
0.8605244756 0.1318031102
0.8750287294 0.1329666078
0.8868318796 0.133502081
0.8978076577 0.1309278905
0.9079406261 0.1259718388
0.9122966528 0.1215970516
0.9104343653 0.1155073643
0.9083883762 0.1085764989
0.9083660841 0.1033046246
0.9045331478 0.09684499353
0.8974373341 0.08995187283
0.8939459324 0.0851995945
0.8886368275 0.08169864118
0.8835864067 0.07826691866
0.8801044226 0.07666835189
0.8789645433 0.07792927325
0.879360795 0.07937318832
0.8810633421 0.08096906543
0.8857455254 0.08372503519
0.8897917271 0.08541045338
0.8952029943 0.08636523783
0.9014258385 0.08718270063
0.910836041 0.08779099584
0.9232255816 0.0873459205
0.939568758 0.08641972393
0.9553938508 0.08586911857
0.9589278102 0.13285999
0.9531189203 0.1293801367
0.9506168962 0.1216605604
0.9465588331 0.113471739
0.9424856901 0.1028442532
0.9374068379 0.08993559331
0.9332452416 0.07937728614
0.9277374744 0.07298277318
0.9248270392 0.0647836253
0.9225050211 0.05572533607
0.9159053564 0.05082791299
0.9089641571 0.04850414023
0.9057477713 0.04718236998
0.9060885906 0.04903696477
0.9067381024 0.0511357002

