0.826128304 0.187794283
0.8264085054 0.1902962625
0.8300340176 0.1980742514
0.8337821364 0.2069045156
0.8369427919 0.2132264972
0.8414645791 0.2202738225
0.8498904705 0.2296691239
0.862016499 0.2390898019
0.8740395904 0.2425691038
0.8826898336 0.2411226332
0.8895922899 0.2375102341
0.8944161534 0.2328860164
0.8965149522 0.2279836535
0.8982986808 0.2218090892
0.8969276547 0.2147738338
0.8976225853 0.2082857043
0.8948534727 0.2001999319
0.8891584873 0.1928711087
0.8849714398 0.1890925169
0.8807153702 0.1897585392
0.8769536614 0.1917289644
0.874273181 0.195438385
0.8728966713 0.200054124
0.8710671663 0.2040484399
0.8693031669 0.2063218653
0.8690018654 0.207348153
0.8692920208 0.2053864151
0.8695008159 0.1987636983
0.8688821793 0.1926862299
0.8681955338 0.1853006631
0.8687074184 0.1780031174
0.8712927103 0.1721658856
0.8717606068 0.1672070473

