0.6156287193 0.6161831617
0.6109332442 0.6172565222
0.6109332442 0.6172565222
0.6079929471 0.6191200614
0.6062467694 0.6225361824
0.6055333018 0.6266499162
0.6055358648 0.6305201054
0.6055412292 0.6346461773
0.6060155034 0.6398943663
0.6076111794 0.6457005143
0.6118665934 0.6514707804
0.6177682281 0.6555904746
0.6231159568 0.6563568115
0.6280094385 0.6575662494
0.6347103119 0.6588141322
0.6423879266 0.6589933038
0.6498852968 0.6585254073
0.6549871564 0.656229794
0.6597448587 0.6538569331
0.6650412083 0.6511414051
0.6692794561 0.6472122669
0.6712024808 0.6425519586
0.6708141565 0.6383961439
0.6691581607 0.6342759728
0.666521132 0.6305208206
0.6632225513 0.6269603372
0.6593563557 0.6242426634
0.6551238298 0.6227585077
0.6506559253 0.6224668026
0.6469875574 0.6230892539
0.644746542 0.6251491904
0.6425119042 0.6276650429
0.6406938434 0.6309354901
0.6388264894 0.634860158
0.6384979486 0.6367464066
0.6391940117 0.6364392042
0.6404506564 0.6361094713
0.6414015889 0.6352206469
0.6416087747 0.631110847
0.6417530179 0.626781702
0.6431363225 0.6223447323
0.6461418271 0.6179719567
0.6487885118 0.611759901
0.6491760015 0.6052775383
0.6491702795 0.5985518098
0.6505328417 0.5935561061
0.6516897678 0.5916076899

