0.851405859 0.2091417611
0.8503909111 0.2075971812
0.8504118323 0.207972914
0.8491879106 0.2096999735
0.8479080796 0.2111694217
0.8453598022 0.2116320878
0.8417109251 0.2122616768
0.8392083645 0.2150794715
0.8377357721 0.2184152454
0.8365531564 0.222809568
0.8355116248 0.2270575762
0.8349395394 0.230060026
0.8349533677 0.2328520715
0.8363569975 0.236316666
0.8392580748 0.2404994071
0.8434025645 0.2446416616
0.8483620286 0.2480449826
0.8527736068 0.250138253
0.8573522568 0.2518817186
0.8630385399 0.2530784011
0.869177103 0.2546620369
0.8761002421 0.2549283504
0.8816543818 0.2538662255
0.8870975971 0.25274086
0.8922348022 0.2505621612
0.8962800503 0.247033298
0.8993360996 0.243366763
0.8994027376 0.2377244383
0.898699522 0.2326893955
0.898170352 0.2283388227
0.8974728584 0.2241470814
0.8953926563 0.220213443
0.8929077983 0.2165393531
0.8889220953 0.2133726925
0.8859821558 0.2110260576
0.8837351203 0.209704265
0.8823387027 0.2096803635
0.8812997937 0.2095952779
0.8806290627 0.2096583098
0.8807943463 0.2103524208
0.8819797039 0.2109633684
0.8843985796 0.211265564
0.8878635764 0.2115938216
0.8913711905 0.2120984197
0.895285666 0.2122676373
0.9002099037 0.2120352089
0.9069199562 0.211256817
0.914468646 0.2102128863
0.9232299328 0.2097525299
0.9290415049 0.2112610042
0.9348611832 0.2128625363
0.9413295984 0.2154339254
0.9461083412 0.2195644379
0.9487296343 0.2242704332
0.9474864006 0.2298476994
0.9457896948 0.2357111573
0.944896102 0.2411560416
0.9443366528 0.2455325276
0.9427270889 0.2485223114
0.9397106171 0.2504410744
0.9366366863 0.2497134358
0.9336479902 0.2470444441
0.930421114 0.2444892228
0.9268500209 0.2416549176
0.9217522144 0.2365739793
0.9165225625 0.2317987382
0.9112094641 0.226707086
0.9072878957 0.220464766
0.9036209583 0.2124486119
0.9009521008 0.20473966
0.9006685615 0.196961686
0.9009448886 0.1904670894

