0.8466691971 0.1190209165
0.8446031809 0.1207515746
0.8424030542 0.1227052286
0.8403193951 0.1268339306
0.8397956491 0.1317625344
0.8410576582 0.1367548108
0.8431621194 0.1423342675
0.8465695977 0.1473377049
0.8499448895 0.1513101459
0.8553926945 0.1553509086
0.8606811166 0.1584583819
0.8679692149 0.160625428
0.8752211332 0.1622087806
0.8832154274 0.1623798013
0.8894985318 0.159978658
0.8935773969 0.1566044092
0.8972992897 0.1530185193
0.9004644752 0.149361074
0.9030351639 0.145413056
0.9016432166 0.1396185607
0.8984079361 0.1332675368
0.8951377869 0.127636984
0.8913769722 0.1239320934
0.8874993324 0.1202568933
0.883677721 0.1170422435
0.8798315525 0.115292564
0.8778879046 0.1151199564
0.8822450638 0.1164808422
0.8822450638 0.1164808422
0.88623631 0.1174697205
0.8925700784 0.118905209
0.8925700784 0.118905209
0.8990391493 0.119688727
0.9073767662 0.1197555214
0.9158909917 0.1193699464
0.9283360839 0.1212268695
0.9428816438 0.1262996942
0.9536299706 0.1328292787
0.9580987692 0.1379813105
0.9607264996 0.1436262727
0.9576848745 0.1507556736
0.9498053193 0.1553693414
0.9423135519 0.157120347
0.9312729836 0.1535984278
0.9211603403 0.1480318904
0.9173023105 0.1418278515
0.9156253934 0.1322369128
0.9144336581 0.1188086569
0.913389802 0.104884319
0.9108402729 0.09212335944

