0.8474761248 0.5554403067
0.8450337052 0.5572490692
0.8448598385 0.560112834
0.8449826837 0.5643086433
0.8446269035 0.5690152049
0.8431532383 0.5725548863
0.8420372009 0.5771228075
0.8447219133 0.5813113451
0.848703742 0.5855000615
0.85331738 0.5883997679
0.8568948507 0.5906578302
0.8608156443 0.5930553675
0.8665413857 0.5954964161
0.8741439581 0.5970008969
0.8805988431 0.5978471041
0.8852025867 0.5967838764
0.8887045383 0.5943163633
0.8934776187 0.5928463936
0.8986775875 0.5902094841
0.901750803 0.5864393711
0.9028259516 0.5813338757
0.9028379917 0.5761636496
0.9029215574 0.571551919
0.9025518298 0.5680021048
0.8991029859 0.5644052029
0.894767046 0.5600448847
0.8880705237 0.5563710332
0.8833866715 0.5549553633
0.8791358471 0.5553724766
0.8762013316 0.5548169613
0.8748828173 0.5527924299
0.8746208549 0.5517991781
0.8761510849 0.5522697568
0.8784579635 0.5535832047
0.8811662793 0.5547162294
0.8844600916 0.5548022985
0.8886933327 0.5555799007
0.8935832381 0.5573918223
0.8992783427 0.558932066
0.9041673541 0.5605615973
0.9098661542 0.5622471571
0.9160218239 0.563921392
0.9232167006 0.5652701259
0.9291757941 0.5672199726
0.9338592887 0.5699706078
0.936958909 0.5737133622
0.9377142191 0.5782337785
0.9401281476 0.5825398564
0.9408658147 0.5878278613
0.9404875636 0.5926182866
0.9393393397 0.5965757966
0.9359794259 0.5994902253
0.9328639507 0.6015692949
0.9296153784 0.6023367643
0.925606966 0.6008422971
0.9215524793 0.5981861949
0.9180947542 0.5938587189
0.9138139486 0.5884408355
0.9097677469 0.5820026994
0.9070683122 0.5751417279
0.9052166343 0.5659689903
0.9026849866 0.5559922457
0.8987897635 0.5442022085

