0.5287787318 0.3069952726
0.5250266194 0.3076328933
0.5210065246 0.308460921
0.5178232789 0.3087812662
0.5150386095 0.3117965758
0.5123742223 0.3165124059
0.511090517 0.3214658499
0.5108150244 0.3257031441
0.5127949715 0.3308366835
0.516063273 0.3361911178
0.5213239789 0.3406140506
0.5268923044 0.3448630571
0.5332685113 0.3487171829
0.5417093039 0.3516235054
0.5508729219 0.3526060581
0.5587251782 0.3523384929
0.5662802458 0.3506427407
0.5742608309 0.3491389155
0.5822925568 0.347186923
0.5897136927 0.3438947201
0.5933377147 0.3377352953
0.5932973027 0.3300517797
0.5921062231 0.3244621754
0.5910937786 0.3197494149
0.5888446569 0.3166090548
0.586456418 0.3130142093
0.5813031793 0.3099756241
0.5749095678 0.3089769483
0.5692797899 0.3090087473
0.5650273561 0.3123049438
0.5617165565 0.3151864111
0.5590142608 0.3195341229
0.5569960475 0.3239682019
0.556096673 0.3278239667
0.556573689 0.3317440748
0.5594012737 0.3334028423
0.5613712072 0.3325551748
0.5621933341 0.3289259672
0.5630121827 0.3249912858
0.5648949146 0.3180175424
0.5662798882 0.3109394908
0.5672594905 0.3025051951
0.5671706796 0.2940625548
0.5652931929 0.2854943573

