0.754734993 0.7836793065
0.7538151741 0.7873811722
0.7531281114 0.7907222509
0.7523188591 0.794373095
0.7531496286 0.8015526533
0.7552566528 0.8094646931
0.7588279247 0.8176797628
0.7646132708 0.825499177
0.7696059346 0.8316841125
0.7755123377 0.8374544382
0.7844008207 0.8409775496
0.7934707403 0.8430358171
0.8019827604 0.8438811302
0.8081830144 0.8415507078
0.8140242696 0.8389322162
0.8162956834 0.8323024511
0.8169386387 0.8239045739
0.81832093 0.8172068596
0.8168256283 0.8106182218
0.8115839362 0.8043014407
0.8060228825 0.800033927
0.8012844324 0.7979865074
0.7968591452 0.7989434004
0.793508172 0.8034166098
0.7915205359 0.8085404634
0.7913383842 0.8146566153
0.7930397987 0.8209240437
0.7947838902 0.8242126703
0.7949283123 0.8229725957
0.7948865891 0.8192022443
0.7945696115 0.8123009205
0.7951045036 0.8026503325
0.7955933809 0.7957212925
0.797175765 0.7850894928
0.7983890176 0.7755971551
0.799601078 0.766887188

