0.5040633678 0.4839658737
0.5004882812 0.4892284274
0.5004882812 0.4892284274
0.5004882812 0.4955123067
0.5016598701 0.5013145804
0.5049375296 0.506544888
0.5080834031 0.5119298697
0.5155869722 0.5197317004
0.5236406922 0.5254418254
0.5310282707 0.5303058624
0.5392199755 0.5340374708
0.5477371216 0.5366104841
0.5559914708 0.5370047092
0.5637480021 0.5377305746
0.570278883 0.536896348
0.5755469799 0.5361189842
0.5785817504 0.5336360931
0.5798843503 0.5290619135
0.5805717707 0.5237275958
0.5803195238 0.5184783936
0.5786124468 0.5124693513
0.5762682557 0.5057551265
0.5732775331 0.5000699759
0.5687080026 0.4951020479
0.5644227862 0.49236238
0.559607625 0.4925998747
0.5540642142 0.4955077171
0.5492119789 0.4983459413
0.5457115173 0.5045909882
0.5441331267 0.5107830167
0.5437174439 0.5172336102
0.5467371941 0.5228399038
0.5486486554 0.5266107321

