0.8106400371 0.868947506
0.8081753254 0.8699688911
0.8071323633 0.8734955788
0.8071230054 0.8781642914
0.8077703118 0.8797062635
0.8053828478 0.8820948601
0.8046568036 0.8849772811
0.8057773113 0.8896688223
0.8083248138 0.894788146
0.8114495277 0.8988400698
0.8132783771 0.9017108083
0.8154914379 0.9065359235
0.8201627135 0.9112946987
0.8291624784 0.9163840413
0.8367779255 0.9177364111
0.8408902884 0.9174710512
0.8454696536 0.917075038
0.851924479 0.9175370336
0.8588508368 0.9187694788
0.8656089306 0.9193143845
0.8697037697 0.9185900688
0.8723375797 0.9149371386
0.8753517866 0.9102362394
0.8784996271 0.9079549909
0.881850481 0.9058852196
0.8818560839 0.9027603865
0.8805071115 0.8971501589
0.8773400784 0.8912718296
0.8744101524 0.8864758611
0.8705247641 0.8826701641
0.8656636477 0.8799990416
0.8621991873 0.8764947653
0.8580681682 0.8754864335
0.8544301391 0.8763038516
0.8507343531 0.8774045706
0.8468540907 0.8803594112
0.844624579 0.8826338053
0.843705833 0.8853219151
0.8442010283 0.8899678588
0.8463685513 0.897379756
0.8494336605 0.9046257734
0.8523790836 0.9104373455
0.8554250002 0.9135302305
0.8586193919 0.9159502983
0.8628017306 0.9167653918

