0.8509639502 0.8604032993
0.848300457 0.8643109798
0.8514558673 0.8725612164
0.8567603827 0.8790629506
0.8644814491 0.8858561516
0.8709048629 0.8936560154
0.8782893419 0.8995740414
0.8926022053 0.90825212
0.912432313 0.9208896756
0.9347745776 0.9305005074
0.9410702586 0.9293631315
0.9475587606 0.9244828224
0.9597418308 0.9228897095
0.9567145705 0.8952801824
0.9480814934 0.8846988678
0.9396227598 0.8754866123
0.9298043251 0.8677179217
0.9212030172 0.8625907898
0.9129174948 0.8608403206
0.9068548679 0.8604059219
0.903305769 0.8671232462
0.9015282393 0.8742444515
0.9029625654 0.8810409307
0.9075453877 0.889942646
0.9142030478 0.8982300758

