0.7446867824 0.5813748837
0.7434919477 0.5819619894
0.743437767 0.5864292979
0.7448570728 0.5934416056
0.7467749715 0.5983201265
0.7515195608 0.604270637
0.7576174736 0.611694932
0.7666525841 0.6200258732
0.7772800922 0.6274394393
0.7858875394 0.6309006214
0.7945454717 0.6324312091
0.8044623137 0.631565094
0.8127949238 0.6304626465
0.8210387826 0.6283192039
0.8260706663 0.6239078045
0.8272019625 0.615845263
0.8294041753 0.6084991097
0.8296564817 0.6010398865
0.8257410526 0.593959868
0.8206906319 0.5886260271
0.8137626648 0.5856096148
0.8058218956 0.5854034424
0.7994378805 0.5880237818
0.7940687537 0.5908068419
0.7903699279 0.5958178639
0.7895237803 0.6028671265
0.7930560112 0.6123723388
0.7966468334 0.6199145317
0.7992130518 0.624602139
0.8026752472 0.6267799735

