0.6131427884 0.3516521156
0.6130494475 0.3538839817
0.6139554977 0.3585925698
0.6168738604 0.3653400242
0.6197842956 0.369764626
0.6228680611 0.3725241423
0.6256405711 0.374814868
0.6306952238 0.3785169125
0.6390393972 0.3841305673
0.648344636 0.3894475996
0.657351613 0.3910630643
0.6640453339 0.3908870518
0.6711134911 0.3916456103
0.6783971786 0.3904836178
0.6840668321 0.3875136077
0.6866613626 0.382463485
0.6845732927 0.3753938675
0.6820100546 0.3696961999
0.6760904789 0.3634824455
0.6709108353 0.3595224023
0.665515542 0.3559076488
0.6579700112 0.3550436795
0.6521880031 0.3570021987
0.6473649144 0.3617629409
0.6457298398 0.3651199937
0.6450502872 0.3710465431
0.6459821463 0.3759856522
0.6479048729 0.3811801374
0.65042454 0.3854452372

