0.8219677806 0.7974222302
0.8219729662 0.7988301516
0.821271956 0.8010557294
0.8218607306 0.8058475256
0.8236012459 0.8107353449
0.827237606 0.8152289987
0.8309451938 0.8189086318
0.8344609737 0.8235077262
0.8401673436 0.8306239843
0.8474479914 0.8371132016
0.8544390798 0.8414199948
0.8616964221 0.8424272537
0.8678443432 0.8435010314
0.874851346 0.8448272943
0.8827020526 0.8451436758
0.8904214501 0.8444653749
0.8962392807 0.8410056829
0.9005513787 0.8373271227
0.9023491144 0.8305937648
0.904409349 0.8246489763
0.9049090147 0.8189942837
0.9052181244 0.8139001727
0.9027113914 0.8087421656
0.8976386786 0.8034183383
0.8937267661 0.7997453809
0.8891242146 0.7979022861
0.884418726 0.7965515852
0.8794888854 0.7954663038
0.8739750385 0.7972581387
0.8699066043 0.8005127907
0.8661066294 0.8054254055
0.8628349304 0.8107774258
0.860542655 0.8158347607
0.8588191271 0.8204225898
0.8594018817 0.8267681599
0.8605303764 0.8328787088
0.8615903258 0.8373970389
0.8626240492 0.8400015831

