0.7885524035 0.7839444876
0.7898086309 0.7872726917
0.7940660715 0.7932294607
0.7979223728 0.7982928753
0.803421855 0.8050998449
0.8153731823 0.815115571
0.8285486698 0.8208968043
0.8394113779 0.823343575
0.8499830961 0.8247495294
0.8637766838 0.8246380091
0.8736433983 0.8191319108
0.8790756464 0.8119122982
0.8815991879 0.8031594753
0.8797107935 0.7918071151
0.8712531328 0.7840835452
0.8620349169 0.7801753879
0.8555216789 0.7798286676
0.8499907255 0.7791172266
0.843947053 0.7797788382
0.8385931253 0.781868577
0.8343983889 0.7858344913
0.8326035738 0.7903022766
0.8334892988 0.7966788411
0.8359965086 0.802775979
0.8382236958 0.8078094721
0.8424743414 0.8136969805
0.8451248407 0.816829741
0.8481814265 0.8172574639
0.8525675535 0.818153739

