0.7250640392 0.6979057789
0.7252178192 0.702377677
0.7262998819 0.7082262039
0.7280750275 0.7155195475
0.7311705351 0.7219793797
0.7347569466 0.7281870842
0.739928484 0.7347513437
0.7459400892 0.7398662567
0.7559805512 0.7436716557
0.7655538917 0.7473743558
0.7726243734 0.7489652634
0.7789081931 0.747053802
0.7853682041 0.744715929
0.792211473 0.7421193123
0.7985202074 0.7373828292
0.8013857007 0.731700182
0.8011604548 0.7248421311
0.8002350926 0.7187379599
0.7987933755 0.7137681246
0.7965259552 0.7088421583
0.7909088135 0.7053589225
0.7856809497 0.703692615
0.781047821 0.7043275237
0.7759302855 0.7076852918
0.7716906071 0.7117180824
0.7681601048 0.7164485455
0.7671918869 0.7231401801
0.7678903937 0.7282394171

