0.7909830809 0.4298203588
0.7846678495 0.4343705773
0.7777034044 0.4391118884
0.7715442181 0.4449678361
0.7666047812 0.4511107206
0.7618063092 0.4551726878
0.7569062114 0.4570579231
0.7525239587 0.4570084214
0.7500369549 0.4555121958
0.7475912571 0.4531723261
0.74546808 0.4470469654
0.744926095 0.4393415153
0.7466188669 0.4303534925
0.7506597042 0.4170515537
0.7592175603 0.4002251029
0.7677048445 0.3871818185
0.7749071717 0.3773959279
0.7808374166 0.3730244339
0.7863744497 0.371183306
0.7910430431 0.3787122667
0.7938272953 0.3881340921
0.7948812842 0.4019775987
0.7944901586 0.4176797271
0.7938584685 0.4323933423
0.7928068638 0.4472384453
0.7928692698 0.4545444846
0.7950003147 0.456543535
0.7969810367 0.4492420852
0.7967586517 0.4422720969
0.7944055796 0.4293684363
0.7935566902 0.4170241058
0.7970753312 0.4056802988
0.8023421764 0.3972236514
0.8092577457 0.3916971385
0.8173363209 0.3911861777
0.8227068782 0.3924527168
0.8261036277 0.401075393
0.8264707923 0.4132182896
0.8225476146 0.4236321449
0.8185430765 0.4268830419
0.8146932721 0.4269493818
0.8120273352 0.4250324965
0.810497582 0.4218819141
0.8106957078 0.4187731743
0.813262701 0.4143784046
0.8158768415 0.4120637178
0.8179036975 0.4118837416
0.8187294602 0.413797915
0.818271637 0.4168370664
0.8166514039 0.4199397862
0.8155505657 0.4220598936
0.8143750429 0.4231393337
0.8134622574 0.4232190847
0.8133698106 0.422619164
0.8136048913 0.421721369
0.814186275 0.4214455485
0.8143318892 0.4220066965
0.8139715791 0.4227392077
0.8135925531 0.4234320819
0.8130961657 0.4233283997
0.8128916025 0.4234067798
0.8131470084 0.4234051704
0.8130950332 0.4234977365
0.8129769564 0.4241330028
0.8124426007 0.4246618748
0.8118182421 0.4251137376
0.8115907907 0.4251512289
0.812076509 0.4245129228
0.8125828505 0.424338758
0.8128920794 0.4245627522
0.8128392696 0.4248634577
0.8125969768 0.4255855978
0.8123761415 0.4260316491
0.8122121692 0.4261918664
0.8122304082 0.4263980985
0.8123392463 0.4259872139
0.8127616644 0.4256514311
0.8132267594 0.4255260825
0.8132666945 0.4256067872
0.8130798936 0.4261129498
0.8128656149 0.4270337224
0.8126465082 0.4284862876
0.8124983311 0.4309038222
0.8119838238 0.4342643023
0.8117222786 0.4395987988
0.8127983809 0.4487336278
0.8117810488 0.455481112
0.8101294041 0.4599645734
0.8090113997 0.4630353451
0.8083567619 0.4641539454
0.8082997799 0.4636561871
0.807915926 0.4639570713
0.8074704409 0.4639973044
0.8072657585 0.4643633366
0.8068147898 0.4653068781
0.8060116768 0.466804117
0.8049037457 0.4689595699
0.8039603829 0.4712083936
0.803059876 0.473733902
0.8022662401 0.4764711559
0.8018087149 0.479760915
0.8011285663 0.4835607409
0.8006037474 0.4869869947
0.8006602526 0.4902940989
0.8004779816 0.4936187565
0.7998562455 0.4973109365
0.7991856337 0.5011874437
0.7983103395 0.5056190491
0.7975524068 0.5103772283
0.7966226935 0.5137844682
0.7957628965 0.5171067715
0.7956985235 0.5191246867
0.7955597639 0.5207238793
0.7952929139 0.5212256908
0.7950264215 0.5214830637
0.7954881191 0.5206179023
0.796014607 0.5200875401
0.7962795496 0.520082891
0.7963910699 0.5204360485
0.7961513996 0.5206639767
0.7960104942 0.5206359029
0.7960203886 0.5204402208
0.7961453199 0.5203973055
0.7962867022 0.520293355
0.7963626385 0.5203385353
0.7963950038 0.5209521055
0.7961608171 0.5213442445
0.7961375713 0.5210020542
0.7963701487 0.5201707482
0.7964895964 0.5196302533
0.7963681221 0.5193465948
0.7963169813 0.5192680955
0.7963926792 0.519220829
0.7966117263 0.5191023946
0.7967143059 0.5185693502
0.7969424725 0.5175687075
0.797360003 0.5163298249
0.7978931665 0.5153256655
0.7981798053 0.5145222545
0.7983800769 0.5144764185
0.7985342741 0.5143482685
0.7987316847 0.5141931772
0.7989845872 0.5143055916
0.7992266417 0.514539957
0.7991573811 0.5151570439
0.7992876768 0.5154148936
0.7994688153 0.515460968
0.7997809052 0.5156829953
0.7997815609 0.5164225698
0.7995431423 0.517143786
0.7994809151 0.5177367926
0.7995483875 0.5185856819
0.7997099161 0.5197525024
0.7996975183 0.5214306116
0.7995165586 0.5235712528
0.7992231846 0.52616328
0.799038887 0.5296260715
0.798946619 0.5347421765
0.7999475002 0.541038394
0.8013361692 0.5502158403
0.8020324111 0.5604949594
0.8022455573 0.5720027685
0.8038531542 0.589522779
0.8059248924 0.6106432676
0.8068770766 0.6382876635
0.8093764186 0.6730115414
0.8111640811 0.7178134322
0.811779201 0.7708047628
0.8122987747 0.8368175626
0.8153969049 0.9111443758
