0.7121652365 0.3192462921
0.7141640186 0.3250852525
0.7174336314 0.3338716626
0.7165890932 0.3417658806
0.711615622 0.3513174951
0.7040556669 0.3611862063
0.6928752661 0.3682646751
0.6816687584 0.3708580136
0.6718879342 0.3670682907
0.6680196524 0.3545283973
0.6699444056 0.3424635828
0.6734634042 0.3296152353
0.6779541373 0.3188598454
0.6805405617 0.3097512424
0.6849392056 0.3001205921
0.6900435686 0.2901737988
0.7002092004 0.2826588154
0.707788527 0.2758038044
0.7163956165 0.2690275311
0.7244841456 0.2641204
0.7330017686 0.2608608007
0.7427646518 0.2600002289
0.7525410652 0.2594015598
0.7617902756 0.2638144791
