0.6159881353 0.4682967961
0.6197499633 0.470402956
0.6244091988 0.4683327377
0.6291856766 0.466566205
0.6291856766 0.466566205
0.633888483 0.4662793279
0.641433537 0.4691931605
0.6514204741 0.4732966721
0.6639351249 0.4767326117
0.6746331453 0.4774632454
0.6833738089 0.4803507924
0.6895899773 0.4807215631
0.6902238131 0.4799547791

0.649687767 0.4758102894
0.6464186907 0.4653940797
0.6457221508 0.4520689845
0.6475796103 0.4404015541
0.6474535465 0.4295325279
0.6449499726 0.4195230901

0.6103446484 0.425837338
0.6192151308 0.423455447
0.6295038462 0.4231920242
0.6390206218 0.4228404164
0.6503112316 0.4222530127
0.6589236856 0.4226261973
0.6688476801 0.424864471
0.6795191765 0.4273612797
0.6884220243 0.4297325611
0.6958981156 0.4317991138
0.6987938881 0.4320591688

