0.8535428047 0.6262464523
0.8576116562 0.6282693744
0.8641662598 0.6298371553
0.8722381592 0.6313757896
0.8812786341 0.6314487457
0.8894282579 0.6320277452
0.9006977081 0.6338838339
0.9143288732 0.6371069551
0.9280034304 0.639564693
0.9386438727 0.6400136352
0.9449778199 0.6404550672
0.9481432438 0.6411028504

0.9096903205 0.6284601688
0.9088494778 0.6218408346
0.9081103206 0.6141921878
0.9068887234 0.6064559221
0.904027164 0.5998085737
0.9013438225 0.5947059393
0.9001762271 0.5905165672

0.8580092788 0.5855879784
0.8652877212 0.5856872797
0.8761215806 0.588010788
0.8881282806 0.5877059698
0.9012668133 0.5884680748
0.9149641991 0.5893726349
0.9311665297 0.591478765
0.9457494617 0.5930262804
0.9567625523 0.5935054421
0.9599609971 0.5937780738

