0.8577618599 0.7053325176
0.8634642363 0.7076007128
0.8675447702 0.7083742023
0.8735132813 0.7090029716
0.8779982328 0.7086511254
0.8846181631 0.7075711489
0.8978476524 0.7089056969
0.9118163586 0.7100461721
0.9275482893 0.7119108438
0.9275482893 0.7119108438
0.9386060834 0.7131978273
0.9469809532 0.712481916
0.9501777887 0.7119569182

0.8939429522 0.7016834021
0.8940484524 0.6917772293
0.8932728767 0.6799731255
0.8903928995 0.6734222174

0.8733187914 0.6603649855
0.8814765215 0.6612780094
0.8920420408 0.661003232
0.9030098915 0.6618328691
0.9117242098 0.6617742777
0.9204549193 0.6627340317
0.9275397062 0.6634329557
0.935661912 0.6638999581
0.9415844679 0.6640914083
0.9399886131 0.6631276011

