0.827211082 0.4650126994
0.8325042129 0.4647610486
0.8387777209 0.4650992751
0.8475199938 0.4656720459
0.8563397527 0.4664480388
0.8663249016 0.4652510285
0.8785257339 0.4662205875
0.8919021487 0.4697254002
0.9038665891 0.4739270508
0.9111750126 0.4755120277
0.9123487473 0.4737013578
0.9173839092 0.4744439125
0.9221628308 0.476226896

0.8733633161 0.4530461431
0.870316267 0.4444150925
0.867598176 0.4355851412
0.8666044474 0.4264894128
0.8678741455 0.4205743074
0.8679432869 0.4154221117
0.8670504093 0.4120647311
0.8655769825 0.4098032117

0.83613199 0.4139892757
0.8450968266 0.4140125215
0.8567038178 0.4135131836
0.8699179888 0.4149328172
0.886017561 0.4166168571
0.9026120901 0.4190092087
0.9167665243 0.4194707274
0.9249751568 0.4211621583
0.9358049631 0.4219915867
0.9432102442 0.4218655229
0.9471375942 0.421610117

