0.7188386917 0.813986659
0.7218105197 0.8149610162
0.72620821 0.8165816069
0.7309963703 0.8158003092
0.7348849177 0.8157384396
0.7412307858 0.8162913322
0.7490282059 0.8183483481
0.7594274879 0.8230400085
0.7678155303 0.8247070312
0.7754245996 0.8244740963
0.7829407454 0.8256622553
0.7908365726 0.8280724287
0.7965422869 0.8304353952

0.764441371 0.8182625771
0.7623224854 0.814692378
0.7613669634 0.8088955283
0.7603579164 0.8012973666
0.7601146698 0.7938319445
0.7583966851 0.78761971
0.7549150586 0.7815358043
0.752332747 0.7757158279
0.7488796115 0.7721252441
0.7447675467 0.7704274654

0.7253938913 0.7658829093
0.7294979095 0.7659268379
0.7363830805 0.7666779757
0.7448120117 0.7671538591
0.7548237443 0.7693041563
0.7628462911 0.7721357942
0.7702841163 0.7740291953
0.779094696 0.7748788595
0.78720963 0.7766378522
0.7939738035 0.7774772644

