0.5115195513 0.8321465254
0.5173742771 0.8353042603
0.5236119032 0.8376246095
0.5308494568 0.837144196
0.5366695523 0.8355022669
0.5416205525 0.8356246948
0.547406733 0.8364052773
0.5555297732 0.8400387168
0.5633522272 0.8414607644
0.5720240474 0.8416685462
0.578437686 0.8417287469
0.5832509995 0.8419185877
0.5887517929 0.8408914804
0.5938490033 0.8402755857
0.5972679853 0.8404180408

0.5626800656 0.8334423304
0.5622348189 0.8274299502
0.5612660646 0.8230022192
0.5605413318 0.8183375001
0.5596686006 0.8119320869
0.5579275489 0.8031594753
0.5562471151 0.7970221043
0.5555221438 0.7930538654
0.5542768836 0.7890756726
0.5513430834 0.7863046527

0.5067129731 0.7785996199
0.5139243603 0.7793031931
0.5236490369 0.7784891725
0.5331435204 0.7764251828
0.5397128463 0.7761669159
0.5470062494 0.7753977776
0.5557060838 0.776887238
0.5657647848 0.7779350281
0.573993206 0.7786130309
0.581499815 0.7793685794
0.5881766081 0.7797859311
0.5934702158 0.7800318003

