0.7220897675 0.2961539328
0.7245272398 0.295894891
0.7296191454 0.2979197502
0.7368755341 0.3001010418
0.7423980236 0.2999358773
0.7478785515 0.299092114
0.7543737888 0.2997600436
0.7635345459 0.3032601178
0.7730404735 0.3063494265
0.7816358209 0.3083651066
0.7874025702 0.3084529936
0.7906212211 0.3074118197
0.7934908867 0.3077409863

0.7685576081 0.2972947657
0.7680318356 0.2903323174
0.768468976 0.2840092778
0.7681981325 0.2772077918
0.7673182487 0.2702003717
0.7650575638 0.2626199126
0.7622022629 0.2561392784
0.7597621679 0.2512558997

0.7168636322 0.247180149
0.7220647931 0.2484490722
0.7275559902 0.2476765513
0.7332298756 0.2467359006
0.7401155233 0.2468316555
0.7484064102 0.2474932969
0.7576397061 0.2486334741
0.7672948837 0.249933973
0.7760157585 0.2509291768
0.7836900949 0.2518340945
0.7918027639 0.2524757087
0.7989744544 0.2528676987
0.8036413789 0.251827836

