0.7431772947 0.8074523211
0.7476759553 0.8076800108
0.7556804419 0.8095273972
0.7637548447 0.8090829849
0.7705354095 0.8096414804
0.7787894607 0.8108530045
0.7875801325 0.811098218
0.7967089415 0.8108035922
0.8052645922 0.8109059334
0.8111534715 0.8100745082
0.8150126338 0.8095476031

0.7847977281 0.8107059002
0.7832341194 0.8061598539
0.7844099998 0.7993965149
0.7845419049 0.7921994925
0.784471035 0.784773469
0.7837888598 0.777230978
0.7832152247 0.7709093094
0.7817081213 0.765345633

0.7309736013 0.7575002909
0.7366343141 0.7578703165
0.7441327572 0.7574865222
0.7544192076 0.7582091093
0.763232708 0.7574899197
0.7732009888 0.7571461797
0.7834228277 0.7579642534
0.7945201993 0.7597079873
0.8061324358 0.7608112097
0.8129172325 0.7605654597

