0.7191665173 0.2748216391
0.7230872512 0.2748984098
0.7264690995 0.2752713561
0.730355978 0.2756493986
0.7366942763 0.2756303549
0.7455177903 0.2760540545
0.7538650632 0.2766270041
0.7623440027 0.277944386
0.7713391781 0.2786103785
0.7811135054 0.2783644497
0.7901288271 0.2782182992
0.7968275547 0.2789574564
0.8025722504 0.2794258296
0.806417048 0.2802397609

0.7574658394 0.2708793283
0.7568181753 0.2653286159
0.7568206787 0.2572752535
0.7588043809 0.2508220375
0.759835124 0.2439908981
0.7592837811 0.2374545783
0.7578793764 0.2315698415
0.7539973259 0.2270366848

0.6971476674 0.2189719826
0.7009295821 0.218983829
0.7092828155 0.2207683027
0.7169890404 0.2213719189
0.7281591892 0.2229865789
0.7373568416 0.2248289287
0.7470228076 0.2260300964
0.7584790587 0.227775842
0.7710164785 0.2288046479
0.7820204496 0.2293778956
0.7925006151 0.2297776937
0.8019071221 0.2300541401
0.8095060587 0.2299028933

