0.6078556776 0.7373575568
0.6115785837 0.7356384993
0.6159080863 0.7364228368
0.6208837032 0.737814486
0.6268470883 0.7382488251
0.6330839992 0.739575088
0.6399425864 0.7408105135
0.6466453671 0.7414345741
0.6524108648 0.7423306108
0.6570463181 0.7420737743
0.6606862545 0.7417630553
0.6642924547 0.7422063351
0.6671928763 0.7427238226
0.6681839228 0.7424811125

0.6137298942 0.7462433577
0.6122537851 0.7429151535
0.608689785 0.7362479568
0.605506897 0.7292277813
0.6042866111 0.7234851122
0.6045362353 0.7169089913
0.6063374877 0.7110523582
0.6097707748 0.7049233913
0.6127550006 0.7001665235
0.615885973 0.6968979836
0.6211283207 0.6941919327
0.6263633966 0.6929124594
0.6325238943 0.6945258379
0.6392686963 0.6996074915
0.6452221274 0.7047630548
0.6503107548 0.7103303075
0.6548796296 0.7171247005
0.6588886976 0.7238294482
0.6609860063 0.7298478484
0.6611375213 0.735596478

