0.8498676419 0.3303259611
0.852109313 0.3313256502
0.8556041121 0.3323476017
0.8608903885 0.3337043822
0.8675287962 0.3344740272
0.8770979643 0.336065948
0.8875613213 0.3372189403
0.9012096524 0.3389973342
0.9137510061 0.3406935334
0.9263728857 0.3414127827
0.9447342753 0.3416514099
0.9447342753 0.3416514099
0.9562958479 0.3415836394

0.8641424179 0.3533726633
0.8588601351 0.3418848515
0.8573399782 0.3303812444
0.859133482 0.317669034
0.8624683022 0.3059754074
0.8735942245 0.2989102304
0.8847059011 0.2938037515
0.8975260854 0.2922002673
0.916026473 0.2983462214
0.9360458851 0.309399426
0.9446058273 0.322887361
0.9535007477 0.3408048451
0.9577637911 0.3531672657
0.9554979801 0.3611345887
0.9509390593 0.3670967817

