0.6002708673 0.3261381686
0.6031621695 0.32394436
0.604490757 0.3236409426
0.6084979177 0.3233533502
0.6139373779 0.3237038851
0.6216794848 0.3230138421
0.6216794848 0.3230138421
0.6270249486 0.3238762319
0.6338962913 0.3251936734
0.6408045292 0.3262348473
0.6485536695 0.3273347914
0.655313611 0.3272972405
0.6594961286 0.3263068497
0.6653217077 0.3255725503
0.669246614 0.3267914653

0.6069486737 0.3395488858
0.6011520624 0.330345571
0.5989527702 0.3187873662
0.5997496843 0.3056223989
0.6026899219 0.2942268252
0.6108677983 0.2828452289
0.6217522025 0.2762378752
0.6337887049 0.2753215432
0.6450622082 0.2801085711
0.6559509039 0.2904882729
0.6618415117 0.3064728081
0.663819015 0.3163762987
0.6656754017 0.3251888156
0.6663044095 0.3337003291
0.6657956839 0.3405210376

