0.83200109 0.3135788739
0.8326413631 0.3122209907
0.8385623693 0.3119886518
0.8451159 0.3138332963
0.8510227203 0.3160917163
0.8559233546 0.3164231777
0.8616327047 0.3164392114
0.8697465658 0.3171189427
0.8801847696 0.3179098666
0.889443934 0.3192117214
0.8971676826 0.3203081489
0.9044651985 0.321716249
0.912179172 0.3224999011
0.9185450673 0.3225024045
0.9226185083 0.3222283423

0.8392501473 0.3347636461
0.837392807 0.329859376
0.8343878984 0.3248620331
0.8325713277 0.3198930323
0.8303654194 0.3139288425
0.8280158639 0.3062376976
0.8259459734 0.3001057804
0.8245278001 0.2928011715
0.8243349791 0.285582602
0.8261440992 0.2794883251
0.8295022845 0.2749270797
0.8343830109 0.2723059058
0.8392261267 0.2696770728
0.8446922302 0.2676121891
0.8528721333 0.2682965398
0.8611933589 0.2714523673
0.868686974 0.2766971886
0.8753424883 0.2843242586
0.8819730878 0.2920744717
0.8888938427 0.3014825583
0.8948169351 0.3093833923
0.899779737 0.3183545768
0.902453959 0.3264342546
0.9035596848 0.3327454031

