0.5073600411 0.536062181
0.5105230808 0.5368537903
0.5141303539 0.536829412
0.5156707168 0.535717845
0.5189386606 0.5346469879
0.5246104598 0.5354856849
0.5318245888 0.5379144549
0.5399886966 0.5404163599
0.5481804013 0.5419009924
0.5553076267 0.5430998802
0.562263608 0.5449663401
0.5689119101 0.5462538004
0.5738869309 0.5475742221
0.5797156096 0.5481814742
0.5832944512 0.5475691557
0.5841983557 0.5472101569

0.5254403353 0.5545876026
0.523348093 0.5499138832
0.5210117102 0.5434219837
0.5189854503 0.5379211903
0.5175805688 0.5319496393
0.5168291926 0.5259811878
0.5172262192 0.5202403665
0.5177568793 0.5139080882
0.5199739933 0.5088873506
0.5229432583 0.5037215352
0.5269201994 0.4992406964
0.531902492 0.4958955944
0.5364345312 0.4951972961
0.5402612686 0.4964855313
0.5455868244 0.4994539022
0.5514316559 0.5043395758
0.5572621226 0.5095861554
0.5630888343 0.5142614841
0.5676689744 0.5197582841
0.5719437003 0.5265853405
0.5762744546 0.5335744619
0.5795180798 0.5395538211
0.5808210373 0.5438024998
0.5801461339 0.546187222
0.5775569677 0.5481759906

