0.5112168789 0.4904603958
0.513520062 0.4906304479
0.515724659 0.4911916256
0.5173082352 0.4909266829
0.51884377 0.4901560247
0.52228266 0.4903151989
0.5270683169 0.4906758368
0.5316175222 0.4906726778
0.5367128849 0.490836978
0.5423032045 0.4901740849
0.5480778217 0.4903088808
0.5540794134 0.4906543493
0.5598492026 0.4905659258
0.5651740432 0.4908353388
0.570070684 0.4906638265
0.572630167 0.4902258515
0.5750010014 0.4899427891
0.5771866441 0.4898010492
0.5772245526 0.4900083542

0.5212213993 0.5089492798
0.5190389156 0.5042746663
0.5140842199 0.4968504906
0.5129272342 0.4885990024
0.5119137764 0.4802618921
0.5123038292 0.4711144865
0.5142447948 0.4622228742
0.5193521976 0.4548093677
0.5246340036 0.4500136077
0.532551229 0.4488203824
0.5401766896 0.4491287172
0.5487137437 0.4542535543
0.5577197671 0.4609626532
0.5661430359 0.4675235748
0.5718126297 0.474552393
0.5755072832 0.4810762405
0.5782719851 0.4869840145
0.5802587271 0.491805613
0.5799230337 0.4955430329
0.5789453983 0.4983476698

