0.7349134684 0.6526595354
0.7386995554 0.6532303095
0.7453985214 0.654358089
0.7534685135 0.6543716788
0.758883059 0.6542335153
0.764305532 0.6545545459
0.770994544 0.6557938457
0.7794047594 0.6576879025
0.7884755135 0.6585496068
0.7947894335 0.6584492922
0.7988231182 0.6591023803
0.8025326729 0.660027802
0.8058957458 0.6601872444

0.7361430526 0.6721436977
0.7332696319 0.6696469188
0.7311909199 0.6660437584
0.7305341363 0.6616252065
0.7302845716 0.6557489634
0.7300978899 0.6489944458
0.7299607992 0.6430293918
0.7313870788 0.6357935667
0.7330666184 0.6290363073
0.7357330918 0.6230865717
0.7387266755 0.6184553504
0.7422744036 0.6147887707
0.7468405962 0.6122429371
0.7525977492 0.6109597683
0.7594788671 0.611151576
0.7671244144 0.6137365699
0.7745278478 0.6169610023
0.781447947 0.6226562262
0.7878973484 0.6276113987
0.7935017347 0.6341133714
0.7975726128 0.641504705
0.8002842665 0.6482693553
0.8011013865 0.6548430324
0.8006352186 0.6614926457
0.7992581725 0.6670821309
0.7975655794 0.6716575623

