0.7546522617 0.2282998711
0.7595338821 0.2272152752
0.7653586864 0.2257916331
0.7713069916 0.2256428152
0.7776923776 0.2255111635
0.7842464447 0.2258429825
0.7929458618 0.2269704938
0.803602159 0.2277167588
0.8124105334 0.2285897136
0.8198117018 0.2299081683
0.8266637325 0.2314061224
0.8333903551 0.2316059619
0.8383800387 0.2301932722

0.7554781437 0.2439068556
0.7535333633 0.2401220202
0.7507778406 0.2357473522
0.7484084964 0.2299163193
0.7468085289 0.2224960327
0.7458155155 0.2163887322
0.7467767 0.2092373818
0.749155581 0.202857852
0.7514635324 0.196763128
0.7565243244 0.1921657771
0.7623063922 0.1886404455
0.7694268823 0.1861249506
0.7774930596 0.1859771311
0.786858201 0.186929971
0.7975153923 0.1894827187
0.8088923693 0.1946869791
0.8174968958 0.2010035515
0.8246818185 0.2085532844
0.8303435445 0.2172498256
0.8326610327 0.2261024863
0.8360050917 0.2341190279

