0.7524955273 0.347537756
0.7567797303 0.3456650972
0.7633821368 0.3450987637
0.770003736 0.3451097012
0.7765666246 0.3459128737
0.7840414643 0.3481012881
0.7901372313 0.3502645791
0.7913677096 0.3500498235
0.7880091667 0.3476011455
0.7822040319 0.3448098898
0.774985671 0.3415794373
0.7675557733 0.3373579979
0.7614660263 0.3330159187
0.7574238777 0.3276953697
0.7556786537 0.3222596645
0.75735569 0.3184648156
0.7629448175 0.3171671331
0.7689819336 0.3175550103
0.7743763328 0.3199203014
0.7797669172 0.3236426413
0.7804231048 0.3248278201
0.7772670984 0.321736753
0.7727811337 0.3174087107
0.7674137354 0.3112484515
0.761762023 0.3019267917
0.7588046193 0.2938785851
0.7596910596 0.285679996
0.7641388774 0.2793616354
0.7722738981 0.2803900838
0.7789995074 0.2803524733
0.7837976813 0.2795250714

