0.7412073612 0.528788209
0.7452123761 0.5265660286
0.7529031038 0.5283228755
0.7607546449 0.5325348377
0.7664835453 0.5351088643
0.7726294398 0.5362007618
0.7761266232 0.5372012854
0.7772567868 0.5366010666
0.7745007277 0.5358504057
0.77233845 0.5358665586
0.7674211264 0.5336086154
0.7611957192 0.5298173428
0.7543725371 0.5273373723
0.7493114471 0.5246034861
0.7451922297 0.5206000209
0.743680656 0.5175263286
0.7447645068 0.5148671269
0.748478353 0.5148359537
0.7531418204 0.5143229365
0.757237196 0.5150944591
0.7621577978 0.5175967216
0.7636733055 0.5169052482
0.7622511387 0.5103622079
0.7617806196 0.5063138604
0.7601724863 0.5024688244
0.7567166686 0.4958472848
0.7544801235 0.4873456657
0.7560069561 0.4840540588
0.7586780787 0.4809364676
0.7624630928 0.47858724
0.7685047984 0.4829711318

