0.6317098737 0.7620589733
0.6363453269 0.762574017
0.6411210299 0.7619664669
0.6445903778 0.761726141
0.650539279 0.7637389898
0.6569749713 0.7653572559
0.6616671681 0.7652777433
0.66403687 0.7644048333
0.6658640504 0.7641730905
0.6652732491 0.7639036179
0.6623599529 0.7625364065
0.6576192975 0.7603636384
0.6531811953 0.7584616542
0.6478657722 0.7563538551
0.6432601213 0.7532995939
0.6392726302 0.7485222816
0.6363300085 0.742957592
0.6350975633 0.738112092
0.6363592148 0.7348306775
0.6388685703 0.7319874763
0.6428650618 0.7304742932
0.649024725 0.7312892675
0.6552185416 0.7331277132
0.6602679491 0.7351194024
0.6634113193 0.7351769209
0.6617267728 0.7328177094
0.6568583846 0.7284680009
0.6521635056 0.7240610719
0.645678997 0.7169573307
0.6401234865 0.7084534168
0.6377574205 0.7003096342
0.6375129819 0.6926602125
0.6419130564 0.6875077486
0.6501980424 0.6882560253
0.6603870988 0.6915819049
0.6705301404 0.6978926063
0.6780192852 0.7019613385

