0.5551394224 0.8468643427
0.5599743128 0.8465531468
0.5633906722 0.8452958465
0.5668789148 0.8455302715
0.5723977089 0.845636487
0.576053977 0.8451915383
0.5787218213 0.845290482
0.5795561075 0.8453811407
0.5778446198 0.8440268636
0.5732803345 0.8433153629
0.5674390197 0.8442928791
0.560407877 0.842956841
0.5551059842 0.837667644
0.5478113294 0.8366527557
0.5441253185 0.8321455121
0.5433704257 0.8277096152
0.5447359681 0.8260850906
0.5486851931 0.8240116835
0.5534245372 0.8201423883
0.5599576831 0.8189039826
0.56733495 0.8184618354
0.5712826848 0.8183284998
0.5719074607 0.8185964227
0.570073545 0.8166012764
0.5652322173 0.8111382127
0.5585289001 0.8054224253
0.5534094572 0.7998403907
0.5494434834 0.7925521731
0.5464472175 0.7841260433
0.544054985 0.7779060006
0.5474240184 0.774390161
0.552778244 0.7736642957
0.5606201887 0.7757537365
0.5671630502 0.7752436996

