0.669031918 0.1271639466
0.6747997999 0.1265251786
0.6844929457 0.1262509972
0.6920877695 0.127685383
0.7022244334 0.1327558607
0.7115287781 0.1369121969
0.7126344442 0.134461537
0.7117916346 0.1313661635
0.7060332894 0.1260610372
0.6987925768 0.1216402352
0.6904565692 0.1169465631
0.6835196018 0.1116958484
0.6795281172 0.1041150689
0.6784226894 0.09877998382
0.6807324886 0.09601212293
0.6858298182 0.09637160599
0.6927757263 0.09759601951
0.6989458203 0.09971735626
0.7044966221 0.103435196
0.7066822052 0.1045835614
0.7022893429 0.09804148227
0.6979618073 0.09122961015
0.694463551 0.0851849243
0.6898474693 0.07581220567
0.6876623034 0.06576075405
0.6891896725 0.05524770916
0.6971424818 0.05306889862
0.7072929144 0.06040892005
0.7154800892 0.06547757238
0.7216923833 0.06793256849

