0.8707120419 0.1848937571
0.8732241988 0.1858634204
0.8774315119 0.1872306019
0.8824349642 0.1859066337
0.8872457743 0.1832872331
0.8932188749 0.1838882118
0.9012625813 0.1853141785
0.9077091813 0.1845263541
0.9120419025 0.1835643947
0.9145244956 0.1835476011
0.9148974419 0.1846913695
0.9109072685 0.18370381
0.9058613181 0.1822303683
0.9006057382 0.1805419326
0.8947967291 0.1785573512
0.888810277 0.1754121929
0.8833094835 0.1712376028
0.8796850443 0.1675316989
0.877445817 0.1637374461
0.8757362366 0.1595940888
0.8754879236 0.1559408605
0.8794780374 0.1552909017
0.8838496804 0.1540669501
0.8907668591 0.1542211771
0.8975993395 0.1565201581
0.9019214511 0.1577701122
0.9032919407 0.1564466506
0.9013204575 0.1535197943
0.8981047869 0.1512869298
0.8940573931 0.1477181613
0.8909407854 0.1417853832
0.8889027238 0.1366281509
0.8881318569 0.1316974908
0.8900483847 0.1255118251
0.8936312795 0.1216781437
0.899605155 0.1202208474
0.9056996107 0.1205903068
0.9119844437 0.1211700514
0.9189448357 0.1227865145
0.9236544967 0.1248120964

