0.5265285373 0.9011444449
0.5305554867 0.9038185477
0.5352546573 0.9038888812
0.5394926071 0.9018579721
0.5449848771 0.9026502967
0.5525060296 0.9049762487
0.5600086451 0.9041692615
0.5651403666 0.9021544456
0.5683149099 0.9007672071
0.5724727511 0.8991560936
0.5725839138 0.895786643
0.5703187585 0.8942841291
0.5672569871 0.8947141171
0.5610598326 0.8950362206
0.5534948111 0.8949412704
0.5477392673 0.8919163346
0.5445961356 0.884827137
0.5407314301 0.8797125816
0.5403858423 0.8764731288
0.5423650146 0.8745601177
0.546800077 0.8731719255
0.5526847243 0.8728529215
0.5577189922 0.8746296167
0.5631483793 0.8756576777
0.5621420145 0.873685658
0.5587591529 0.8700873256
0.5537118912 0.8638859987
0.5483219624 0.8563989401
0.5450507998 0.8474678397
0.5455495715 0.8401632905
0.5472049713 0.8335211873
0.5507711768 0.8317224979
0.5588675141 0.8337808847
0.566777885 0.8333920836
0.5692330599 0.8329551816
0.5739374161 0.8322176933

