0.9470305443 0.2056081444
0.9417991042 0.2029175758
0.938088119 0.2007571161
0.9346407056 0.1974202991
0.9288947582 0.1947122365
0.9187239408 0.190397054
0.909039557 0.1855903566
0.9000203013 0.1817332506
0.8918361664 0.1783478856
0.88324821 0.1745931655
0.875125289 0.1712051928
0.8700248003 0.1689775288
0.8664469719 0.1673379391
0.8674811721 0.1675809622
0.8698513508 0.1667530835
0.8758212328 0.1657938361
0.8820343018 0.1657468528
0.8885390759 0.1648563147
0.8982821703 0.1642947644
0.9090141058 0.1638476551
0.9202845097 0.1632477641
0.9271008968 0.1623593867
0.9306636453 0.1592702866
0.9313154221 0.1567549855
0.9277209044 0.1540704817
0.9203723073 0.1500196755
0.9110343456 0.1449133009
0.9033637643 0.1397518218
0.8960717916 0.1338582039
0.8896750212 0.1274629533
0.8848918676 0.1210952997
0.8817756772 0.1151597872
0.8807928562 0.1109321415
0.8820815682 0.1073454246
0.8869979382 0.104896158
0.8941112757 0.1027198881
0.9075919986 0.1023227498
0.9247696996 0.1018227115
0.9424767494 0.09925293922

