0.7109293342 0.7407459021
0.7120532393 0.7425257564
0.712364912 0.7425656915
0.7108992338 0.7412172556
0.705996871 0.7370380163
0.6990880966 0.733956933
0.6910295486 0.732565701
0.6842004061 0.731643796
0.6760326028 0.7306168079
0.6685314775 0.7292455435
0.6602840424 0.7277320623
0.6530243754 0.7263996601
0.6467136145 0.7247760296
0.641392827 0.7230699062
0.6377769113 0.7211703062
0.6348805428 0.719835341
0.6324855089 0.7188703418
0.6326736808 0.7180779576
0.6336446404 0.717320621
0.6363961697 0.716606319
0.6410782933 0.7153870463
0.6456357837 0.7146891356
0.6511954069 0.7135988474
0.6572183371 0.7126047015
0.6652380824 0.7116318345
0.6721856594 0.7101261616
0.6776673794 0.7082938552
0.6823257208 0.7069829106
0.6866167784 0.7056333423
0.689052999 0.7042229176
0.689032197 0.7024087906
0.6865205765 0.7010340691
0.6815508604 0.6991997957
0.6766695976 0.6972746849
0.6717835069 0.6953030229
0.6646795869 0.6924446821
0.6575770974 0.6894112229
0.6493297815 0.685342133
0.6430678368 0.6824154258
0.6378875375 0.6798642874
0.6327692866 0.6774128675
0.6288204193 0.6755148172
0.6256602407 0.6733629704
0.6239718199 0.6715111732
0.6246310472 0.6699402332
0.6261640191 0.6683664322
0.6287246943 0.6670709252
0.6324295402 0.6654607654
0.6376228333 0.6640744209
0.6451376081 0.6630171537
0.65304178 0.6619037986
0.6615908146 0.6609084606
0.6707093716 0.6594625711
0.6800252795 0.6577104926
0.6893203259 0.6559999585
0.6988441944 0.6539434791

