0.7780796289 0.3491681218
0.7746306062 0.3469170034
0.7729982138 0.3459016085
0.7699477077 0.3426599503
0.7649130225 0.3400782645
0.7539532185 0.3364503682
0.7439242601 0.33416152
0.7334625721 0.3322783411
0.7241877317 0.3293367028
0.7155908942 0.3261404037
0.7088469267 0.3235625923
0.70449543 0.3218143582
0.7022204399 0.3209653497
0.7002318501 0.3195699751
0.6998132467 0.3173269331
0.7020551562 0.3151313663
0.7057217956 0.3132578135
0.7098059058 0.3116663396
0.7158503532 0.3102558255
0.7222219706 0.3084030747
0.7291265726 0.3065707982
0.7380446792 0.3055149019
0.7461525202 0.3045607209
0.7532527447 0.3028636575
0.7561935186 0.2999796271
0.7557324171 0.2959809005
0.7538464069 0.2918311357
0.7497887611 0.2889239788
0.7445437908 0.285564363
0.7371160984 0.2821154594
0.7293507457 0.2786176205
0.7221380472 0.2758138776
0.7156946659 0.2727300823
0.7105160356 0.2687493861
0.7067415714 0.2655785084
0.7050693035 0.2631762624
0.7065694332 0.2621207833
0.7084982395 0.2615498006
0.7104199529 0.2604297101
0.7146948576 0.2594479024
0.7191758156 0.2583505511
0.7250258327 0.2574666739
0.7328199744 0.2565841675
0.7412567139 0.2560305297
0.7490489483 0.2553382516
0.7576268911 0.2553339005
0.7655642033 0.2556414008
0.7732123137 0.2556196153
0.7792770267 0.25575611

