0.7105802894 0.6036784053
0.706207931 0.5990871191
0.7005209327 0.5946829319
0.6964986324 0.5918087363
0.690480113 0.5883875489
0.6810529828 0.5838361979
0.6697785854 0.5774915218
0.6604764462 0.5723215938
0.6505764723 0.5669825673
0.6418198943 0.5617346764
0.6349383593 0.5569126606
0.6301920414 0.5528849959
0.6272532344 0.5499847531
0.6294291615 0.5489427447
0.629444778 0.5467481017
0.631534934 0.5451690555
0.6359904408 0.5439810157
0.6423919797 0.5438294411
0.6498333812 0.5442109108
0.6588363647 0.5448116064
0.6675482988 0.5444546938
0.6751155853 0.5444359183
0.6778975129 0.5427407026
0.6783411503 0.5396692753
0.677239418 0.5363650322
0.6712334156 0.5330622196
0.665162921 0.5293663144
0.657220602 0.5252669454
0.6491616368 0.5207948685
0.6399096251 0.514929831
0.6314896941 0.5087444186
0.6241590977 0.5026337504
0.6186515093 0.4967904687
0.6195454001 0.4944432378
0.621453464 0.4910564423
0.6270112991 0.4894426167
0.6370393038 0.4904859066
0.6446511149 0.491502583
0.6529779434 0.4915707707
0.6638431549 0.4909818769
0.674161315 0.490293324
0.6852681637 0.4893929362
0.6944563389 0.4890162945
0.7027329803 0.4888587296
0.7099527121 0.4885729551
0.7147006989 0.4877098501

