0.9261994362 0.1486197561
0.9251717329 0.1457639784
0.919216454 0.1453323215
0.9113057256 0.1412676126
0.8987685442 0.1364114583
0.8838632703 0.1326313764
0.8697456121 0.1289834678
0.8574255705 0.1260873973
0.8474998474 0.1234845892
0.8390777111 0.1212624162
0.8336061835 0.119846642
0.8323897123 0.120419018
0.835781455 0.1223618388
0.8436290026 0.1223064587
0.8552247286 0.1206219345
0.8660176992 0.1188631058
0.8792847991 0.1168852225
0.8983819485 0.1161821857
0.9094318748 0.1112186089
0.9103665352 0.1024594158
0.9017224312 0.09308681637
0.8892641068 0.08749338984
0.8791239262 0.08390755951
0.8699134588 0.07884863019
0.8612616062 0.07213868201
0.8575767279 0.06113987416
0.8570264578 0.0547212027
0.863275528 0.05330660939
0.8767865896 0.05094839633
0.901268065 0.04901122302
0.9285877943 0.0471133925
0.9526067972 0.04808140546
0.961571455 0.04646433145

