0.6829741597 0.5740324259
0.6848118305 0.5752397776
0.6856501698 0.575807631
0.6856224537 0.5754402876
0.6829627156 0.5746208429
0.6786541343 0.5731614828
0.6736553907 0.5721561313
0.6670517921 0.5705029964
0.660255909 0.5683317184
0.6510094404 0.5657071471
0.6429483294 0.5636350513
0.6359793544 0.5618338585
0.6297094226 0.5598908663
0.6248780489 0.5574737787
0.6209053397 0.5555434227
0.6188057661 0.5544570684
0.617718339 0.5531378388
0.6179710627 0.5516527891
0.618339777 0.5500825644
0.6200906634 0.5484879613
0.6221420765 0.5471130013
0.6269260049 0.546569407
0.6336556673 0.5459580421
0.6412895322 0.5453188419
0.6478268504 0.5447540283
0.6541448236 0.5445404649
0.6595499516 0.5443822742
0.6632170677 0.5428141952
0.6639097929 0.540830493
0.6612099409 0.5389868021
0.6571894884 0.5369335413
0.6516872644 0.5345474482
0.6461328864 0.5315999985
0.6394600868 0.5282592177
0.6324791908 0.5245954394
0.6269310713 0.5208433867
0.6229934096 0.5174406767
0.6195164323 0.5141622424
0.6177822948 0.511705935
0.6163706779 0.5095872283
0.6168450713 0.5081404448
0.6188690662 0.5071133375
0.6227276325 0.5059690475
0.6258785129 0.5047608018
0.6302267313 0.5038353205
0.6365549564 0.5033406019
0.6442175508 0.5033727884
0.6527073383 0.5032482147
0.6606966257 0.5031443834
0.6671247482 0.5025769472
0.6731055975 0.5016604662

