0.922522068 0.1318131238
0.924040556 0.1346647441
0.9222836494 0.1356642991
0.9147906899 0.1310512125
0.908605516 0.1272855699
0.9019423127 0.1248825416
0.8938294649 0.1224474609
0.8841637373 0.1186046451
0.8753361702 0.1148730293
0.8669068813 0.1107421368
0.8617722988 0.1085060686
0.8580217957 0.1063596606
0.8554090261 0.1039518788
0.8567778468 0.1018409207
0.8592988253 0.09825345129
0.8635273576 0.09563914686
0.8693646193 0.09641008824
0.8779446483 0.09708793461
0.8863905668 0.09777180851
0.8941565156 0.09813597798
0.9011073112 0.09772513807
0.906210959 0.09708229452
0.9075887203 0.09614996612
0.904856503 0.0924295187
0.8994845152 0.08724041283
0.8904345632 0.08141194284
0.8833460212 0.0772626549
0.8736599684 0.07326494902
0.8627115488 0.06838425994
0.8569533825 0.06231359392
0.8519618511 0.05617035925
0.8499727845 0.05074385181
0.8549777865 0.04780354723
0.8588978052 0.04511775076
0.8687767386 0.04489440471
0.8792359829 0.04518397152
0.8904769421 0.04683117568
0.902641952 0.04777954146
0.919359684 0.04952697456
0.9326848984 0.05056392401
0.9449717402 0.05106915161
0.9563166499 0.05200981721
0.9613547325 0.05173382536

