0.9254382849 0.5257446766
0.9252784252 0.5255200863
0.9222316742 0.5226913095
0.9178486466 0.5195609331
0.9105427861 0.5168153048
0.9009869099 0.5150421858
0.8917533755 0.5131403208
0.8843963742 0.5120074749
0.875608325 0.5095380545
0.8671941161 0.5061125159
0.8608899117 0.5037714839
0.857352972 0.5015622377
0.8543198109 0.4993901253
0.8538008928 0.497638166
0.8546984196 0.4964753687
0.8573399782 0.4955289364
0.8610123992 0.4944314361
0.8672606349 0.4937772751
0.8756018877 0.4929852784
0.886280477 0.4934800863
0.8946008682 0.4926435351
0.901773572 0.4904785752
0.9088367224 0.4884191751
0.9150817394 0.4864169657
0.9167482853 0.4844043851
0.9155379534 0.4821391106
0.9090755582 0.4793044925
0.9006573558 0.4771371782
0.8936595917 0.4744666517
0.885620296 0.4710234404
0.8765268922 0.4678196609
0.8668950796 0.4639778733
0.8595116735 0.4610417783
0.8552158475 0.4588502645
0.8519507647 0.4569133818
0.8502094746 0.4545606375
0.8519538045 0.4537008703
0.8546924591 0.4536622465
0.8622335196 0.4543027282
0.8718212843 0.4544035196
0.8838243484 0.4535402656
0.8967040777 0.4528328776
0.9117679596 0.4509512484
0.9274091721 0.4484800696
0.9409983158 0.4461461902
0.9480723143 0.4451594949

