0.931094408 0.5260987878
0.9312281609 0.5268366933
0.9294874072 0.5259771943
0.9216646552 0.5224270821
0.9118893743 0.5187849402
0.9016667008 0.5147827268
0.8935604095 0.5125458837
0.8841688037 0.5104236007
0.8740417957 0.507440567
0.8651524186 0.5037713051
0.8592758179 0.49995929
0.8569834232 0.4971710145
0.8545922637 0.4943283796
0.8558825254 0.4926904142
0.8605780005 0.4916189909
0.8653980494 0.491324842
0.8714906573 0.4916109145
0.8803223968 0.4916140437
0.8897085786 0.4915316701
0.8992522359 0.4910811186
0.9101563692 0.4906850755
0.9189624786 0.4893250465
0.9262346029 0.4874841571
0.9317632914 0.4855597913
0.9322174191 0.4841484427
0.9295144677 0.4810627699
0.9159011841 0.4751285315
0.9003962278 0.4676582217
0.8849085569 0.4609552026
0.8682772517 0.4525506496
0.8582165837 0.4451809525
0.8559682369 0.4399407208
0.8605817556 0.4377985001
0.8721390963 0.4381316304
0.8872439861 0.4386411011
0.9025478363 0.4389870763
0.9195116758 0.4402869344
0.9386762381 0.4422780275

