0.6867951155 0.2012293339
0.689215064 0.2014448196
0.6903897524 0.2034336329
0.6898878813 0.2043860555
0.6892101765 0.204313308
0.6838684082 0.2017852813
0.6807807088 0.1994971931
0.6759065986 0.1934762299
0.6731514931 0.1899662763
0.6703448296 0.1858578324
0.6664660573 0.1786706895
0.6652127504 0.1749590486
0.6644668579 0.1709907353
0.6649945974 0.1644034386
0.6653683782 0.1615055352
0.6655572057 0.1577974856
0.6649309993 0.1510300785
0.6649534702 0.1478660256
0.665887177 0.1421412677
0.6659654975 0.1404468417
0.6659221053 0.1383724362
0.667891562 0.1365018636
0.6694031954 0.1362278759
0.672441721 0.1386594027
0.6766840816 0.1427059472
0.6796081662 0.1465414166
0.6829667091 0.1514970809
0.6924064755 0.1630062014
0.6924064755 0.1630062014
0.7015645504 0.1747344434
0.7080636024 0.1841131151
0.7109339237 0.1815101057
0.7084050179 0.1767189205
0.7074072957 0.1649679542
0.7065817118 0.1549791545
0.7055896521 0.1457356364
