0.5257824063 0.05012327805
0.5257824063 0.05012327805
0.5257824063 0.05012327805
0.5300740004 0.05052758381
0.5341262221 0.05216025561
0.5377072096 0.05409304798
0.5416504145 0.05655770376
0.5431989431 0.05819516629
0.5456324816 0.06014544144
0.5481191874 0.06216010451
0.5484060645 0.06298971921
0.5479348898 0.06441003084
0.5494199395 0.06669916213
0.550242424 0.06939750165
0.5509588718 0.0723195076
0.5517882109 0.07692350447
0.5538748503 0.08265618235
0.555614233 0.08690938354
0.5541889071 0.08706049621
0.5508872271 0.08341872692
0.5483548045 0.07824590057
0.5453880429 0.07039586455
0.5448713303 0.06340590864
0.5492616892 0.05919295549
0.5550839901 0.0554163754
0.5637227297 0.05277162418
