0.7328391671 0.1091098636
0.7353328466 0.1101036966
0.7340162992 0.1093357503
0.7305755615 0.1061991528
0.7256276608 0.1038510427
0.7213436365 0.1003922224
0.7178091407 0.09680707753
0.7145736814 0.09355396032
0.7124462128 0.09058818966
0.7095913291 0.08644528687
0.7066412568 0.08258638531
0.7051029205 0.07799493521
0.7034329176 0.073527731
0.7017157674 0.06859508902
0.7004958987 0.06367565691
0.7016515732 0.05977029726
0.7057051063 0.05795766413
0.7120611668 0.05769450963
0.7196050882 0.05685679615
0.7268660069 0.05667646974
0.7351998091 0.05797962099
0.7441673279 0.0585726276
0.7506799698 0.0601872094
0.7581919432 0.06462948024
0.7659249306 0.07187952101
0.7710663676 0.07665449381
0.7743957043 0.08187945932
0.776465714 0.08248309791
0.7744606733 0.0762911737
0.770396769 0.06540111452
0.7703142166 0.05518855155
0.770768404 0.04504888505
0.7678331137 0.03715340048
0.7617592216 0.03285415098
