0.507856667 0.8319934607
0.5090286732 0.8286976218
0.5085204244 0.8222790956
0.504793644 0.8143781424
0.5005708337 0.8075852394
0.500718832 0.8002214432
0.5037544966 0.7950871587
0.50859797 0.7907520533
0.513363719 0.7882943749
0.5199332237 0.7871087193
0.5271741152 0.7873573303
0.5333840847 0.7892043591
0.5397593975 0.7942424417
0.5449111462 0.7987678647
0.5474482775 0.8041087985
0.5488820672 0.8121302724
0.5520636439 0.8208429217
0.5534449816 0.8277576566
0.5525170565 0.829883337
0.5498170257 0.8286474943
0.5473114848 0.8219613433
0.5434468389 0.8130476475
0.543699801 0.8039758801
0.5477250814 0.7976884246
0.5567573309 0.7935985327
