0.5109903812 0.7055490613
0.5094136596 0.7032526135
0.5057936311 0.6982749701
0.5015879869 0.6921249628
0.5004616976 0.6862472296
0.50052917 0.679751277
0.5024961233 0.6724463701
0.5069099069 0.6667436957
0.5120526552 0.6611760259
0.5204575062 0.6571127772
0.5283135772 0.6536746621
0.5356281996 0.6526173353
0.5407708883 0.6529684067
0.54528898 0.6548404694
0.5493278503 0.6601366401
0.5545756221 0.6683195829
0.5577664375 0.6774767637
0.559351325 0.6870506406
0.561291635 0.6979456544
0.5620702505 0.7059348226
0.5596820116 0.7076487541
0.5538698435 0.704118669
0.5494391918 0.6959145069
0.5450308323 0.6868545413
0.5434741974 0.6795648336
0.5445836186 0.6727856398
0.5464055538 0.6682631373
0.5498368144 0.6665760279
