0.7908400893 0.7393525839
0.7914112806 0.7343279123
0.7914112806 0.7343279123
0.791411221 0.7343279719
0.7837282419 0.7244130373
0.7756665349 0.7116006613
0.7756353021 0.7041500211
0.7750276327 0.6940181255
0.7794550061 0.6879601479
0.7835335135 0.6885709763
0.7962042093 0.6914764643
0.8109093904 0.6886878014
0.822352469 0.6871220469
0.8273637295 0.699447155
0.8325966597 0.7105855942
0.8365585804 0.7229092121
0.8384006023 0.7329878807
0.8346108794 0.7407016158
0.831843853 0.7408602238
0.8320910335 0.7296197414
0.8377463818 0.7070592046
0.8463867903 0.6897335649
0.8490265608 0.6796706319
