0.8512043953 0.505290091
0.8618507385 0.5096298456
0.8653663397 0.5166095495
0.8678247333 0.5191138983
0.8653855324 0.5117326379
0.8639479876 0.5122353435
0.854940176 0.5072131157
0.8485510349 0.4952346683
0.8439335823 0.4867321253
0.841763854 0.4786129296
0.8416186571 0.4662528038
0.8458394408 0.4557995796
0.8533377051 0.4482632577
0.8634017706 0.4473973215
0.875803113 0.4463115931
0.8876449466 0.4491168857
0.9029711485 0.4620259404
0.916688621 0.479311049
0.9263378382 0.4986827672
0.9308772087 0.5167989135
0.9280682802 0.5191500187
0.9256495237 0.5098804832
0.9170157313 0.4843034148
0.9167312384 0.4677191377
0.921474576 0.4556482434
0.9254412651 0.4430688024
0.9320021272 0.4317734838
