0.6779471636 0.6756634116
0.6888023615 0.6729825735
0.6853858232 0.6687390804
0.6845504045 0.6672373414
0.6825274825 0.6648569703
0.6815193892 0.6602212191
0.6795330644 0.6568344831
0.6791602373 0.6524735689
0.6796199083 0.6462355256
0.6766285896 0.6417609453
0.6704409122 0.6399619579
0.6651025414 0.6373229027
0.6624235511 0.6351049542
0.6608575583 0.6323727965
0.6604629755 0.6285325885
0.6627201438 0.6243927479
0.6655200124 0.6209314466
0.6671718955 0.6197139025
0.6699621677 0.6195882559
0.672388494 0.6208097339
0.6754264832 0.622749567
0.6814267039 0.6272286177
0.685829103 0.6353424788
0.6942244768 0.6435884237
0.7028177977 0.6506635547
0.710899055 0.6579846144
0.7177941203 0.6637105942
0.7251141071 0.6692040563
0.7281205058 0.6749683022
0.7289959192 0.6787795424
0.7274428606 0.681350708
0.7237366438 0.6804047823
0.7216694355 0.6767741442
0.7196759582 0.6694101691
0.719594717 0.6612231731
0.7222728729 0.6521228552
0.7263901234 0.6445583105
0.7301943302 0.6378158331
0.7336610556 0.6313730478
0.7384588718 0.6250056624
0.741602838 0.6195778847
0.739928484 0.6149740219
