0.5175356269 0.7853316069
0.5041213632 0.7738494873
0.5041213632 0.7738494873
0.5041213632 0.7738494873
0.504278183 0.7707732916
0.5037959218 0.7693530321
0.5033817887 0.7678124905
0.5014871955 0.7643570304
0.5008099675 0.7627555132
0.5019061565 0.7597976327
0.5030823946 0.7583566904
0.503837347 0.7550920248
0.5037202239 0.7535952926
0.5042020082 0.7519756556
0.5074698925 0.7497212291
0.509419024 0.7489859462
0.5140469074 0.7485368848
0.5159288645 0.7487207055
0.5198584795 0.7487519383
0.5218648911 0.7488293648
0.5241203308 0.7491668463
0.5291042328 0.7508205175
0.5317632556 0.7524985075
0.5346034169 0.7550677061
0.5404732227 0.7602448463
0.5434077382 0.7637975216
0.5461334586 0.7672233582
0.5484459996 0.7704416513
0.5548909903 0.7820779681
0.5548909903 0.7820779681
0.5589146614 0.789529264
0.561206162 0.795892179
0.5618792772 0.8018170595
0.561424017 0.8037800193
0.5574221015 0.8017481565
0.5516166687 0.7976013422
0.5466254354 0.7925935984
0.5439106226 0.7857986689
0.5427998304 0.7794525623
0.5444842577 0.774164319
0.548053503 0.7695831656
0.5531587005 0.7658331394
0.5590807199 0.7611416578
0.5649781823 0.7566025257
0.5706098676 0.7515103221
