0.7372359037 0.5184181333
0.7385217547 0.5178512335
0.7370368242 0.5144293308
0.7305653691 0.5024815798
0.7250800133 0.4904571176
0.7254953384 0.4828878939
0.7272329926 0.4752869606
0.7304000854 0.4684454203
0.7352559566 0.46403566
0.740654707 0.4614081383
0.7456280589 0.4588072598
0.750246644 0.4635587037
0.7552370429 0.4730104506
0.7590220571 0.4832137227
0.7616950274 0.4954604506
0.7653619051 0.510165751
0.765474081 0.5176755786
0.7634561062 0.5146773458
0.7630907893 0.5030450225
0.7631121874 0.487978369
0.7631746531 0.4753198624
0.7651010752 0.4659764171
