0.509601295 0.7469220161
0.5159883499 0.7464883327
0.5142049789 0.7436754704
0.5064813495 0.7407289743
0.5014801025 0.7365298271
0.500610292 0.7312712669
0.5005127192 0.7163591385
0.5012694597 0.71169734
0.5037151575 0.708001256
0.5094881654 0.706469357
0.5171164274 0.7047042847
0.5233040452 0.7038857937
0.5302313566 0.7030467987
0.5387253165 0.7029512525
0.5459228754 0.7031502724
0.5526399612 0.7048268318
0.5592821836 0.7085946798
0.56555897 0.7144609094
0.5710360408 0.7197304964
0.5739595294 0.7272297144
0.576141715 0.7356849909
0.5751023889 0.7410894632
0.5712868571 0.744164288
0.5660253167 0.7451568246
0.5630363226 0.7426381111
0.5594208837 0.7376135588
0.5568022728 0.7331287861
0.5560814142 0.7277053595
0.5584581494 0.722779274
0.5627089739 0.7185664773
0.5671598911 0.7144943476
0.5717269778 0.711004436
