0.5083677769 0.6538439393
0.5032731891 0.6474180222
0.5029537678 0.6406009793
0.5018122792 0.6358759403
0.5004830956 0.6320821047
0.5004474521 0.6275058389
0.5004882812 0.6236034036
0.5009585023 0.6193667054
0.5054983497 0.6162601113
0.512934804 0.6137707233
0.5194790959 0.6112886071
0.5257370472 0.6088664532
0.5326747894 0.6077880859
0.5398922563 0.6089526415
0.5455743074 0.6143996716
0.5521197319 0.622638166
0.5603340864 0.633002162
0.5640295744 0.6426510811
0.5636270642 0.6499648094
0.5638604164 0.6525326371
0.560532093 0.6504465342
0.5549942255 0.6446863413
0.5496295094 0.6345003843
0.5469579697 0.6251658201
0.5485387444 0.6149877906
0.5521574616 0.6075805426
0.5577108264 0.6028802991
0.5651109815 0.5961584449
0.5707193017 0.5888896585
0.5747745037 0.5818708539
