0.6763164997 0.330352962
0.6832951307 0.3339138627
0.6881362796 0.3327513933
0.6784428358 0.3277724981
0.6611930132 0.3154794872
0.6544576883 0.3063769639
0.6538247466 0.2953061759
0.6516187191 0.2878396213
0.6543251872 0.2821071148
0.6588895321 0.2740368545
0.6596182585 0.2651497126
0.6609470248 0.2586778402
0.6645770669 0.2552261055
0.6655784249 0.2530308366
0.6689920425 0.2543070316
0.6757652164 0.2618403435
0.6810598373 0.27012977
0.6848455667 0.2777408361
0.6923730969 0.2842993438
0.6989489794 0.2912765145
0.699629128 0.2913089395
0.7004973292 0.287215203
0.7010447979 0.2784300745
0.7009691 0.2705197632
0.7012298107 0.2608242631
0.7013294697 0.2530791461
