0.6763780117 0.1214420721
0.6863306761 0.1231174543
0.6921323538 0.1251598895
0.6919952631 0.1260480285
0.6858725548 0.1276341826
0.6817213893 0.126774013
0.6764981747 0.1243033335
0.667378664 0.1218214482
0.66031003 0.1181454509
0.6556645632 0.1144623607
0.6508745551 0.1098217517
0.6456749439 0.1046480685
0.6422339678 0.09956358373
0.6407777071 0.09448470175
0.6394795179 0.08917082101
0.6410287619 0.08500054479
0.6462343335 0.08237536252
0.6534725428 0.08178274333
0.6634696126 0.08307696134
0.6742381454 0.08796160668
0.6841585636 0.09525325149
0.6914934516 0.1055465713
0.6970647573 0.115812473
0.7016085386 0.1267673671
0.7050369978 0.1338216364
0.7087986469 0.1369590014
0.7098202705 0.1314443946
0.7059010863 0.1197724417
0.7046273947 0.1066494286
0.7036271095 0.09322347492
0.7011728883 0.08185493946
0.6973172426 0.0724517256
0.6952884197 0.06675344706
0.6958078742 0.06439740956
