0.7000431418 0.8980079293
0.7029407024 0.900790751
0.7032417655 0.9027091861
0.7024946213 0.9041840434
0.7019771338 0.9047125578
0.6980788708 0.903003335
0.6960799098 0.9023979902
0.6932842731 0.9028693438
0.6912224293 0.9024088979
0.6886593103 0.9000934362
0.6828500628 0.8947703242
0.6797177196 0.8924408555
0.6766870022 0.889787674
0.6739112735 0.8882087469
0.6664162278 0.8827089667
0.6664162278 0.8827089667
0.6594677567 0.8771585226
0.654050231 0.8717541099
0.6486341953 0.8685702682
0.6443157196 0.8653581738
0.6420484781 0.8619976044
0.6407626867 0.8573384881
0.6414493322 0.85286659
0.6433426142 0.8475338817
0.6489703655 0.8418322802
0.6565518379 0.8409830928
0.6686464548 0.8428530097
0.680629313 0.844689548
0.6923562884 0.8467760682
0.702252984 0.8547133803
0.7061007023 0.8691072464
0.7059753537 0.8803583384
0.7023503184 0.8930205703
0.6993505359 0.905949533
0.6983972192 0.9108809233
0.6981204748 0.9129394889
0.7028489709 0.9029313326
0.7129240632 0.886693418
0.7233507633 0.8712823391
0.7303307056 0.8548275232
0.7320100665 0.8457499146
