0.6926375031 0.6128280759
0.6960793734 0.6102084517
0.6972130537 0.6077697277
0.690656662 0.6093598604
0.6859312654 0.6081249714
0.6844279766 0.6008841991
0.6808288097 0.5955824256
0.6756227016 0.591000855
0.6740298271 0.5833693743
0.6734120846 0.5743486881
0.6733378172 0.569326818
0.6730101109 0.5657202601
0.6725375652 0.5624654889
0.6743338108 0.558326602
0.6759084463 0.553971231
0.6779149771 0.5531195402
0.6812821627 0.5524326563
0.6868675947 0.5542436838
0.6928185225 0.560105443
0.7036185265 0.5680743456
0.7129874229 0.5775986314
0.7198315859 0.5890990496
0.7295208573 0.5972258449
0.7369328737 0.6000922918
0.7384020686 0.600350976
0.7377977371 0.5960977077
0.7356997728 0.590675652
0.732080102 0.5823932886
0.7323607206 0.5752040148
0.7366164327 0.5660424829
0.7400427461 0.5589407086
0.7425687909 0.5532764196
0.7439693809 0.549934566
