0.8183633089 0.8544324636
0.81798172 0.854985714
0.8174727559 0.8556622267
0.8160162568 0.8546555638
0.814052999 0.8533136249
0.8057951331 0.8474160433
0.8034490347 0.8441735506
0.8015133142 0.8384860754
0.8010226488 0.8349418044
0.7997770309 0.8249931931
0.8005945086 0.819335103
0.8020685911 0.8127651215
0.8051371574 0.8114120364
0.8102429509 0.807985425
0.8134231567 0.8071199059
0.8206622005 0.8084011078
0.8239724636 0.8089944124
0.8285741806 0.8115419745
0.8370301723 0.8149836659
0.8411633968 0.816788435
0.848852396 0.8227069378
0.8520207405 0.8272554278
0.8546465635 0.8326827288
0.8605328798 0.8450142741
0.8628009558 0.851015985
0.8642719388 0.8603823781
0.8633551598 0.8591620326
0.8622143865 0.8556948304
0.8601135015 0.8495931625
0.8604732752 0.8437296152
0.8601751328 0.8334769607
0.8609208465 0.8278506994
0.8619038463 0.8170035481
0.8622221947 0.8137925267
0.8620545268 0.8144056201
0.8626416922 0.8149683475
