0.8667207956 0.8240624666
0.8688356876 0.8220925331
0.8697448373 0.8138874769
0.8692704439 0.807675004
0.8667209744 0.8009450436
0.8661412001 0.7877286673
0.8662391901 0.776971221
0.8686250448 0.764077425
0.871152997 0.7534341812
0.8760384321 0.7473832369
0.8815972209 0.7416213751
0.8877899051 0.7381888628
0.8967839479 0.736109972
0.9058220387 0.7425578833
0.9133030176 0.7529419661
0.9181104302 0.7648006678
0.9191395044 0.7774528265
0.9200367928 0.7848262191
0.914961338 0.7872830629
0.9145587087 0.7805894017
0.9160459638 0.7718029022
0.921231091 0.7579768896
0.9308915138 0.7384611368
0.9370020032 0.7265560031
0.9418157935 0.7115955353
0.9431060553 0.707162559
0.9411015511 0.7064048648
