0.5190448761 0.4957515895
0.5186012983 0.4961087108
0.5207660198 0.4944283366
0.5205376744 0.4925920367
0.5198472738 0.4916724563
0.5156282187 0.4898717105
0.5138614178 0.4886884391
0.5104686022 0.487202853
0.509370327 0.4864223897
0.5072678924 0.4845465422
0.5057643652 0.4830857217
0.5038060546 0.4815981388
0.5004882812 0.4783161283
0.5004882812 0.4763631225
0.5004882812 0.4744146764
0.5004882812 0.471381247
0.5006115437 0.4697745144
0.5026019216 0.4682398736
0.5061061382 0.4655809104
0.508787632 0.4638546705
0.5117549896 0.4625498652
0.5167788267 0.4617630839
0.5256149173 0.4607037902
0.5295026898 0.4608559608
0.5335687399 0.4602071643
0.5408753753 0.4609803259
0.5442180634 0.4619226754
0.5470886827 0.4650099874
0.549818635 0.4685462713
0.5566908121 0.4810240567
0.5566908121 0.4810239673
0.5596721172 0.4918314815
0.5602271557 0.4998286068
0.5585483313 0.5019276738
0.5546169877 0.4967035353
0.54960531 0.4885044694
0.5476257801 0.4778174162
0.5487354994 0.4676345587
0.5527454615 0.4618064761
0.5603548288 0.4570210874
0.5669005513 0.45398736
