0.5683964491 0.3480709791
0.5670313239 0.350744009
0.5674574375 0.3506079614
0.5655013323 0.3435146809
0.5620927811 0.3385770917
0.5591756105 0.3333729506
0.5550763607 0.3217781782
0.5547049046 0.3166082203
0.5567729473 0.3063206077
0.5589683056 0.3010987341
0.561329484 0.296546638
0.5661531687 0.2886807919
0.5688760877 0.2856700718
0.5763517022 0.2823167741
0.5806697607 0.2821630538
0.5840605497 0.2809790373
0.5914763212 0.2818720937
0.5950962305 0.2821695209
0.5988346338 0.2841438949
0.6020287871 0.285763979
0.6076273918 0.2877365053
0.6097616553 0.2894645333
0.6133825779 0.2968951166
0.6149373055 0.3010897636
0.6150564551 0.3078144193
0.6148026586 0.3159414828
0.6125002503 0.3179943264
0.6112322807 0.3200160861
0.6075373292 0.315900743
0.605727613 0.3120384812
0.6040863991 0.3071008325
0.6038014293 0.2987726331
0.6045416594 0.2949565053
0.6057529449 0.2913757861
0.6075606346 0.2870295048
0.6092369556 0.2796754241
0.6142084599 0.2720957696
