0.88641119 0.1229501888
0.9033493996 0.1268390864
0.9063484669 0.1326213628
0.8982319832 0.1304757893
0.8874758482 0.1299125999
0.8807005882 0.1282085329
0.874538064 0.119869329
0.8668872118 0.1116522402
0.863079071 0.1042397693
0.8622782826 0.0980425328
0.8610901833 0.09106982499
0.8615189195 0.08377718925
0.8643487692 0.07869930565
0.8704868555 0.073289074
0.8750182986 0.06827943027
0.8807661533 0.06502554566
0.8904328346 0.07009108365
0.8996523619 0.07532806695
0.9129995108 0.08159846812
0.9257438779 0.09500735253
0.9331462383 0.1016381532
0.9356479645 0.09293224663
0.9311466217 0.08108187467
0.9331264496 0.0710298717
0.9369137883 0.06512187421
0.9339782 0.06141936779
