0.8621947765 0.3297854662
0.8597699404 0.3360564411
0.8563879132 0.3319766521
0.851808846 0.328851223
0.8449850082 0.3254094124
0.8371295929 0.319257021
0.8293195367 0.3066176176
0.8226081133 0.2956611514
0.8195254803 0.2871932983
0.8198103309 0.2761684358
0.8234230876 0.2645253837
0.8339018822 0.259722501
0.8427989483 0.2572674751
0.8520327806 0.2604913116
0.8632531166 0.2730224729
0.8806500435 0.2907359302
0.8984205723 0.3119333386
0.9108554125 0.3345858753
0.9178683758 0.3319419622
0.9183544517 0.3231853247
0.9155295491 0.3072687387
0.916957438 0.2802159786
0.9169125557 0.2643570304
0.9227261543 0.2563416958
0.9275753498 0.2563289106
