0.5612453818 0.8094190359
0.5605102777 0.8041846752
0.5535775423 0.7912780046
0.5461659431 0.7756012678
0.5454435349 0.7666186094
0.5489778519 0.7640930414
0.5534014702 0.7601490617
0.5600318909 0.7548666
0.5682902336 0.7515403032
0.5792921185 0.7509857416
0.5902323723 0.7524533272
0.6004061699 0.7546527386
0.6088932157 0.7564871311
0.6174188256 0.759747088
0.6234285235 0.7683187723
0.6297720671 0.7783254385
0.6347082853 0.7911400795
0.6374003887 0.8051563501
0.6368080378 0.8179177642
0.633040905 0.8242374659
0.6272867918 0.8205037117
0.6218069196 0.8097994924
0.6185008287 0.7986108065
0.618863523 0.7893784046
0.6249960661 0.7839835882
0.6323045492 0.7808311582
0.6410875916 0.7778680325
0.6492587924 0.7745987177
