0.5122020245 0.5338088274
0.5199606419 0.5377935767
0.5213242769 0.5384614468
0.520321548 0.5376733541
0.5160753131 0.5367599726
0.5130602121 0.5345161557
0.5096791983 0.5328060985
0.5057367682 0.5308046341
0.5007414818 0.527592957
0.5003352761 0.5021982193
0.5004882812 0.4986919165
0.504805088 0.4968365431
0.5142315626 0.4982988238
0.5243285894 0.5005970597
0.532122016 0.5029782057
0.5391078591 0.5068805218
0.5472179055 0.5143595934
0.5540140867 0.5223534703
0.5588960648 0.5301182866
0.56292665 0.5381032228
0.564881146 0.5445888042
0.5655161142 0.5500394106
0.564447999 0.5545216203
0.5628907084 0.5558915734
0.5581537485 0.5529916883
0.5536414385 0.5482491255
0.5508360863 0.5420596004
0.5502369404 0.5357698798
0.5520399213 0.5306962729
0.5544736385 0.5267758965
0.5583139658 0.5232253075
0.5628756285 0.5200615525
0.566804409 0.5163301826
