0.7324380875 0.2804912031
0.7376272678 0.2855881453
0.7355921268 0.2861053646
0.7275565267 0.2852838039
0.7188951969 0.2784029841
0.7217245698 0.2706914246
0.7253569365 0.2634065747
0.7204194665 0.2573095858
0.7187889814 0.2513502538
0.724024415 0.2448919713
0.7283821702 0.2425251305
0.7274639606 0.2388865948
0.729189992 0.2380096465
0.7290017009 0.2357744277
0.7321022153 0.2342360616
0.7377412319 0.2328942716
0.7461924553 0.2327975631
0.7556497455 0.2380731702
0.7625664473 0.2457479835
0.7647688389 0.2549432814
0.7616730928 0.2597074509
0.7583215237 0.2630708814
0.7521874905 0.2603403628
0.7510305643 0.2521947026
0.7529609203 0.2453539073
0.7567370534 0.2371112555
0.7565472126 0.2286797166
