0.7167363763 0.2391702831
0.7120941281 0.2316101342
0.7066807747 0.2218073756
0.7050011158 0.21431005
0.7005237341 0.2067160308
0.6993784308 0.2015151381
0.7033962011 0.1962124556
0.7060989141 0.1909646988
0.707829237 0.1874511391
0.7111928463 0.1855874956
0.7166491747 0.1856041104
0.7210080624 0.1892579794
0.7254084349 0.1947448403
0.7310409546 0.2027311623
0.7374805212 0.2096902877
0.7407362461 0.2143690288
0.7424601316 0.2174862474
0.7440872192 0.215872854
0.7447931767 0.2129114121
0.7456293106 0.2058692873
0.7478896976 0.1984257698
0.7489468455 0.18980892
0.7511478066 0.1818129569
0.7544513345 0.1767002344
0.7570831776 0.1727343947
