0.7622674108 0.4514628053
0.7563985586 0.440582931
0.7563985586 0.440582931
0.7557017803 0.4376029968
0.7551125288 0.4344758391
0.7557915449 0.4297670126
0.761828959 0.4183080494
0.7636970282 0.4131157398
0.7668658495 0.4052980542
0.7690701485 0.4024551213
0.7712525129 0.3993914425
0.7788994312 0.3949837685
0.7831685543 0.3935447931
0.7922573686 0.3929742575
0.7961415052 0.393825829
0.7996768951 0.3956432045
0.8107734919 0.399289012
0.815162003 0.4008648098
0.8232136369 0.4064472318
0.8269093037 0.4104490578
0.8306670785 0.414750129
0.8385391831 0.4219752252
0.8393442631 0.4245962799
0.8433251977 0.4337462187
0.8451166153 0.4382174015
0.8451958895 0.4414276481
0.8435462713 0.4407803714
0.8422450423 0.4368934929
0.8414286971 0.4330127835
0.8426542282 0.4289896488
0.8397467136 0.4201727808
0.8397467136 0.4201727808
0.8438169956 0.4081205726
0.8491435051 0.3938910961
0.8575432301 0.3899944723
0.86739856 0.3897542655
