0.6607415676 0.2408578098
0.6626638174 0.2387722731
0.6680521369 0.2392345667
0.6739638448 0.2373060435
0.6750640869 0.2369411439
0.6731533408 0.2381737977
0.6745579243 0.239413619
0.6757705212 0.2385799885
0.673238337 0.2356840521
0.6720802784 0.2311398685
0.6701899171 0.2255845964
0.6699807048 0.219797492
0.6694142222 0.213456735
0.6678367257 0.2062716186
0.6661925912 0.2000627369
0.666513145 0.1948826909
0.6700328588 0.1920507103
0.6728954315 0.1939230263
0.675273478 0.1978763044
0.6822295785 0.2124033719
0.6907017827 0.2273225188
0.6970255971 0.2347271144
0.7012779713 0.2351027578
0.7037308216 0.2288050652
0.7073805332 0.2221289426
0.7091536522 0.2184740156
0.7098701596 0.2147012949
0.709243536 0.2142777443
0.7073860765 0.2130353302
