0.7302239537 0.1217155755
0.7315708399 0.1197576001
0.7297630906 0.1178755686
0.7264821529 0.1142769307
0.724534452 0.1119494736
0.7235350609 0.1087621674
0.7201521397 0.1049944013
0.7171307206 0.1018521413
0.716250658 0.09979898483
0.7151697874 0.09624551237
0.7142493725 0.09361175448
0.7155054808 0.09127658606
0.7174429893 0.08937618136
0.721654892 0.08907771856
0.7289879322 0.08980049193
0.7375783324 0.09461948276
0.7488797903 0.1011780724
0.7601822615 0.1113065183
0.7710515261 0.1232252494
0.7783741951 0.1305131763
0.7799951434 0.1319784075
0.7762609124 0.1267731041
0.7725683451 0.1205663159
0.7711772323 0.1151895672
0.7720056772 0.1105240658
0.773213625 0.1070742756
0.7740585208 0.1044013873
0.7742242217 0.103837952
