0.7768055797 0.9471382499
0.7746093869 0.9506362677
0.7717739344 0.9567229748
0.7725920677 0.955547452
0.7705283165 0.9501718283
0.7670474648 0.9502019286
0.7635506988 0.9466992021
0.7615269423 0.9417662621
0.7598136067 0.9373987317
0.7574889064 0.9333111048
0.7550953031 0.9299592972
0.7536740303 0.923494339
0.7512122989 0.9194139242
0.7518429756 0.9153711796
0.7535516024 0.9103643894
0.7572683096 0.9080103636
0.7616735697 0.9069063663
0.7693740726 0.906770587
0.7774567604 0.9051710367
0.7855991721 0.906586051
0.7932391167 0.9076493382
0.8001902103 0.9094429016
0.8040866852 0.9165505171
0.8067359924 0.926153481
0.8089494109 0.9389706254
0.8091803789 0.9566286802
0.7995839119 0.9608809352
0.8014732599 0.9509168863
0.8057709336 0.9398571253
0.8089799881 0.933082521
0.8174419403 0.9302784801
0.8255684972 0.9291214943
