0.5318153501 0.884868443
0.5346549749 0.8874959946
0.5412850976 0.8931910992
0.5423702002 0.8985677958
0.5406475067 0.9012637138
0.5401713848 0.9045351148
0.5399765372 0.9105634093
0.5367315412 0.9152168632
0.5354679823 0.9175690413
0.5329330564 0.9219456315
0.5317077637 0.9244179726
0.5309638977 0.924775362
0.5302327275 0.9262257218
0.5294994116 0.9279065132
0.5299096704 0.9268194437
0.5316954255 0.9282221794
0.5344254375 0.9309555292
0.5381297469 0.9301687479
0.5423187017 0.9309381247
0.5466024876 0.9317699075
0.552213788 0.9315370321
0.5559836626 0.930593431
0.5604372025 0.9303883314
0.5661323071 0.9300733805
0.5708482265 0.9294087887
0.5735581517 0.9291745424
0.5759114027 0.9309583306
0.5787240863 0.9323158264
0.5792960525 0.9313331842
0.5784057379 0.9304003119
0.5784745216 0.9280740023
0.575949192 0.9248238206
0.5745046735 0.9221724272
0.5743318796 0.9184382558
0.5725515485 0.9128699303
0.5713096261 0.9079271555
0.5730472803 0.9015566707
0.5750923157 0.8973199129
0.576906085 0.8942482471
0.5781989098 0.8909689188
0.5803865194 0.8880845308
0.5840700865 0.8870106339
0.5890576839 0.8893125653
0.5942805409 0.8926408887
0.5992766619 0.8964478374
0.6054352522 0.9034782052
0.6084890366 0.9098824859
0.6098972559 0.9146288633
0.6100705862 0.917707026
