0.6214966774 0.08048795909
0.6225221157 0.08110212535
0.6278840303 0.08341419697
0.6301735044 0.0863192156
0.6315687895 0.0901517421
0.6332376003 0.09601784497
0.6332376003 0.09601784497
0.6329753399 0.1039049029
0.6316099167 0.1120287776
0.6275492311 0.1160527095
0.6215122342 0.1165036857
0.6183062792 0.1169827431
0.6193354726 0.1184662879
0.6218267083 0.115666233
0.6274790764 0.1167993844
0.6383000016 0.1231349483
0.6477496624 0.1265179515
0.6579787731 0.1288030446
0.6664637923 0.1323843598
0.6709647179 0.1344878823
0.6721457243 0.1321831346
0.6699970961 0.1283758134
0.6681373715 0.1237510666
0.6644147635 0.1152603105
0.6628378034 0.1038392261
0.6634970903 0.09346218407
0.6681047082 0.08630030602
0.6756410599 0.08167067915
0.6828081012 0.08222839981
0.6915165782 0.09354677796
