0.7277100086 0.1397033483
0.7255811691 0.136370033
0.723741293 0.1336018145
0.7209382057 0.1297327429
0.7186486125 0.1228785217
0.7145605683 0.1152025089
0.7107032537 0.1068530232
0.7080103159 0.09908462316
0.7068193555 0.09220811725
0.7072710991 0.08639499545
0.7090001106 0.08225013316
0.7107345462 0.07988782227
0.7134526968 0.07902500778
0.7163073421 0.07935733348
0.7203131914 0.08139625192
0.7267255783 0.08873218298
0.7326741219 0.09570606053
0.7384334803 0.1019134
0.7444317341 0.1077604368
0.752004683 0.1142943203
0.7592058778 0.1203203797
0.7670625448 0.1273883879
0.7747423649 0.1330038756
0.7813940644 0.136549294
0.7866317034 0.1392883062
0.790587306 0.1409253776
0.7929335833 0.1428584009
0.7942188978 0.143533498
0.7924298048 0.1401754469
0.7898049355 0.1343005598
0.786999166 0.1268442124
0.7842472792 0.1177559197
0.7819890976 0.1074099988
0.7787815332 0.09244004637
0.7784365416 0.0792973116
0.7798838019 0.0667912513
0.781024754 0.05751913786
0.7820182443 0.04997013509

