0.8665953279 0.8287887573
0.8658509851 0.8238971233
0.8644970655 0.8188515306
0.862942338 0.8131072521
0.8613836765 0.8060846925
0.8597993851 0.7998757362
0.8592320681 0.7944105864
0.8590205908 0.7890309095
0.8588202 0.7846716046
0.8595208526 0.7818052173
0.8614286184 0.7811776996
0.8645873666 0.7832731009
0.8686608076 0.7865527868
0.8728368282 0.7905637026
0.8776602745 0.7962998152
0.8836123943 0.8030692935
0.8916816115 0.8120552897
0.8999205828 0.8203196526
0.9091727138 0.8289657831
0.9177224636 0.8355209231
0.9256296158 0.8399518728
0.9308047295 0.8414914608
0.9339593053 0.8407175541
0.9364823699 0.8377404809
0.9374648333 0.8332682848
0.9371573925 0.8269785643
0.9338130951 0.8179763556
0.9311519861 0.8087214231
0.929651618 0.7992761731
0.9282624722 0.7905949354
0.9255273342 0.7813907266
0.922108829 0.7746847868

