0.7206247449 0.6506567001
0.7181316614 0.6431957483
0.7169852853 0.6394917965
0.7153214216 0.6320978403
0.7145627737 0.6261783838
0.7148940563 0.6198716164
0.7153991461 0.6130082011
0.7159012556 0.605073452
0.7167565823 0.5981216431
0.7181282043 0.5934742689
0.7213484049 0.590906918
0.7213484049 0.590906918
0.7271552682 0.5965526104
0.7333990932 0.6068421006
0.7431389689 0.621994257
0.7556905746 0.6372299194
0.7675226927 0.6489951611
0.7780271769 0.654956758
0.7823408842 0.6499323249
0.7791622281 0.635014832
0.7815003395 0.6215965748
0.78390944 0.6064038873
0.7843873501 0.5898029208
0.7885713577 0.5782156587

