0.7415155172 0.2255994081
0.7369593978 0.2224041373
0.7345523834 0.220067054
0.7354725599 0.2177172005
0.7355498075 0.2138260603
0.7343920469 0.2087159604
0.7301107049 0.2020692378
0.7273039818 0.1976216286
0.7255381942 0.1933780611
0.7256253958 0.1898282915
0.7252174616 0.186276406
0.7240325212 0.181687668
0.7227374911 0.1759276241
0.7221547365 0.1704126149
0.7226521969 0.1658243537
0.724211216 0.1617513895
0.7254712582 0.1589957625
0.7253563404 0.1563559026
0.7255353928 0.1539367586
0.7266410589 0.1531153023
0.7290936708 0.1546735018
0.7308521271 0.1560070962
0.7325162292 0.157199651
0.7339140177 0.1599541008
0.7355309725 0.1640430391
0.7390252352 0.1692358702
0.7444137931 0.1752438694
0.7491261363 0.1799688935
0.7547057867 0.1848729849
0.7604926229 0.1912775934
0.7665807605 0.1976833493
0.776373744 0.2040620446
0.7853592634 0.2087135017
0.7914917469 0.2127238214
0.7962983847 0.2169321328
0.8019748926 0.2211642265
0.8086843491 0.2255393565
0.8136082888 0.2280766815
0.8146458268 0.2282380909
0.8119484186 0.2261915207
0.8108609319 0.22445862
0.8112714887 0.2232829928
0.8107361794 0.2205863148
0.8086980581 0.2159813046
0.8061587811 0.2099122405
0.8032664061 0.2025247961
0.8018702269 0.1950097382
0.8012026548 0.1870845258
0.8006661534 0.1786660999
0.8005188107 0.1700086594
0.8003821373 0.1615545303
0.8013967276 0.1534515917
0.8027994633 0.1463968754
0.8038345575 0.140814811

