0.524443388 0.9169009328
0.522742331 0.9172608852
0.5234568119 0.9125694036
0.5242666006 0.903523922
0.5243601799 0.89668262
0.5241087079 0.8928458095
0.5239689946 0.8897042871
0.5231271386 0.8855417371
0.5239599943 0.8788298965
0.5225625038 0.8721587062
0.5217518806 0.8672451973
0.5209696889 0.8613593578
0.519585669 0.8562725782
0.5199705958 0.8532429934
0.5220882893 0.8544976115
0.5245873928 0.8570396304
0.5284173489 0.859146595
0.5309019685 0.8617095351
0.5346623659 0.8637695312
0.5394672751 0.8669756651
0.5459459424 0.8718112707
0.5516476631 0.876452446
0.5585832 0.8809933066
0.5642399192 0.8857035041
0.5701689124 0.8905366659
0.576818943 0.8966094851
0.5832532048 0.9035462141
0.5882544518 0.9108712673
0.5927567482 0.9190468788
0.5979852676 0.9220861197
0.5994808674 0.9214178324
0.5977612734 0.9191824198
0.5962421894 0.9178087711
0.5964719057 0.9149788618
0.5935528874 0.9078626037
0.5916939974 0.9001361132
0.5908946991 0.8908764124
0.5899671316 0.8831208944
0.5892731547 0.8743286729
0.5890749693 0.8666188121
0.5889157057 0.8596662283
0.5890062451 0.8529347777
0.5879212618 0.8483070731

