0.7301937342 0.459908396
0.728818059 0.4580285847
0.7276326418 0.4541098475
0.7259843946 0.4464100897
0.7242342234 0.4386838973
0.7225771546 0.4322865009
0.7206687927 0.4254402518
0.7190941572 0.4186180532
0.7186568379 0.4115338027
0.7187908292 0.4036354423
0.7194626331 0.3975051641
0.7213336229 0.3937241435
0.7238894105 0.393968612
0.7271143198 0.397303313
0.7317062616 0.4022105336
0.7369582653 0.4086612165
0.7432899475 0.4167624116
0.7496254444 0.4231617749
0.7566862106 0.4306522906
0.7634080648 0.4370744824
0.7683925033 0.4411364794
0.773106277 0.4414206743
0.7752419114 0.4367142022
0.7767285705 0.4309282303
0.7770905495 0.4235571325
0.7777080536 0.4158586264
0.7781455517 0.4075713754
0.7790379524 0.3989194632
0.7810204029 0.3894244432
0.7823708653 0.3832113743

