0.8607586622 0.7910519242
0.8587369919 0.7875123024
0.8578301668 0.786028862
0.8562466502 0.783059001
0.8538880944 0.7773982286
0.8508306146 0.7714099884
0.8478181362 0.7650275826
0.8459585905 0.7592995167
0.8449138403 0.7532897592
0.8445912004 0.7477750778
0.8444613218 0.7426559925
0.8442739248 0.739027679
0.8445334435 0.7363436222
0.8468465209 0.7352542281
0.8506077528 0.7356533408
0.8549922109 0.7369955778
0.8588964939 0.7404857278
0.8626968861 0.7434928417
0.8684203029 0.7474513054
0.876219511 0.752142787
0.8845677376 0.7570339441
0.8905552626 0.7624828815
0.89634794 0.7669098377
0.9038614035 0.7713570595
0.9132547379 0.7754240632
0.9203031063 0.7779388428
0.9259076715 0.7796281576
0.9264008999 0.7782008052
0.9295861721 0.7771018147
0.9319651723 0.7749563456
0.9339469075 0.7726709843
0.9325778484 0.7688418031
0.9292401671 0.763486743
0.9288846254 0.7586231232
0.9291400909 0.7528734803
0.9284642935 0.7448931336
0.9274231791 0.7376585603
0.9260501266 0.7308106422
0.9258669615 0.7253422141
0.9267811179 0.7205604315
0.9277626276 0.7167257071

