0.7165324688 0.553665638
0.7135058641 0.5510760546
0.7132648826 0.5515736341
0.7144355178 0.5509791374
0.7138968706 0.5461805463
0.7120001316 0.5410536528
0.7092113495 0.5343990326
0.709038794 0.5292180777
0.7087824941 0.5225310922
0.7073889375 0.5154959559
0.7047091722 0.5069884062
0.7028963566 0.4999189079
0.7034553289 0.496694386
0.7039949298 0.4949838519
0.7049068213 0.4953109026
0.7063034773 0.4972625673
0.7094897628 0.4991708398
0.7145607471 0.5037158132
0.7202785611 0.509329319
0.7267661691 0.5158020854
0.7334851027 0.5224183202
0.7411311269 0.5284525752
0.7501612306 0.5335144401
0.7590196133 0.5381979942
0.7671998143 0.5424830317
0.7732115984 0.5475541949
0.7789223194 0.5515016317
0.7853280902 0.5548530817
0.7899068594 0.556455791
0.7930394411 0.5577750802
0.7922952175 0.5571444035
0.7918804288 0.5567987561
0.7912817001 0.5555526614
0.7900371552 0.550866127
0.7877592444 0.5455259085
0.7860609293 0.5393327475
0.7846326828 0.5313999653
0.7834390998 0.5236023664
0.7827450037 0.5153104067
0.7825810909 0.5054686069
0.7824097872 0.4966946542
0.7820888162 0.4890038967
0.7821638584 0.4822483361

