0.8058027625 0.3744737208
0.8026084304 0.3845132291
0.7980679274 0.3890594244
0.7900906801 0.391487509
0.7827196121 0.3946610391
0.776129365 0.3939962685
0.7701796293 0.388797909
0.7658865452 0.3828454018
0.7644374371 0.3761073947
0.7653226852 0.3681833148
0.7680369616 0.3604006469
0.7734128237 0.3550802767
0.7834250927 0.354462564
0.7922104597 0.3558002114
0.7984685898 0.3605055213
0.8023587465 0.369445771
0.8033264279 0.3785265684
0.8010001183 0.3839437664

0.7631017566 0.3536699414
0.7695837021 0.3547052443
0.7786518335 0.3569995463
0.7876893282 0.3581779003
0.796833396 0.3577271402
0.8087216616 0.3589629531
0.8214277625 0.3595933914
0.832005024 0.3596833944
0.840809226 0.3601953387
0.8462135196 0.3607983291
0.8453181386 0.3602858782
0.8415884376 0.3583434224
0.8348450661 0.3563445508
0.8250387311 0.3537819386
0.8158686757 0.348990649
0.8074244261 0.3433409035
0.799887836 0.3376175761
0.7939727306 0.3318961859
0.7894890904 0.3251009285
0.786229074 0.3202193677

