0.5742968321 0.6050058603
0.5765041113 0.6112330556
0.5764743686 0.6152700186
0.5715990067 0.6193813086
0.566118896 0.6212124825
0.5602141619 0.6212244034
0.5533460379 0.6201295853
0.5461660624 0.6169739366
0.541294992 0.6120605469
0.5387843847 0.6070881486
0.5373011827 0.6014094353
0.5395078659 0.5955504179
0.5434072614 0.5902937651
0.5477536321 0.5857502222
0.5531302094 0.5841293335
0.5605239868 0.5852497816
0.5675179362 0.5885964632
0.5723958611 0.5932010412
0.5754520893 0.5999475121
0.5763550997 0.6066297293

0.5463271737 0.5821552277
0.5518118143 0.5825418234
0.5586268306 0.5824242234
0.5660436749 0.5819905996
0.5736294389 0.581395328
0.5822936893 0.5815746188
0.5908765793 0.5815345645
0.5996356606 0.5810689926
0.6071938276 0.5814065933
0.6138319373 0.582873702
0.617995739 0.5836173892
0.6193336844 0.5827462077
0.6181367636 0.5816255212
0.6129048467 0.5791780949
0.606053412 0.575759232
0.5982124805 0.5717413425
0.5892346501 0.5664997101
0.5790230036 0.560546279
0.570217669 0.5545073152
0.5628600121 0.5498738289

