0.6798368096 0.4849544168
0.6819585562 0.4904192388
0.6854317784 0.4988541603
0.6806926131 0.5060830116
0.6737889051 0.5088207126
0.6662185192 0.5072427392
0.6581409574 0.501080513
0.6505631804 0.4908347428
0.6486569047 0.4811806083
0.6523841023 0.4714552462
0.6580711007 0.4687765241
0.6658525467 0.4702527523
0.6741408706 0.4758417606
0.679469645 0.4838557839
0.6843774915 0.4932898283
0.6857089996 0.5004948378
0.6816912889 0.5036474466

0.6600629091 0.4712194204
0.6694270372 0.4726742804
0.6790189147 0.4733528495
0.6889470816 0.472679615
0.6997237802 0.4741759598
0.7122586966 0.4764356911
0.7222864628 0.4770657718
0.7315748334 0.4782148302
0.7376314402 0.4797011316
0.7409031391 0.4803926349
0.7350039482 0.4760152698
0.7350039482 0.4760152698
0.7268314958 0.4708256125
0.7171314955 0.4649964273
0.7061030269 0.4577513337
0.6947823763 0.4499175549
0.6849961281 0.4412434995

