0.669062376 0.5001808405
0.6709544659 0.5042743683
0.6715714335 0.5089053512
0.6695736647 0.5118435621
0.6646745205 0.5137168169
0.6600700617 0.5146058798
0.6539125443 0.5120255947
0.6482750773 0.5069334507
0.6443145871 0.5008178949
0.6423019171 0.4929924011
0.6431301236 0.4883314669
0.6467462182 0.485881865
0.651935339 0.4856176376
0.6572719812 0.4858970046
0.6617888808 0.489977181
0.6664685011 0.4955522418
0.6687209606 0.5020657778
0.6679384708 0.5063180923

0.6502022743 0.4816101193
0.6572841406 0.4833306372
0.6649306417 0.483902812
0.6713517308 0.4830392003
0.6800079346 0.4848218858
0.6882549524 0.4861025512
0.6954894662 0.4851837158
0.7000696063 0.4839332104
0.7030151486 0.4844201803
0.702929616 0.4837893844
0.6993694305 0.4804016948
0.6939786077 0.4766605794
0.6879777908 0.4733034968
0.6804867983 0.4672275186
0.6730405092 0.4596183598
0.6672453284 0.4536200166
0.6632951498 0.4496882558

