0.7937580347 0.5533131957
0.7962297201 0.5562268496
0.7969569564 0.5586543083
0.7931495905 0.5618547201
0.7865734696 0.5652452707
0.7790250778 0.5648616552
0.7713272572 0.5624606609
0.7641654611 0.5579212308
0.7585770488 0.5516529679
0.7551242113 0.5439810157
0.7546769977 0.5368103385
0.7553851604 0.5305444598
0.7595301867 0.5257863402
0.7654950619 0.5235199332
0.7724947929 0.525701046
0.7781134248 0.5300574899
0.7830646634 0.5374196172
0.7873694897 0.5451960564
0.7891810536 0.5517320633

0.7638316154 0.5221108198
0.7687972188 0.5231939554
0.7758000493 0.5236034989
0.7841968536 0.5241379142
0.7937853932 0.5256713629
0.8039892316 0.5277454853
0.8143640161 0.5289724469
0.823568821 0.5297227502
0.8314573765 0.5313088894
0.8368022442 0.5323365331
0.8390002847 0.5319850445
0.8363125324 0.5303325653
0.8319977522 0.5287977457
0.8244177103 0.5253199935
0.8153504133 0.5204315186
0.805228889 0.5146203041
0.7959784269 0.507396996
0.7875614166 0.4996768534
0.7800875902 0.4924766123

