0.5914786458 0.2145051658
0.596565485 0.2289479971
0.5945189595 0.2446384728
0.5884022713 0.2526426911
0.5794647932 0.2540248632
0.5718006492 0.2501249313
0.5601766109 0.2418153286
0.5519393086 0.233681947
0.5489934683 0.2270925343
0.5488116741 0.2206664234
0.5522668958 0.2169912159
0.5555361509 0.2123495787
0.5604255199 0.2076251507
0.5655927658 0.2057366818
0.5722130537 0.2085719109
0.5782794356 0.213919878
0.5828109384 0.2197980285
0.5868731737 0.2253319472
0.5886338353 0.2330458313

0.5510917902 0.2081021965
0.5563156009 0.2082152069
0.5631645918 0.2091206014
0.5701288581 0.207869783
0.5769891739 0.206807375
0.5864357948 0.2079487145
0.5963121653 0.2083949149
0.6059108377 0.2082788646
0.6152549982 0.2098652422
0.6254073381 0.2113616765
0.6330080032 0.2110974938
0.6384376287 0.2105309665
0.6423146725 0.2102091908
0.6425983906 0.2093637586
0.6396116614 0.2058396935
0.6339797378 0.2013887167
0.6273599267 0.1968056858
0.6174945235 0.1911729127
0.6074126363 0.1843845844
0.5986623168 0.1761230379
0.5907219648 0.1698667854
0.5860316753 0.166495204
0.5831592679 0.161968857

