0.8991006613 0.6286943555
0.9005898237 0.6327385902
0.899748683 0.6360913515
0.899409771 0.6392030716
0.8976581097 0.6412519813
0.8925357461 0.6467949152
0.8895167112 0.6494495869
0.8860684633 0.650690794
0.8827346563 0.6511170864
0.8783293962 0.6494873762
0.8743757606 0.6481157541
0.8674761653 0.6423611641
0.8651418686 0.6404080391
0.8615655303 0.6356778145
0.8615655899 0.6356778145
0.8602700233 0.6287783384
0.8615967035 0.6226984262
0.8682043552 0.6196519136
0.8762289882 0.6179195642
0.8846036196 0.6187559962
0.8929046392 0.624093771
0.8994036913 0.6321322918
0.9006284475 0.641045332

0.8730819821 0.6210296154
0.8813006282 0.621083498
0.8901362419 0.6192211509
0.9005468488 0.6181578636
0.9129605293 0.6180827022
0.9266423583 0.6208888292
0.9380818009 0.6219651699
0.9466095567 0.6205787063
0.9531732202 0.6218619943
0.9558057785 0.6235575676
0.9555078745 0.6216196418
0.9502383471 0.6194518209
0.9428117275 0.6168788075
0.9327619672 0.613298595
0.9216902256 0.6077694893
0.911183238 0.6019687653
0.900947094 0.5954366922
0.8920921087 0.5896229744
0.8858773112 0.5848222971

