0.8641499877 0.6523976922
0.8679437041 0.6578812003
0.8670808077 0.6612409353
0.8650221825 0.6668636203
0.8598257303 0.6736994982
0.8535618782 0.6771379709
0.8460782766 0.6797155738
0.8384676576 0.6807079911
0.8306869268 0.6795678735
0.8236012459 0.675978303
0.8181864023 0.6697143912
0.8143345714 0.663649857
0.812469542 0.6563585997
0.8140820861 0.6488314271
0.8170036077 0.6434828043
0.8220788836 0.6390869021
0.8293284774 0.6370559335
0.8374866247 0.63718009
0.8464781046 0.6396378279
0.8543758392 0.6439533234
0.8605697155 0.652223587
0.864300251 0.6604440808
0.8649060726 0.6674743891

0.8130845428 0.6386421919
0.8176276684 0.6398158073
0.8258565664 0.6432116628
0.8332856894 0.6431293488
0.8417674303 0.6438478231
0.8514398336 0.6450568438
0.862585187 0.6454969049
0.8741256595 0.6459667683
0.8863806725 0.6477088928
0.8976475 0.6489380598
0.9085876942 0.6505600214
0.9199758768 0.651475966
0.928311944 0.6515594125
0.9354069233 0.6524972916
0.9412814975 0.6545957923
0.9460595846 0.6546392441
0.9484575987 0.6541952491
0.9504544735 0.6550787091
0.9495250583 0.6547879577
0.9459280372 0.6518088579
0.9407789707 0.6499735713
0.9314535856 0.6472759843
0.9212753773 0.6431936622
0.9096446633 0.6377909184
0.8979798555 0.632106781
0.8866568804 0.6253472567
0.8763820529 0.6167110205
0.8678300381 0.6095892191
0.8606020808 0.6032586694
0.8550605774 0.596493125
0.8516768813 0.5924118757
0.850920558 0.5910601616

