0.5784495473 0.917242825
0.5754931569 0.9252941608
0.5719285011 0.9391567707
0.5717352629 0.9397608042
0.5660843253 0.9380146861
0.5588217974 0.9370244145
0.5544582605 0.9318147898
0.5507339239 0.9218166471
0.5477520227 0.9171127081
0.547534287 0.9106142521
0.5492479801 0.9033278227
0.5528294444 0.8981315494
0.5571725368 0.8965873122
0.5632109642 0.8981949091
0.5682467222 0.8999524117
0.5709712505 0.9030770063
0.5742268562 0.911943078
0.5776543021 0.9234076738
0.5775265694 0.9300966263

0.5504492521 0.8987324238
0.5550609231 0.8982434273
0.5608406067 0.8964996338
0.5663574338 0.8937077522
0.5726773739 0.8922302723
0.5806635618 0.8933591247
0.588049829 0.893040359
0.594447732 0.8939000964
0.6014077663 0.8947967887
0.6069682837 0.8955544829
0.6097186804 0.8961266875
0.6110268235 0.8970609903
0.6093683243 0.8959677219
0.6042879224 0.8912662268
0.5983350277 0.8868339062
0.5914575458 0.8816603422
0.5830849409 0.8755928278
0.5756177902 0.8705966473
0.5689840317 0.8649326563
0.5642794967 0.8594911098

