0.5781569481 0.3289382756
0.5822943449 0.3357762098
0.5826069117 0.3422452807
0.576813221 0.3459323049
0.5700349808 0.3476127088
0.562374711 0.3492497206
0.5553438663 0.3457015157
0.5476839542 0.3370963931
0.543551445 0.3297772408
0.5403982997 0.3218123615
0.5395345092 0.3134597838
0.5454564095 0.3104784191
0.5516507626 0.3082641363
0.5568227172 0.3072803617
0.5632113814 0.308662802
0.569503665 0.3147616982
0.5750097036 0.3229587674
0.5778828859 0.3299658298

0.5523323417 0.3091065586
0.5581012368 0.3090358377
0.5656887293 0.3107976317
0.5732457042 0.3101981282
0.58158499 0.310379684
0.5900240541 0.3121751547
0.5981311798 0.3144021928
0.6060351133 0.3152205944
0.6118479967 0.3146874309
0.6155170798 0.3157083094
0.617075026 0.3157573938
0.616866231 0.3132330477
0.6129148602 0.3089018762
0.6048736572 0.3040193915
0.5971569419 0.2993826866
0.5892250538 0.2932272255
0.5806746483 0.2847655416
0.5740147829 0.2780566514

