0.6833124757 0.5623723269
0.6844072938 0.5698344707
0.6817971468 0.5771480799
0.6784404516 0.5815870166
0.6747877598 0.5858044028
0.6705826521 0.5874404907
0.6635529995 0.5837364197
0.6565729976 0.5771247745
0.6525928378 0.5711334944
0.649853766 0.5631904006
0.6497824788 0.5568698645
0.6535199285 0.5544168353
0.6609378457 0.5547955036
0.666567564 0.5538035631
0.672524631 0.5553075075
0.6793963313 0.5603870153
0.6819576621 0.5674004555

0.6509965062 0.5535420179
0.6564483643 0.5545021892
0.6631432772 0.5546411276
0.6694346666 0.5537650585
0.6772180796 0.5539170504
0.6858769655 0.55450809
0.6949737072 0.5546650887
0.7034220695 0.5547932982
0.7112110257 0.5560091734
0.718552649 0.5576204658
0.7239362597 0.55842489
0.7256611586 0.557852149
0.7251980305 0.5557166338
0.721868515 0.5525442362
0.7169600129 0.5488477945
0.7099410295 0.5448191762
0.7020261884 0.5410959721
0.6946031451 0.5372358561
0.6871781945 0.531955719
0.6806388497 0.52714324
0.6764135957 0.5225379467

