0.7894796729 0.661311388
0.7930400372 0.6694658399
0.7928993702 0.6769410968
0.788015008 0.682567358
0.7802289724 0.6855083704
0.7733997107 0.6847062707
0.7673072219 0.6808582544
0.7626535892 0.67402637
0.759559691 0.6666511297
0.7594122887 0.6591898799
0.7623082995 0.6540064812
0.766821146 0.651230216
0.773958683 0.6533173919
0.7829089165 0.658731401
0.7911598086 0.6649950743
0.7938184142 0.6698697209

0.7712745667 0.6524029374
0.7772753835 0.6529814601
0.7856590152 0.6533868313
0.7948743701 0.6537303329
0.8054105639 0.6555052996
0.8158351779 0.6592093706
0.8241589069 0.6611905098
0.8287420869 0.661124289
0.830617547 0.6623337269
0.8274371624 0.6607422829
0.8205029368 0.6569693089
0.8132243156 0.6530300379
0.8049405813 0.6473549604
0.7958658934 0.6411268711
0.7883318663 0.634663105
0.7830283046 0.6290832162
0.7781425118 0.6233842373
0.7743923664 0.6187398434

