0.5004882812 0.6467905045
0.5059937239 0.6473661661
0.5111214519 0.6479046941
0.5176725984 0.6471637487
0.5246331692 0.6446655393
0.53039217 0.6409541965
0.5337066054 0.6368355751
0.5365030766 0.6327081323
0.5375671387 0.6275132895
0.5409571528 0.6233976483
0.5440570116 0.6195858717
0.5447525978 0.615472734
0.5442017317 0.6114196181
0.5423833132 0.6082422733
0.5407768488 0.6053006053
0.5386766791 0.6030720472
0.5357205272 0.6003010869
0.5318347812 0.5992869139
0.5268623829 0.5975860953
0.5214737654 0.5964654684
0.5163937807 0.596072197
0.5109114051 0.5963747501
0.5053707361 0.5967348814
0.5012623668 0.5986629128
0.5004882812 0.6003296971
0.5004883409 0.6020209789
0.5005052686 0.6035853624
0.5041780472 0.6057726145
0.5082634091 0.6072518229
0.5150223374 0.6082699299
0.523140192 0.6084391475
0.5303124189 0.607878089
0.5380021334 0.6063956618
0.5467363596 0.6063274145
0.55512321 0.6062972546
0.56474787 0.604880929
0.5724085569 0.6048920155
0.578678906 0.6056980491
0.5847310424 0.6064345241
0.5902158022 0.6066277623
0.5948264003 0.6067444682
0.5964371562 0.6068900228
