0.6227782369 0.603197217
0.6299223304 0.6067506075
0.6344085336 0.61033988
0.6393342614 0.6141554117
0.6467781067 0.6149160266
0.6543715596 0.6157005429
0.6629903913 0.6134128571
0.6706542969 0.6095266938
0.6747922897 0.6056725383
0.6756290793 0.6006689072
0.6756820679 0.5951880813
0.6757282019 0.5900466442
0.6731153131 0.5853356123
0.670363307 0.5824825764
0.66547364 0.581330657
0.6564145684 0.5830812454
0.6475830674 0.586132884
0.6423108578 0.5888647437
0.6436756253 0.5916301012
0.6508040428 0.5929040313
0.6603063941 0.5924488902
0.6675356627 0.5920901299
0.6781520844 0.5914017558
0.6873834729 0.5903540254
0.6972416639 0.588835597
0.7057206631 0.5870933533
0.7132431269 0.5867082477
