0.5118216872 0.4919567704
0.5166417956 0.4930696487
0.5201354623 0.4949263036
0.5226482749 0.4972844124
0.5261463523 0.4995874763
0.5299352407 0.503029108
0.5351950526 0.5059705377
0.5391063094 0.5080586672
0.5419777632 0.5102901459
0.544778347 0.5113466382
0.5477953553 0.511934638
0.5499498248 0.5098591447
0.5506410599 0.5080592632
0.5504258871 0.5055843592
0.5496173501 0.5013247132
0.5485013723 0.4972513914
0.5476010442 0.4936722219
0.5465602875 0.4902219772
0.5451763272 0.4867069423
0.5433045626 0.4827126861
0.54170084 0.4788947105
0.5396848321 0.4748778045
0.5379607081 0.4715221524
0.5365180969 0.4685208201
0.5356106162 0.4666276276
0.5350777507 0.4647713304
0.5348362923 0.4640210867
0.5341441631 0.4627801776
0.5329936147 0.4636008143
0.5317208171 0.4650598764
0.5305653811 0.4671197534
0.5281838179 0.4697742462
0.5254950523 0.4726721048
0.5258510113 0.4747040868
0.5290530324 0.4771520495
0.5324296951 0.4777958691
0.5370650887 0.4792422354
0.5414886475 0.4800542295
0.5475608706 0.4789485335
0.5549072623 0.4771561623
0.561293304 0.4758734405
0.5676267147 0.4753366709
0.5747740865 0.4754503667
0.5802616477 0.4760052562
