0.5873078108 0.189470008
0.5915037394 0.1929842234
0.5983188748 0.1973463297
0.6026571989 0.1995616555
0.6063016057 0.2008537948
0.6091293097 0.2024080455
0.6118776202 0.2031562626
0.615904212 0.2034331262
0.6214037538 0.2039306164
0.6261895895 0.2039710879
0.6293751001 0.2030547261
0.6312726736 0.2013729513
0.633263588 0.1995771229
0.6357131004 0.1971440315
0.637396574 0.1951535791
0.6374490261 0.1925205737
0.6357523203 0.1890047193
0.6329814792 0.1864070892
0.6301441789 0.1828585863
0.6262403727 0.1792695969
0.6217932701 0.1757691205
0.6162812114 0.1725214422
0.6105392575 0.169076398
0.6054943204 0.1664497256
0.601436615 0.16460751
0.5977039337 0.1632221341
0.5948821902 0.1620845199
0.593445003 0.1617639959
0.5940502286 0.161972478
0.5965368748 0.1629601568
0.5998541117 0.1643223912
0.6049981713 0.1656483114
0.6107547879 0.1670421213
0.6175689101 0.1684825718
0.624571681 0.1697960198
0.6319357157 0.1700343639
0.6385654807 0.1704800576
0.6457234621 0.1712872386
0.652834475 0.1714923531
0.6589483023 0.1716019064
0.6646596193 0.1722538769
0.6700117588 0.1721887141
0.6749327183 0.1718356311
