0.5006582737 0.7617496252
0.5055565238 0.764367342
0.5144869685 0.7665407658
0.5225121379 0.7683179379
0.530970037 0.7676999569
0.5386531353 0.7638337612
0.5443631411 0.758466363
0.547603488 0.752001524
0.5487277508 0.746617794
0.5454757214 0.7418227196
0.5429433584 0.7394132614
0.5401347876 0.7369428277
0.5378010869 0.7346907258
0.5350456238 0.7329187989
0.5317386389 0.730807364
0.5272009373 0.7290714383
0.5230379105 0.7280093431
0.520103395 0.7276011705
0.5170629025 0.7277992964
0.5135096908 0.7273249626
0.5102313757 0.7273095846
0.5094763637 0.7274528146
0.5108610988 0.7289401889
0.5120999217 0.7298015356
0.5158581734 0.7300038338
0.5196275115 0.7319494486
0.5250414014 0.7320373058
0.5298073888 0.7325260639
0.5356744528 0.7320710421
0.5411206484 0.7317852974
0.5475441217 0.7317431569
0.5552428961 0.7310529947
0.5639188886 0.7295799851
0.5699141026 0.7288423777
0.5744357109 0.7287344933
0.5797441602 0.7281200886
