0.7306133509 0.7236965895
0.7420372963 0.7276936769
0.7516946793 0.7313008308
0.7561548948 0.7319805622
0.7623770237 0.7319024801
0.7673729658 0.7315900326
0.7709798217 0.7296945453
0.7724522948 0.7278001308
0.7733263373 0.725820303
0.773070097 0.7232268453
0.7737566829 0.7197443247
0.774313271 0.7161128521
0.7737014294 0.7129878998
0.7712667584 0.7096653581
0.7686938643 0.7066123486
0.766495347 0.7037822604
0.763225913 0.7012839317
0.7588475943 0.6989514232
0.7538539171 0.6967061758
0.7491087317 0.6954474449
0.7458945513 0.6947995424
0.7444255352 0.695058167
0.7455157042 0.6950599551
0.7497880459 0.6964950562
0.753395915 0.6975499988
0.7574034929 0.698390007
0.7618942261 0.6989468932
0.7675591707 0.6994895935
0.7731080651 0.6996331215
0.7787160873 0.6999101639
0.7829175591 0.699898243
0.7864119411 0.6995813847
0.7910768986 0.6996495724
0.7966411114 0.6997603774
0.8010254502 0.7002347708
0.8041453958 0.7004330158
