0.7830891609 0.584351778
0.7914147377 0.5887480378
0.7993656397 0.5929601789
0.8089879155 0.5976529717
0.8177357316 0.6003741026
0.8261523247 0.6025947332
0.8339814544 0.6051946878
0.8431212902 0.6057151556
0.8505945802 0.6034523249
0.8551784754 0.6002069712
0.8541943431 0.5921056271
0.8532893658 0.5857000351
0.8526034355 0.5797389746
0.8509142995 0.5743931532
0.8448935747 0.5684986115
0.8354467154 0.5625884533
0.8262935877 0.5583980083
0.8176662326 0.5555721521
0.8065236211 0.5537728071
0.7959303856 0.5529257059
0.7889147997 0.5529903173
0.7851064801 0.5555940866
0.7861551642 0.5590664148
0.791901648 0.5635672808
0.8023870587 0.5689921379
0.8118038774 0.5742670298
0.8229866028 0.5788601637
0.8295888901 0.5807437897
0.8410130143 0.583771348
0.8501781225 0.5855278373
0.8569054604 0.5871393681
0.8628612757 0.5884203911
0.8688342571 0.5882095098
0.8738886118 0.5863081217
0.8763413429 0.5837506056
