0.5361690521 0.9115941525
0.5428632498 0.9128124714
0.548142612 0.91788131
0.5523075461 0.9255511165
0.5539854169 0.9337759018
0.5556573868 0.9409537315
0.5581156611 0.9462304115
0.562084794 0.950315237
0.5677856207 0.9538018703
0.5741599798 0.9561834335
0.5792640448 0.9569807649
0.5836709738 0.9574601054
0.5887491107 0.9571900368
0.5917006135 0.9580144882
0.5945367813 0.9593129158
0.5974756479 0.9599238634
0.6002581716 0.9593461752
0.6030730605 0.9566094875
0.6060733199 0.9514017105
0.6087759733 0.9466078281
0.6115267873 0.9423841238
0.6151426435 0.9388164282
0.6187942028 0.9352728724
0.623085618 0.9307281971
0.6277537346 0.9258452654
0.6307214499 0.9211731553
0.6328468323 0.9162616134
0.6354700327 0.9120174646
0.6368514299 0.9085965753
0.6355301142 0.9058710337
0.6319719553 0.9034978151
0.6282557845 0.9008972645
0.621145606 0.8993996978
0.61474365 0.8986111879
0.607359767 0.9000182748
0.6008287668 0.902808547
0.5942874551 0.9051707983
0.591661334 0.9055505991
0.586810112 0.9073935747
0.5853217244 0.9089632034
0.5868993998 0.9119520783
0.5907663107 0.9162253737
0.5968505144 0.9198431969
0.6012942791 0.9228280783
0.6096742749 0.9236858487
0.619893074 0.9258795381
0.6302389503 0.927020967
0.6381565928 0.927443862
0.6432310343 0.9263023138
0.6480064392 0.9262215495
0.649032414 0.9283565879
0.6507270932 0.9306997657
0.6516466737 0.9311006069
0.65055722 0.9316237569
0.6493121386 0.9313131571
