0.6316928864 0.6540417075
0.63039428 0.6578674316
0.632935226 0.6622059345
0.6397483945 0.6662620902
0.6489339471 0.6688020825
0.659206152 0.6710835099
0.6692442894 0.6738706231
0.6806299686 0.6739847064
0.6899374723 0.6739922762
0.6982076764 0.6718338728
0.7054179907 0.6689866781
0.7099069953 0.6646365523
0.7148965001 0.6600667238
0.7190951705 0.6542405486
0.7213174105 0.6474550962
0.7208536863 0.6433106661
0.7198144197 0.6364639997
0.7176187634 0.6311049461
0.7146310806 0.6273503304
0.7119082212 0.6237716675
0.7069430947 0.6217848063
0.7016963959 0.6216334701
0.6970277429 0.6225584745
0.6926702261 0.6236558557
0.6901954412 0.6256220341
0.6901954412 0.6256220341
0.6876327991 0.6272493601
0.6916009784 0.6294205189
0.6994875073 0.6307054758
0.7062454224 0.6336432695
0.7161887288 0.6379176378
0.7287013531 0.6427209973
0.738624692 0.6473983526
0.7462534904 0.6525857449
