0.5004882812 0.5712782145
0.5069450736 0.5725604892
0.5131224394 0.5736312866
0.5172938108 0.5743923187
0.5207933187 0.574311316
0.5262268186 0.573567152
0.532763958 0.5724473596
0.5380575061 0.5702130795
0.5412500501 0.5672326088
0.5434412956 0.5628452301
0.5462273955 0.5585894585
0.5478783846 0.5543694496
0.5483896732 0.5511335135
0.5482671857 0.5477335453
0.5460926294 0.5443571806
0.5424411893 0.5415810943
0.5391592979 0.539228797
0.5346654058 0.5374023318
0.5282970667 0.536431849
0.5224556923 0.5355840921
0.5166138411 0.5356311202
0.5115638971 0.5362029076
0.5070205331 0.537001729
0.5029879808 0.537324369
0.5004882812 0.5382370353
0.5004882812 0.5383734703
0.5019587278 0.537899673
0.5046113729 0.537935257
0.508558929 0.5379219055
0.5142458081 0.5381221771
0.5210808516 0.5383674502
0.5292018056 0.5393033028
0.5377924442 0.539653182
0.5458792448 0.5398819447
0.5530515313 0.540345192
0.5608302951 0.5407118201
0.5687695146 0.5409588814
0.5760713816 0.5406364799
