0.7179659605 0.8320163488
0.7241140008 0.8373607397
0.7323403358 0.8413504958
0.739084661 0.8466257453
0.745194912 0.8489442468
0.7531452775 0.8496178985
0.7594763041 0.8482590914
0.7626705766 0.8474159241
0.7661672831 0.8454891443
0.7691642046 0.8425581455
0.7710517645 0.8386304379
0.7733108997 0.8351999521
0.7738668323 0.8324583769
0.7738763094 0.8296049833
0.7719093561 0.8251250982
0.7699381113 0.8216583133
0.768273294 0.818344593
0.7658320665 0.8155611753
0.7625728846 0.813421011
0.7594375014 0.811673522
0.7572897673 0.8100140095
0.7561062574 0.8102196455
0.7580209374 0.8100930452
0.760512352 0.8114757538
0.7630291581 0.8127019405
0.766100049 0.8145859241
0.7711829543 0.8173981905
0.776617229 0.8200660348
0.7813153267 0.822108984
0.7843410969 0.8234952688
0.7869161367 0.8241336346
0.7894215584 0.8249857426
