0.7034234405 0.8985000849
0.7720530033 0.9166789651
0.7720530033 0.9166789651
0.7720530033 0.9166789651
0.7729473114 0.9126278162
0.7731841803 0.9080606699
0.7730503678 0.9036931992
0.7725855708 0.8999991417
0.7717860937 0.8971787691
0.7708063126 0.8946084976
0.7696421742 0.8916198015
0.7685562372 0.8890958428
0.7666902542 0.8865748644
0.7644308805 0.883913517
0.7622374892 0.8814344406
0.7597314119 0.8793745041
0.7568910718 0.8774081469
0.7534753084 0.8756321669
0.7503162622 0.874119997
0.7473940849 0.8732099533
0.7450631261 0.8731094003
0.7435029745 0.8741707802
0.7432038784 0.8754861355
0.743309021 0.8770669103
0.7444387674 0.8790088892
0.7467991114 0.8813560009
0.7502707243 0.8832663894
0.7549002171 0.884352684
0.7597055435 0.884832859
0.7641454339 0.8857371807
0.7695994377 0.8862177134
0.7752197981 0.8863422275
0.7806481123 0.8860845566
0.7856652141 0.8862679005
0.7907487154 0.8870396018
0.7955875993 0.8880929947
0.7996503115 0.8885111809
0.8029559851 0.8890701532
0.8057370782 0.8897652626
0.8079324961 0.890119195
0.8079560399 0.8896553516
