0.6040000319 0.443302542
0.6088318825 0.4448496401
0.6158732176 0.4479839206
0.6247231364 0.450042665
0.6327245831 0.4517030716
0.6414465904 0.4539089203
0.6515924931 0.454412818
0.6657212377 0.4536941051
0.6779806018 0.4506566525
0.6850739121 0.4473564625
0.6854655147 0.4421889484
0.6861870289 0.4365671575
0.6835315824 0.4306369424
0.6796203852 0.4252240658
0.6727766395 0.4201123416
0.6664962173 0.4175882936
0.6601106524 0.4176717401
0.6542170048 0.4181245267
0.6464767456 0.4223843813
0.6415938139 0.4253510833
0.6406132579 0.4301615953
0.6422712207 0.4350295067
0.6473078728 0.4378232062
0.6555756927 0.4407119751
0.6662589908 0.4425063729
0.6832610965 0.4403340816
0.6971582174 0.4391691983
0.707377255 0.4378186166
0.7148668766 0.43711707
0.7216205001 0.4350736737
