0.7605808973 0.5234869719
0.7674202919 0.5261008739
0.7752026916 0.5287731886
0.7827939391 0.5328475833
0.7897115946 0.5373228192
0.7959074974 0.5410293341
0.8017395735 0.5442911386
0.8081969023 0.5465325117
0.8144966364 0.5475863218
0.818629384 0.5456168652
0.8204516172 0.542691648
0.8210850954 0.5390101075
0.8207542896 0.5341823101
0.8200765848 0.5293376446
0.8191819191 0.5245167017
0.8178598881 0.5196841359
0.8150572777 0.5152349472
0.8112905025 0.5113853216
0.8072078824 0.5082278252
0.8053348064 0.5070546269
0.8035930395 0.505972147
0.8029443622 0.5050296783
0.8031956553 0.5054758191
0.8060186505 0.5066356659
0.8095878363 0.5076360106
0.8128269911 0.5087308884
0.8163187504 0.5101790428
0.8210090399 0.5113068819
0.8281716108 0.5129675865
0.8281716108 0.5129675865
0.8343846202 0.5143582821
0.840020895 0.5155353546
0.8440733552 0.5168552995
0.8472145796 0.5164268613
0.850883007 0.5166389942
0.8534712195 0.5165281892
