0.6352019906 0.7464151978
0.6392120123 0.7476410866
0.6435955763 0.7485554218
0.650916338 0.7505507469
0.6600508094 0.7519387007
0.6685097814 0.7544785738
0.6745068431 0.7568678856
0.6786237955 0.757715404
0.6786237955 0.757715404
0.684954524 0.7580640912
0.6917022467 0.7583482862
0.6950030327 0.7548348308
0.6975113153 0.7500325441
0.6978647113 0.7420395017
0.6983907819 0.7348847389
0.6948859692 0.72656703
0.6903697252 0.7200037837
0.6844447851 0.7157459259
0.6769430637 0.7143486738
0.6705116034 0.7153306007
0.6677456498 0.7162892818
0.6722607017 0.7199174166
0.679700613 0.723179996
0.6895591021 0.7240681648
0.7029093504 0.7236773968
0.7190943956 0.7231060266
0.7307490706 0.7229653597
0.7381218672 0.7243361473
0.7418148518 0.7235686779
