0.6202519536 0.2802730203
0.6227114201 0.2810757458
0.6272685528 0.2825182676
0.633156836 0.2840254605
0.6415455937 0.2844153047
0.6483432651 0.2852810025
0.6543358564 0.2856414318
0.6610601544 0.2855392396
0.6683281064 0.2847058177
0.6743267775 0.2829066217
0.6784054041 0.2811167836
0.6815710664 0.2785955071
0.6842564344 0.275981307
0.685434103 0.2725285292
0.6856954098 0.2689735889
0.6836770177 0.264649272
0.6795245409 0.2600049078
0.6757917404 0.2557215989
0.6715735197 0.2521461844
0.6664484739 0.2490219623
0.6612663269 0.2462053448
0.6554663181 0.2443372309
0.6499357224 0.2424335927
0.6474221349 0.2419946343
0.6488928199 0.2418897152
0.6520040631 0.2432525605
0.6569225192 0.2449192852
0.6645505428 0.2467487454
0.672286272 0.2483288497
0.6803066134 0.2498430908
0.6873669028 0.2509211004
0.69366467 0.2512676716
0.6997078657 0.2512278855
0.7049119473 0.2501004934
0.7084427476 0.2492237091
0.7108508945 0.2487213314
