0.695654273 0.4685059786
0.7027979493 0.4723473191
0.7094954252 0.4759728312
0.7154881358 0.4799795151
0.722868681 0.4834619462
0.7310502529 0.4851285219
0.7350803614 0.485543102
0.739672482 0.4853583276
0.744662106 0.4849000573
0.7490511537 0.4837554991
0.7510219216 0.4810609519
0.7522710562 0.4779157639
0.7525908947 0.4744585156
0.7529677153 0.4710695148
0.7521324754 0.4674778283
0.7503812313 0.4640184939
0.7480977774 0.4607719481
0.7456424236 0.4581235349
0.7436891794 0.4559442997
0.7415978312 0.4548531473
0.7399357557 0.4538986087
0.7395789623 0.4541343749
0.7400206327 0.4544352293
0.7418677211 0.4545714557
0.7445424199 0.4549867511
0.7484239936 0.456312716
0.7524065971 0.4585243762
0.7554780245 0.4597840607
0.7601773739 0.4622502923
0.7649185658 0.464325577
0.7696735263 0.4659833908
0.7735226154 0.4672049284
0.7760727406 0.468288064
0.7776353359 0.4691354036
