0.619607091 0.3298660219
0.62231493 0.3299458623
0.6265375018 0.3301045597
0.6326905489 0.3299522996
0.6390855312 0.3293351531
0.6455742717 0.3287989199
0.6518520117 0.3283467591
0.657453537 0.3276019692
0.6621534228 0.3270557523
0.6657961011 0.3256691396
0.6695873737 0.3234682381
0.6729776859 0.3214108944
0.6740069985 0.3186962605
0.6729203463 0.3159679174
0.6691236496 0.3129453659
0.6660682559 0.3105213046
0.6607183218 0.3085016906
0.6543626785 0.3067147136
0.6481200457 0.3059544563
0.6431680918 0.3055888116
0.6392002106 0.3055873513
0.6372675896 0.3063772023
0.6388204098 0.3072307706
0.6427719593 0.3076981604
0.6484553814 0.3082543314
0.6539862752 0.3091845214
0.660173595 0.3100377023
0.6672425866 0.3100680709
0.6744320989 0.3102232516
0.6826860309 0.3097708821
0.6902333498 0.3090251386
0.6966463923 0.308797121
0.7022598386 0.3093159199
0.7072203755 0.3096571267
0.7124102712 0.309176594
0.7166466117 0.308927536
0.7179206014 0.3084837198
