0.6923995018 0.2613044381
0.6998770833 0.2633412182
0.7116136551 0.264942199
0.7211104631 0.2669376433
0.7351855636 0.2693549097
0.7388685942 0.2700230479
0.7517926097 0.2722625434
0.7568744421 0.2729021013
0.7658141851 0.2739825249
0.7737740278 0.2746101618
0.7805303335 0.2743937671
0.7852530479 0.2722393572
0.7898129225 0.2696408331
0.792671442 0.2657746673
0.7924639583 0.2606593966
0.7908939719 0.2531695962
0.7908939719 0.2531695962
0.7852917314 0.2442629933
0.778316617 0.2348069251
0.7699627876 0.2267736793
0.7628512979 0.2206932306
0.7629625797 0.2175982594
0.7673512697 0.2163827419
0.7746394873 0.2195270509
0.7833451629 0.2233535498
0.7947839499 0.2275284529
0.8058842421 0.2317099124
0.8159137964 0.2339949906
