0.5546075702 0.238046363
0.5572026372 0.238910228
0.5636193156 0.2412699312
0.5707751513 0.2422505617
0.5772505999 0.2439895123
0.5819699168 0.2464617491
0.5863485336 0.2480888367
0.5916081071 0.2496972382
0.5975553989 0.2508440018
0.6036922336 0.2513597906
0.6076908708 0.2510660291
0.6104904413 0.2505425811
0.6129003763 0.2493085265
0.6164929867 0.2481571138
0.6193137169 0.2467700839
0.6205984354 0.2450737655
0.6210645437 0.2423434258
0.6207680702 0.2393945009
0.6192889214 0.2361816168
0.6156994104 0.2321408093
0.6116393805 0.2288314402
0.6075130701 0.2257808447
0.6031644344 0.2237273753
0.5978327394 0.222203359
0.5924884081 0.2213388532
0.5897556543 0.2213523984
0.5921225548 0.2230188549
0.593514204 0.2240549922
0.5953905582 0.225455448
0.5977979898 0.2273108661
0.6005860567 0.229396522
0.6052936912 0.2312894762
0.6101578474 0.2331311256
0.6163909435 0.2344812602
0.6211718321 0.2352075577
0.6246669292 0.2358405441
0.6286250949 0.2365585268
0.6339150667 0.2368221432
0.6392245293 0.2369739711
0.642958045 0.2372708321
0.6444805861 0.2369995117
