0.5058245659 0.4243502617
0.5104197264 0.4273586273
0.516303122 0.4294052124
0.5196362734 0.4319031537
0.5213072896 0.4347293079
0.5238406062 0.4378529787
0.5253136158 0.4393592477
0.5293899775 0.4426776469
0.5329585671 0.4455666542
0.5355275869 0.4473179579
0.5364049673 0.4483988583
0.5375980735 0.4484445453
0.5393996239 0.4474909306
0.5405945778 0.4452762604
0.5407216549 0.4419653416
0.5401774049 0.4391210675
0.5401069522 0.4373642504
0.540109992 0.4333599508
0.5402584672 0.4288388193
0.539506197 0.4240502417
0.5387679338 0.4195202589
0.5371531844 0.4144258499
0.5359030366 0.4105337858
0.5346442461 0.4071208835
0.5322887301 0.4041625261
0.5322887301 0.4041625261
0.5298823118 0.4012964666
0.5268891454 0.398083955
0.5254530907 0.3987840116
0.5265922546 0.4028207064
0.5314372778 0.4079372585
0.5387816429 0.4129608572
0.5470264554 0.4173402488
0.556984365 0.4208975136
0.5702960491 0.4233615398
0.5809786916 0.4229101539
