0.6642832756 0.3032049835
0.6757984161 0.3077729046
0.686062336 0.3121204972
0.6966669559 0.316108495
0.70771873 0.3187187314
0.7170907259 0.3197749257
0.7234336138 0.3187124133
0.72638309 0.3161057532
0.7289010286 0.3138989806
0.7297421694 0.3100879788
0.7296257019 0.3061872125
0.7279292345 0.3018451333
0.7246090174 0.2982355654
0.7194321156 0.2953926623
0.7157475948 0.2935050726
0.7131375074 0.2922551632
0.711235404 0.2908883095
0.7104961276 0.2911615372
0.7117465138 0.292450726
0.7153027058 0.2944626212
0.718244791 0.2950464785
0.7222847342 0.2967499495
0.725122869 0.2986306548
0.7286778688 0.3007534444
0.7334355712 0.3028882146
0.7396731377 0.3045906126
0.7453997135 0.3061125875
0.7496414185 0.3077495992
