0.7069571614 0.3175982237
0.7197680473 0.3234730363
0.7355768681 0.3291680813
0.7473468184 0.3332539797
0.7585003376 0.333141923
0.7680076361 0.3327392042
0.7770386934 0.3321817815
0.7852557302 0.3290100694
0.7917719483 0.3249962628
0.795620501 0.3223562241
0.7988729477 0.3187038004
0.8021576405 0.314935416
0.8011438847 0.3101552725
0.8001750708 0.3048059344
0.7959246039 0.2996866405
0.7916976213 0.2984035313
0.7885812521 0.296487391
0.7850248814 0.2939757705
0.7825831771 0.2918106616
0.7830604315 0.29080832
0.7890347242 0.28995049
0.7963190675 0.2907344401
0.804084301 0.2920908332
0.8117064834 0.2938976586
0.8179258704 0.2956058383
0.8256618977 0.2973422706
0.8325937986 0.2987434864
