0.6260390282 0.777611196
0.6273902655 0.7780157328
0.6315895319 0.7813447714
0.635908246 0.7842258811
0.6405926347 0.7875428796
0.6454647183 0.793068409
0.6525971889 0.8000363708
0.6610508561 0.8069602847
0.6696080565 0.8132222891
0.676476419 0.8169488311
0.6808685064 0.8169651628
0.684135735 0.8157685995
0.6876945496 0.8139980435
0.691783905 0.8128871918
0.6933543682 0.8086773753
0.6936247349 0.8043495417
0.6921560764 0.7995334268
0.6902453303 0.7938965559
0.687480092 0.788518548
0.6854419708 0.7844255567
0.6815757751 0.7797912359
0.6773093939 0.7749115229
0.6732105613 0.7704665065
0.6694715619 0.7673700452
0.6664783359 0.7652894258
0.6647239327 0.7645324469
0.6641880274 0.7652342916
0.6661427021 0.7674141526
0.669937551 0.7701539993
0.6751369834 0.7739361525
0.6805108786 0.7775068283
0.685766995 0.7810100317
0.6920142174 0.7850233316
0.6988651156 0.7889106274
0.703821063 0.7925173044
0.707154274 0.7953150272
0.7078614235 0.7955176234
0.7087104917 0.7962580919
