0.6798197627 0.3590603769
0.689167738 0.3631389141
0.7006448507 0.3685242832
0.7066227198 0.371912986
0.7118397951 0.3741624355
0.7163090706 0.3761151135
0.7206716537 0.3768711686
0.7237622738 0.3760036528
0.7257418036 0.3736793697
0.7283675671 0.371949017
0.7300325632 0.3683492243
0.7312248945 0.36474365
0.7321512103 0.3606962562
0.7318044901 0.3559436798
0.729904294 0.3515825272
0.7275592089 0.3477990925
0.7226771116 0.3444226682
0.7186225057 0.3419060707
0.7151134014 0.3403305411
0.7133278847 0.3404220939
0.7126809955 0.3405402601
0.7130343914 0.340525806
0.7163623571 0.3421691358
0.7197644711 0.3439081907
0.7244265079 0.3462489247
0.7309001684 0.3484509885
0.7367050648 0.3503095508
0.7419614792 0.3523012996
0.7472810149 0.354051739
0.7532548904 0.3553852737
0.7590435743 0.3570076525
0.7644195557 0.3581420779
0.7692856789 0.3587551713
