0.5477365255 0.2943715453
0.5461087227 0.3011647761
0.5458400846 0.3097249269
0.5468443036 0.3186839223
0.548759222 0.3243296444
0.5521411896 0.3301695883
0.5573197603 0.3349944949
0.5635051131 0.3390482068
0.5701776743 0.3420253992
0.5781964064 0.3399934173
0.5833753347 0.3358625174
0.5899967551 0.3326644897
0.5958339572 0.3276643753
0.60149616 0.3232658505
0.6054344773 0.3173570931
0.6062456369 0.3107471168
0.6042766571 0.3030025959
0.6029697657 0.297770232
0.600882411 0.2935423255
0.5968167782 0.2890478671

0.5257953405 0.3050000966
0.5163969994 0.2986412346
0.5082036257 0.2905039489
0.5031148195 0.2832355499
0.5005959272 0.2764441073

