0.7918002009 0.06837790459
0.7908097506 0.07559844851
0.7906140089 0.08132081479
0.7908634543 0.08548381925
0.7922507524 0.08984924108
0.7954603434 0.09514506906
0.8013884425 0.0998550877
0.8070265651 0.1051068008
0.8112219572 0.1059746891
0.8155101538 0.1070694178
0.820746541 0.1083409041
0.8257186413 0.1062561646
0.8311440945 0.1021003947
0.8342232108 0.09680654109
0.8355429769 0.08917357773
0.8360466957 0.08082767576
0.8367388844 0.07529846579
0.8365951777 0.07239475846
0.8338675499 0.06879784912

0.7687222958 0.07433728874
0.7617505193 0.06752875447
0.7556929588 0.05845172331
0.7503505349 0.04592862353
0.7445116639 0.03819000721

