0.8726111054 0.479172051
0.8713310361 0.4803730845
0.8711830974 0.4835663736
0.8678351045 0.4862793982
0.8612310886 0.4895824194
0.8586765528 0.4963079691
0.8578655124 0.5027231574
0.8577917814 0.5100576878
0.8613414764 0.5186782479
0.8642860651 0.5236719251
0.8670090437 0.5270516276
0.8736983538 0.5304221511
0.8820242286 0.5342952013
0.8962832093 0.5375413299
0.9069803357 0.5407570004
0.9091659188 0.5376886725
0.9135668278 0.5347876549
0.9240056276 0.5332226753
0.9332280755 0.5303777456
0.9361298084 0.522736311
0.9347772598 0.5149562359
0.9287903309 0.5064244866
0.9269168377 0.4995742142
0.9256138206 0.4943588376
0.9201561213 0.4894977808

0.8430677056 0.4970262051
0.8337761164 0.4896460772
0.8296135664 0.4827321768

