0.7489185929 0.4503038526
0.7463814616 0.4534265101
0.7448185682 0.4585231543
0.7443143129 0.4637378752
0.7434052825 0.4666005075
0.7424938083 0.4694327712
0.7429136634 0.4747344553
0.7459419966 0.4807492197
0.7502166033 0.4867118597
0.7556023002 0.4917079806
0.7612822652 0.493881464
0.7664240599 0.4951449037
0.7728558779 0.4956192374
0.7804765701 0.4971693754
0.787340641 0.4978310168
0.7914767265 0.4943994582
0.7953567505 0.4904577136
0.797185421 0.4841278195
0.8000229001 0.4785631895
0.8025949001 0.4731498361
0.8032198548 0.4676784277
0.8015263677 0.46246773

0.7286738157 0.4591023028
0.7255448699 0.4548880756
0.7207502127 0.4485614598
0.7186166644 0.4440993667
0.7175531387 0.4410736859

