0.7823953032 0.8629274964
0.7795484066 0.8636579514
0.7785747051 0.8646605015
0.7771964073 0.864197135
0.7750285864 0.8644331694
0.7726952434 0.8661570549
0.7714656591 0.8691148758
0.7706516385 0.875423491
0.7709716558 0.8810961246
0.7719327211 0.8870842457
0.7747787237 0.8938839436
0.779684782 0.9007772207
0.7855085731 0.9085836411
0.7925941944 0.9150725007
0.7996605635 0.9170781374
0.8078520894 0.9190072417
0.8152398467 0.9206630588
0.8232541084 0.9191753268
0.8308573961 0.9143947363
0.8360728621 0.907728076
0.8383873105 0.8994391561
0.8384793997 0.8917762041
0.8395150304 0.8837321401
0.8399920464 0.875546515

0.7514169812 0.8770447969
0.7458848357 0.8691567183
0.7417215109 0.8622868657
0.7397150397 0.8568694592
0.7390187979 0.851651907

