0.5149080753 0.2077353448
0.5148411989 0.2075811923
0.5174877048 0.2080136687
0.5217723846 0.2082895339
0.5245702267 0.2083633989
0.5269702077 0.2072406709
0.5307670236 0.2071492672
0.5351060629 0.2075974345
0.5418303013 0.2096835226
0.5473052859 0.21086891
0.553142488 0.2113764286
0.5585631132 0.2126600146
0.5649112463 0.2138525993
0.5697925687 0.2148583978
0.5725181103 0.215475589
0.5740143657 0.2154110372
0.5745369792 0.2157319486

0.5143365264 0.2439780831
0.5138033032 0.2403596491
0.5119590759 0.2346534729
0.5112881064 0.2282969952
0.511611104 0.2218434662
0.5111000538 0.2143825293
0.5094932318 0.2050789893
0.5077943802 0.1945529878
0.5064327121 0.1855768412
0.5078510046 0.1774474531
0.5095269084 0.1702584028
0.5104170442 0.1624037921

