0.5300731659 0.9142102599
0.5329387188 0.9138282537
0.5362355113 0.9169071913
0.5409351587 0.9163417816
0.5481713414 0.917648077
0.5546176434 0.9161123037
0.5594267845 0.9135966301
0.564565897 0.9142947793
0.5712868571 0.9165775776
0.5788655877 0.9178816676
0.5857717395 0.9187445641
0.5912858248 0.9206079841
0.5976520777 0.9219697714
0.602714777 0.9236422777
0.607024312 0.9250357747
0.6095730066 0.9250110388
0.609426856 0.9263452291

0.5283076763 0.9596458077
0.5300491452 0.9563453197
0.5316095352 0.948544383
0.5331563354 0.9391525984
0.5348513126 0.9316533804
0.5336167812 0.9217939377
0.5290141702 0.910710454
0.5260908604 0.8997184038
0.5248208642 0.8900865316
0.5218986869 0.880769968
0.5194323063 0.8720884919
0.5189496279 0.8649712801

