0.6987247467 0.7105730772
0.7057001591 0.7121363878
0.7107360959 0.7122564912
0.7184317112 0.7101308107
0.7275204062 0.7095233798
0.7377722263 0.7103785276
0.7479108572 0.7111355066
0.7578637004 0.7123041749
0.767115593 0.7130804658
0.7748728395 0.7119476795
0.7826644182 0.7113381028
0.7901943922 0.71177423
0.7931089401 0.7123182416

0.7134770751 0.7495032549
0.7102665901 0.7440173626
0.7101134062 0.7397601604
0.7112135291 0.7306835055
0.7105013132 0.7209919095
0.7089107037 0.7103372216
0.7082585692 0.6995692849
0.7098830938 0.6888163686
0.711977005 0.6786240339
0.714370966 0.6693146229

