0.6085138321 0.8797323704
0.6136136651 0.8832468987
0.6194025278 0.8832151294
0.6237305999 0.8827376962
0.6282330751 0.8821939826
0.6329155564 0.8828810453
0.6414453983 0.8856967688
0.6502003074 0.8877745867
0.6579148173 0.8903521299
0.6620455384 0.8913356662
0.6653068066 0.8902891874
0.6671995521 0.8900305033

0.6044309139 0.9174898863
0.6038094163 0.910825491
0.6040620804 0.9043515921
0.6030189991 0.8955053091
0.6033676863 0.8874647617
0.6031016111 0.8797597885
0.604165554 0.8712384701
0.6043288112 0.8639291525
0.6036123633 0.8550060391
0.6028854847 0.8478423357

