0.8148377538 0.3757299185
0.8163359165 0.3751256466
0.822117269 0.3766432703
0.8298181295 0.3771341145
0.8369451165 0.3759990633
0.8423528075 0.374658823
0.8499960303 0.3736244142
0.8581290245 0.3744906783
0.8672004938 0.375244081
0.8733536601 0.3747139573
0.8769048452 0.3738904595
0.8791887164 0.3728603721
0.8809365034 0.3731884658

0.8269246221 0.394005388
0.8248869181 0.3870629966
0.8238117695 0.377954036
0.8240304589 0.3693103194
0.8239180446 0.3598060012
0.8235847354 0.3505176306
0.8240173459 0.3413113356

