0.5205485821 0.7096939087
0.5224679112 0.7093002796
0.5248935819 0.7084475756
0.5292978287 0.7082140446
0.534573257 0.7083508968
0.5382833481 0.7092788219
0.5421395302 0.7105801105
0.5477358103 0.7117601633
0.5535204411 0.7127895355
0.5591744781 0.7130968571
0.5646044612 0.7133711576
0.5686627626 0.7145144939
0.5720874071 0.7151505947

0.5212712884 0.7223939896
0.5208602548 0.7171170712
0.5201199055 0.7110712528
0.5211433768 0.7062261105
0.5211862922 0.7004699111
0.519862175 0.6925060153
0.5190114379 0.6845678687
0.5183713436 0.6780318618

