0.7589387894 0.2873662412
0.7702259421 0.3011037707
0.7821644545 0.3132436872
0.7986372709 0.3315973878
0.8202894926 0.3495178819
0.8441362381 0.3622348905
0.8665834069 0.3618803024
0.8743742704 0.3461475372
0.8633393645 0.3258841634
0.8506178856 0.3091433942
0.8415223956 0.302333802
0.832321167 0.300388515
0.819542706 0.3002242744
0.8145222664 0.3050394654
0.818783164 0.3194341063
0.8250052929 0.327979207
0.8345917463 0.3384357989
0.8551801443 0.3450271189
0.8867670298 0.3521676064
0.9106874466 0.3564805388
0.929379344 0.3598158956
0.9439694881 0.3597609103
0.9437288046 0.3579342961
0.9415792227 0.3604910672
0.9391454458 0.3578267694
0.9324221611 0.3569910526
