0.8015556335 0.2187971622
0.8022890091 0.2168244869
0.8041580915 0.2195319831
0.805759728 0.2229455411
0.8036545515 0.2276989222
0.8036545515 0.2276989222
0.7980188727 0.2317356169
0.7918009758 0.2365116626
0.7864890099 0.240650937
0.7789101601 0.2442029864
0.7719525099 0.2471572757
0.7628602386 0.2476197481
0.7506343722 0.2467945516
0.7387291789 0.2417467833
0.7299646139 0.2341787219
0.7242099047 0.224757418
0.7203843594 0.2125736773
0.7216713428 0.2019351423
0.7274250388 0.1939050853
0.73884058 0.1897213906
0.7509582639 0.1879717708
0.7668496966 0.1871523559
0.7844975591 0.1956121922
0.7971638441 0.2090455145
0.804480195 0.2178661674
0.8052826524 0.227497533

0.7798390985 0.2099901885
0.7802762389 0.2045080662
0.7822347879 0.1995886266
0.7874954939 0.1959173381
0.7928500175 0.1921196282
0.7977420092 0.1886929125
0.8021811247 0.1845075935
0.8059798479 0.1789367348
0.8091034293 0.172359556

