0.7771697044 0.5600752234
0.7800633311 0.5645881295
0.7838624716 0.5703324676
0.782460928 0.5742233396
0.7762162685 0.576254487
0.7692065835 0.5793225765
0.7629526258 0.5824304223
0.755594492 0.5836120844
0.7481985688 0.582644403
0.7399100065 0.581078589
0.7319446802 0.5784707069
0.7258464098 0.5743724108
0.7222864628 0.5688132048
0.7189297676 0.5616943836
0.7165270448 0.5537027717
0.7150470018 0.5463325977
0.7150690556 0.5398275256
0.719463706 0.5335559845
0.7256593108 0.5283801556
0.7310997248 0.5235586166
0.7394803762 0.5208590627
0.7477347851 0.5193873048
0.7593763471 0.5228877664
0.7700306177 0.528055191
0.7776052952 0.5359027386
0.7818500996 0.5449851751
0.7843874693 0.5531207323

0.7678259611 0.5446909666
0.7741296291 0.5383892059
0.7839329839 0.5354628563
0.7923765182 0.5282292366
0.7977192402 0.52037251
0.8011783957 0.5146247745
0.805519402 0.5099815726

