0.8730913401 0.1116885617
0.8756029606 0.1131780595
0.8823975325 0.1193822846
0.8887969255 0.1245666742
0.8924130201 0.1304543167
0.8922040462 0.1367203593
0.8881560564 0.1439220309
0.8837141991 0.1510047615
0.8773084879 0.1565956622
0.8685945272 0.1593732685
0.8575848341 0.1600922793
0.8472059965 0.1600285321
0.8374049664 0.1598878652
0.8283360004 0.1597829014
0.8209707141 0.1546873897
0.8143900633 0.1479778737
0.8105087876 0.1414011419
0.8092609644 0.1353668123
0.8127974868 0.1290479004
0.8181532621 0.1216857284
0.8225021362 0.1155699641
0.8305231333 0.1099136546
0.842341125 0.1033231393
0.8551957607 0.0972898379
0.8657311797 0.09795797616
0.8757712841 0.1008162796
0.8851706982 0.1069283336
0.8921199441 0.1149075255
0.8938794732 0.1217910796
0.8929216862 0.1278975457

0.8713079691 0.1120801419
0.8775179386 0.1044098139
0.8866522312 0.09717348963
0.8955733776 0.08901262283
0.9035016298 0.08162162453

