0.5649683475 0.3982928395
0.5682229996 0.4002916813
0.5723735094 0.4030955434
0.5750612617 0.404843986
0.5764146447 0.4082038701
0.5778589845 0.4123160541
0.5775277615 0.4161133468
0.5731498599 0.420386374
0.5696491003 0.4218784571
0.5632848144 0.4239885509
0.5576460958 0.4255740643
0.5516992211 0.427018404
0.5434074402 0.4272898436
0.5348773599 0.4273672104
0.5275079012 0.4261789322
0.5209636092 0.4239352345
0.5149834156 0.4196292162
0.5096295476 0.4155637622
0.5061821938 0.4103813767
0.5055316687 0.4060132205
0.5052031279 0.4020433426
0.5069108605 0.3975650966
0.5092586875 0.3931486905
0.511161685 0.3889247775
0.5156437755 0.3847253323
0.5206972361 0.3818632066
0.5259805918 0.3792077899
0.5321449637 0.3778128624
0.537629962 0.3769923449
0.5429242849 0.3760756254
0.5478016138 0.3762766719
0.5527558923 0.3765648603
0.5574899316 0.3776797652
0.5616621375 0.3793992698
0.5649749041 0.3813897669
0.567533493 0.3833321631
0.5691752434 0.3851928413
0.5708815455 0.3873120248
0.5722763538 0.3898336887
0.5736607909 0.3925367296
0.5745427012 0.3952664435
0.575386405 0.3978065848

0.5726571083 0.4097489417
0.5681102276 0.4070844054
0.566198945 0.4049819112
0.5649533272 0.4007306099
0.5632763505 0.3951025307
0.5620896816 0.3887458146
0.5626376867 0.3839725852
0.5652002096 0.3803399205
0.5683922172 0.3766863942
0.5717872977 0.3732301891
0.5746383667 0.3686888516
0.5778523684 0.3640760779
0.5796295404 0.3591669202

