0.6701868176 0.5455321074
0.6750915051 0.5468158722
0.675644815 0.5469029546
0.6752138138 0.5495025516
0.6771726608 0.5548547506
0.6801366806 0.5606274605
0.6802736521 0.5656126142
0.6764035225 0.5694115162
0.6721651554 0.5727425814
0.6669235229 0.5758477449
0.6606348753 0.5781157017
0.6535434127 0.5792788267
0.6463340521 0.5800546408
0.6389502883 0.5802142024
0.6321384311 0.5792940855
0.6257308125 0.5766143799
0.6198547482 0.5737014413
0.6139737964 0.5693382621
0.6092041135 0.5643143058
0.6058565974 0.5584423542
0.6052558422 0.5512922406
0.6049059629 0.54502213
0.6072671413 0.538438201
0.609429419 0.5328588486
0.6150458455 0.5272039771
0.6212208271 0.5216728449
0.629768312 0.5167071223
0.637296319 0.5135211349
0.6453312635 0.5130989552
0.6541748047 0.5156413913
0.662065506 0.5207408071
0.6685545444 0.5268166065
0.6734193563 0.5328409672

0.6570066214 0.5500348806
0.6593649387 0.5448484421
0.6625064611 0.5385023952
0.666821599 0.5310961604
0.6710590124 0.5257222056
0.674798727 0.5205879211
0.6781804562 0.5162557364
0.6820301414 0.5129060149

