0.772297442 0.1566708982
0.7778908014 0.1590961516
0.7803974748 0.1611754596
0.7801986933 0.1639739573
0.7803307772 0.1684729457
0.7805265188 0.1745176017
0.777675271 0.18211326
0.7735617161 0.1869238913
0.765617907 0.1899021864
0.7585151792 0.1922846586
0.751013279 0.1931299269
0.7434957027 0.1924876869
0.73587358 0.1897931844
0.7296347618 0.1867693663
0.7244879603 0.1826151907
0.7202990055 0.1765394062
0.7181112766 0.1685653776
0.7159288526 0.1618174911
0.7169063091 0.1539192349
0.7190352678 0.1470361054
0.7232100964 0.1402429342
0.7288239002 0.1346303821
0.7350053787 0.1303494722
0.7427399158 0.1273342967
0.7523534298 0.1259642839
0.760907352 0.1246469617
0.7692716718 0.1286423206
0.7743071318 0.1352171302
0.7788630128 0.1415407062
0.7817538381 0.1510533988
0.7830043435 0.1607743949

0.7668484449 0.1463221908
0.7751404047 0.1383549571
0.7834973335 0.1294220686
0.7907894254 0.1215664372
0.7950434089 0.1141565591
0.8008863926 0.1073789075

