0.8114851117 0.873780489
0.8172802925 0.8781370521
0.8210968375 0.8829504251
0.8199635744 0.8872746825
0.8202524781 0.8900828958
0.8200386763 0.8943930864
0.8172874451 0.9011994004
0.8094878793 0.9087129831
0.8005440831 0.9139037728
0.791842103 0.9187062979
0.7839356661 0.9219194055
0.7761744857 0.9224029183
0.7687339783 0.921076715
0.762580514 0.9175143242
0.7575116754 0.913043797
0.7538604736 0.9061439037
0.7505446672 0.9001331329
0.7496833801 0.8933120966
0.7494239807 0.8866649866
0.7501103878 0.8799853325
0.7515059114 0.8730662465
0.7548340559 0.8672325015
0.7578071952 0.8623611927
0.7613964081 0.8578918576
0.7656545639 0.8540338278
0.770486176 0.8517069817
0.7769616842 0.8534085751
0.7838505507 0.8564093113
0.7910271883 0.860725522
0.7973724604 0.8673972487
0.803537786 0.8740432262
0.8111546636 0.8832324147

0.7937336564 0.8965267539
0.7921979427 0.8906670809
0.7955470085 0.8866820931
0.8003781438 0.8823418617
0.8043839335 0.8763672709
0.8072532415 0.8700917363
0.8106837869 0.8635680676
0.8153458834 0.8592601418

