0.5899615288 0.7288058996
0.5910575986 0.7348729372
0.5915772915 0.7399970889
0.5895608068 0.7437551022
0.587743938 0.7471445799
0.5830725431 0.7505986691
0.5769306421 0.7544116378
0.5711121559 0.7579661012
0.564312458 0.7602674961
0.5560681224 0.760186851
0.5480803251 0.7580187321
0.5395981073 0.7573063374
0.5317915082 0.7554847002
0.5263749361 0.7507403493
0.5221418142 0.7447539568
0.5185564756 0.7397474051
0.5153917074 0.7349433303
0.514097333 0.7294019461
0.5158007741 0.7220899463
0.5171495676 0.7153009176
0.521594286 0.7093689442
0.5254265666 0.7040708065
0.5299444199 0.6993102431
0.5365697145 0.6935703754
0.5407168865 0.6907252669
0.5455855131 0.6905651093
0.5530190468 0.6915330887
0.5609201789 0.6963083744
0.5667483211 0.7004202604
0.5719961524 0.7049426436
0.5774173737 0.7129515409
0.5839580894 0.7197548151
0.5882008672 0.7234714031
0.5877327919 0.7270452976

0.5630018711 0.7258352637
0.5648957491 0.7212488651
0.5688806772 0.7177835703
0.5730316043 0.7141326666
0.5763667822 0.7109207511
0.5785593987 0.7066473961
0.5811027884 0.7025715709
0.583566308 0.6995090842

