0.9114303589 0.5985930562
0.9123088717 0.600456953
0.9078489542 0.604487896
0.9027056694 0.6110129356
0.8974754214 0.6185104847
0.8897987604 0.6238219738
0.8804350495 0.6254072785
0.8724703193 0.6266973019
0.8641838431 0.6270281076
0.8559424877 0.6255289912
0.848069489 0.6212076545
0.8410429955 0.6162588
0.8366173506 0.609578371
0.8334784508 0.6033734679
0.8316805959 0.5967576504
0.8320715427 0.5905655622
0.8343975544 0.5839970708
0.8387978673 0.5776357651
0.8464131951 0.5724602938
0.8534431458 0.5672564507
0.8625502586 0.5628808737
0.8745789528 0.5602224469
0.8866747618 0.5603468418
0.8981587887 0.5635892749
0.905637145 0.5694901943
0.908704102 0.5751856565
0.9097957611 0.5823577642
0.9117686749 0.591357708
0.9136469364 0.600834012

0.8913434744 0.5884937048
0.8964025974 0.5839251876
0.9041708708 0.579831481
0.9140666127 0.5733491182
0.9241204858 0.5657723546
0.9307152629 0.5576856732
0.9370574951 0.548879385
0.9434236288 0.5414922237

