0.6811900139 0.7087799907
0.6776222587 0.712212503
0.6726487279 0.7142042518
0.6665166616 0.7154400945
0.6583717465 0.715026319
0.6516047716 0.7149080038
0.644652307 0.7138481736
0.6370927691 0.7116951346
0.6300366521 0.7092157602
0.6238001585 0.7056975365
0.6183951497 0.7001876831
0.6131175756 0.6950653791
0.6099660993 0.6890769601
0.6086440682 0.6823965907
0.6092349887 0.6762651205
0.6116455793 0.6709857583
0.6161080003 0.665252924
0.6209135056 0.6598914266
0.6260969639 0.6566964984
0.6337076426 0.6550449133
0.6417858005 0.653572917
0.6500242949 0.6549853086
0.6570584774 0.6590662003
0.6633196473 0.6644628048
0.6695795059 0.6708405614
0.675014317 0.6773079038
0.6770796776 0.6841749549
0.677472949 0.6908115149
0.6764291525 0.6977237463
0.6762102246 0.7032184601

0.6570278406 0.6737654209
0.6598519087 0.6697068214
0.6647011042 0.6667137146
0.6694498062 0.6622482538
0.6737776995 0.6581242085
0.6784535646 0.6537957191

