0.6575288773 0.5702346563
0.6615203619 0.5753074884
0.666482985 0.5822924376
0.6694637537 0.5893050432
0.6689891815 0.5932176113
0.665902555 0.5946114063
0.6617059708 0.5958533883
0.6586449146 0.598855257
0.6526061296 0.6016622782
0.6456788778 0.602319777
0.6390073299 0.6016230583
0.6304831505 0.5984936953
0.6227995157 0.5966489315
0.6157763004 0.5940643549
0.6091657877 0.5895902514
0.6034414172 0.583971262
0.5989257693 0.5784773827
0.5969729424 0.57370013
0.5975878239 0.5698801279
0.5981314182 0.5661492348
0.6008796096 0.561955452
0.6045923829 0.5574024916
0.6093637347 0.5533411503
0.6152591109 0.5504809022
0.6237675548 0.5489831567
0.6309045553 0.5480234027
0.6396490932 0.5492898226
0.6475813389 0.5499175191
0.6536473632 0.55238837
0.6591892838 0.5571839809
0.6646062732 0.5655650496
0.6688960791 0.5726359487
0.6710714102 0.5790891647

0.6530583501 0.5690642595
0.655923605 0.5659957528
0.6600196362 0.563307941
0.6635022163 0.5595408678
0.6657077074 0.554427743
0.668184936 0.5495761037

