0.5141903162 0.3768559098
0.5159446597 0.3773959577
0.5159446597 0.3773959577
0.5190306902 0.3763774633
0.5231646299 0.3769515157
0.5268296003 0.3779500425
0.532238543 0.3797142506
0.5389489532 0.3803203106
0.545663774 0.3813537061
0.5534212589 0.3820157349
0.5610362291 0.3828865588
0.568711102 0.3843559027
0.5754768848 0.3861580491
0.5812953711 0.387724787
0.5853879452 0.3879038095
0.586812973 0.3887704909
0.585703373 0.3888703585
0.5828406811 0.3885102868
0.5769640207 0.3857073784
0.5718646646 0.3825920522
0.5662777424 0.3797444701
0.5602956414 0.3750588894
0.5552802086 0.3707220256
0.5518656373 0.366533488
0.5499397516 0.3618047833
0.5496046543 0.3582039773
0.5509305 0.3554233313
0.5553488731 0.3533961475
0.5603847504 0.3515899777
0.5672045946 0.3519311547
0.5746750236 0.3529093266
0.5814225674 0.3539230824
0.5860908031 0.3546221852
0.5881947875 0.3546097875

