0.5995810032 0.2195055783
0.6044824123 0.2230030447
0.6118687391 0.2232410014
0.6139994264 0.2221755683
0.6197978854 0.2231222987
0.6309446096 0.2252132893
0.6406251192 0.2253494859
0.6497114301 0.2267418504
0.6608793139 0.2284098715
0.6726624966 0.2320804447
0.6805915833 0.2344480604
0.6872030497 0.2361803949
0.6907914877 0.2372417897
0.6898607016 0.2353941649
0.6861017346 0.232882157
0.6803805232 0.2294717729
0.6740244627 0.2248341888
0.6668178439 0.2205744833
0.6623135209 0.2154099941
0.658680439 0.20849967
0.6573394537 0.201506108
0.6602034569 0.1978263855
0.6663097739 0.1976823807
0.6725910902 0.1978779584
0.679934442 0.1986775249
0.6871462464 0.2009083331
0.6915454865 0.2011269778

