0.6225688457 0.7549863458
0.6272983551 0.7578756213
0.6312023401 0.75852108
0.634914875 0.7581487298
0.639916122 0.7595381737
0.6462929249 0.7608175278
0.6525139809 0.7610719204
0.6590963006 0.7625710964
0.6648628116 0.7637429833
0.6699776649 0.7651062012
0.6739613414 0.766025126
0.6766693592 0.7659158707
0.6763812304 0.7651546001
0.6743384004 0.7637735009
0.6706388593 0.762442112
0.6664632559 0.761990428
0.6619788408 0.760581553
0.6575741172 0.7581683397
0.6548326612 0.7546314001
0.6529964805 0.7511302829
0.652285099 0.7479914427
0.6543302536 0.7466049194
0.656981051 0.7450553775
0.6602278352 0.7430198789
0.6639188528 0.7420021296
0.6686555743 0.7436627746
0.6733214259 0.7459615469

