0.8215705752 0.4605474472
0.8262546659 0.4623623192
0.8273444176 0.4624179304
0.8296336532 0.4612216651
0.8351650834 0.4620841146
0.8435932994 0.4641867578
0.8516674638 0.4651603699
0.8610546589 0.4649184644
0.8711188436 0.4671256542
0.8809290528 0.4692650139
0.8888550997 0.4698641598
0.8970819712 0.4706601202
0.9032049775 0.471034348
0.9064088464 0.4729101956
0.9092690945 0.4738904536
0.9103484154 0.4745026529
0.9093044996 0.4728763402
0.9073064923 0.4715565741
0.9029068947 0.469345659
0.897446692 0.4666734934
0.8914523721 0.4631385207
0.8859245181 0.4595669806
0.8811097741 0.4561655521
0.8779889345 0.451990664
0.8762793541 0.4480167925
0.8757718801 0.4444470406
0.8775930405 0.4413648248
0.8818305731 0.4396785498
0.8886296749 0.4398797154
0.8954221606 0.4392089546
0.9022539258 0.440131098

