0.5098268986 0.9387303591
0.5137367249 0.9413714409
0.5176564455 0.9395824671
0.5210823417 0.9389240742
0.5257210732 0.9406340122
0.5327209234 0.9425768852
0.5392060876 0.9420949221
0.5452767611 0.9424965382
0.5530672669 0.9433712959
0.5617237687 0.9437278509
0.5682839751 0.9450638294
0.5750926733 0.9461125135
0.5817664862 0.9468536973
0.5873327255 0.9476715326
0.591642499 0.9491661787
0.5946347713 0.9488018155
0.5955743194 0.9479275942
0.5943328738 0.9463681579
0.5915843248 0.9448723197
0.5879297256 0.9429190755
0.5836172104 0.9407907128
0.5780112743 0.9387737513
0.5719532967 0.9367142916
0.5671500564 0.9312300682
0.5632123351 0.9262529612
0.5613863468 0.9221644402
0.5612279177 0.919192791
0.5631546378 0.91652143
0.5667244792 0.9145098925
0.5708973408 0.9132771492
0.5761640668 0.9123740196
0.5821681619 0.9123926163
0.5878126025 0.9133692384
0.592903316 0.9143967628
0.5951018333 0.9140601158

