0.6034408808 0.5273331404
0.5999813676 0.5299646258
0.5969652534 0.5333746076
0.5942915678 0.5355878472
0.588501215 0.5370607972
0.5795202255 0.538095057
0.5724736452 0.5390095115
0.5637872219 0.5389035344
0.5568913817 0.5375800133
0.5495093465 0.5330819488
0.5406038761 0.5271974802
0.5346496701 0.5213797092
0.5305224657 0.5156713724
0.5284466743 0.5106213689
0.5296784639 0.5047289729
0.5328658819 0.4993824065
0.5381877422 0.4937607944
0.5427012444 0.4885962605
0.5505803227 0.484623462
0.5586400032 0.4809442759
0.5682272911 0.4797580838
0.5766561627 0.4817191362
0.5823357701 0.4833861291
0.5876643062 0.486445576
0.5931254625 0.4920353889
0.5979613662 0.4993408322
0.6017020941 0.5059086084
0.6024377346 0.5118970871
0.6002424955 0.517700851
0.5982035398 0.5222025514
0.5956368446 0.5261178017
0.5921224356 0.5290515423

0.5019604564 0.4923045933
0.5019604564 0.4923045933

