0.835359931 0.8959870338
0.8389779925 0.8998493552
0.8452427983 0.90473032
0.8472566009 0.9105935693
0.8449473977 0.9150113463
0.8408321142 0.9176597595
0.8339740038 0.9185308814
0.8288652897 0.9218993187
0.8225778341 0.9254667759
0.8137798309 0.9266210794
0.8037785888 0.9243656993
0.794545114 0.9182033539
0.7873950005 0.9151519537
0.7824656367 0.9123048782
0.7785527706 0.9085476995
0.7754369974 0.9011110067
0.7721333504 0.8939766884
0.7710255384 0.8860046864
0.7736232877 0.8810421824
0.7760721445 0.8756606579
0.7805194855 0.8707106113
0.7854610682 0.866191566
0.7896271348 0.8616657257
0.7965103388 0.8609495759
0.8040289879 0.861656189
0.8117829561 0.8655079603
0.8193502426 0.8700695038
0.8270783424 0.8748428822
0.833591342 0.8824596405
0.8392273188 0.8911533356
0.844502151 0.9006775618
0.8448020816 0.9070976377

0.7379007936 0.8687740564
0.7331413627 0.8652579784
0.7249689102 0.8584512472

