0.6095843911 0.8863334656
0.6109018326 0.8933334351
0.6111078262 0.8939540386
0.6084724665 0.8960791826
0.604446888 0.9017814398
0.5999412537 0.9078266621
0.5910398364 0.9190295339
0.582623601 0.9247496128
0.5756845474 0.9229875803
0.5668680072 0.9221863747
0.5582796335 0.9199038744
0.5512990952 0.9169523716
0.5464982986 0.9141959548
0.5426086783 0.9094343185
0.5408546925 0.9031010866
0.5389071107 0.8975023031
0.5394324064 0.8916130066
0.5412712693 0.8838427663
0.5436866879 0.8776629567
0.5475524068 0.8728066683
0.5517609715 0.8677589893
0.5571168661 0.8627562523
0.5642601252 0.8589131236
0.5714504123 0.8547945023
0.5781698227 0.8533546925
0.5846803188 0.8557319641
0.5917143822 0.8584317565
0.5969270468 0.8629053235
0.6013785601 0.8705849648
0.6055707932 0.8775230646
0.6085159183 0.8832509518
0.6086417437 0.8921963573
0.6066755056 0.8995103836
0.6051513553 0.9050599337
0.6047372818 0.9042620063
0.6019960642 0.9059509635
0.5974442959 0.9066886902

0.5284519792 0.8882185817
0.5250707269 0.8861764669
0.5237939358 0.8851142526
0.5214101076 0.8786860108
0.5163823366 0.8731479645
0.5074290633 0.8649981022
0.5009237528 0.8594529033

