0.7150244713 0.3969900608
0.7171944976 0.3999037147
0.7195206285 0.4050526619
0.7185672522 0.4073703587
0.7152913213 0.4102364779
0.7135010958 0.4137791097
0.7113925219 0.4193274677
0.7072815895 0.424402535
0.7018539906 0.4274881482
0.6938079596 0.4275020361
0.6860655546 0.4278381765
0.678669095 0.4279569983
0.6713887453 0.4269177914
0.6648739576 0.4238106906
0.6584703922 0.4195719063
0.6530611515 0.4143393636
0.6492965221 0.4083989263
0.645670414 0.4034249783
0.6439600587 0.3982675374
0.6445949078 0.393494606
0.6454295516 0.3885228932
0.647957623 0.3829012215
0.6517703533 0.3767284751
0.6569253802 0.3721037507
0.6638873816 0.3692656457
0.6710817814 0.3685185909
0.6800972223 0.3694445789
0.6874747276 0.3706065416
0.6937168837 0.374827832
0.7000020146 0.3786903322
0.7049018741 0.385040164
0.707706809 0.3930549622
0.7101243138 0.3997902274

0.618027091 0.3899627626
0.6127474308 0.3840966821
0.6098966599 0.3795662522
0.6095864177 0.3755953014

