0.8555245399 0.8301779628
0.8466835022 0.8334265947
0.8392014503 0.8368480206
0.8330053091 0.8424691558
0.8253545761 0.8456236124
0.8143960238 0.8436995745
0.8044439554 0.8426425457
0.7956284881 0.8368590474
0.7893873453 0.8308393955
0.7846852541 0.8256776333
0.7820863128 0.8193922043
0.781219244 0.8103872538
0.7812855244 0.8027456403
0.7840479612 0.7972663641
0.7890822291 0.792591989
0.7961984873 0.7878329754
0.8031058908 0.7836377621
0.8095142841 0.7807850242
0.8183009624 0.7793604732
0.8292817473 0.7822909355
0.8406802416 0.7873004079
0.8505407572 0.7963915467
0.8562269807 0.8034674525
0.8594417572 0.8137893677
0.8625793457 0.8232345581
0.8597605228 0.831338346
0.8550738692 0.8369293213
0.8469682932 0.8395274878

0.7598014474 0.7970725298
0.751532495 0.7892094851
0.7452946305 0.7825297713
0.7397669554 0.7736326456
0.732686162 0.768393755

