0.5975994468 0.2658458948
0.5955911875 0.2701332569
0.5901380181 0.2722101808
0.5836673975 0.2735626698
0.5786316395 0.2749829888
0.572224617 0.2761100531
0.5642196536 0.2776960731
0.5571473241 0.2774187922
0.5495507717 0.2768111825
0.5430635214 0.2733277977
0.5379048586 0.2677749693
0.5339514613 0.2632991672
0.5327393413 0.2592903674
0.5312088728 0.2555266023
0.5323473215 0.2503971159
0.5331615806 0.2451978028
0.5354598165 0.240007177
0.53886801 0.2345723659
0.5436307788 0.2294344455
0.5492753386 0.2246383131
0.5552257299 0.2209547907
0.5614767671 0.219992429
0.5691963434 0.2215908468
0.5756808519 0.2242645621
0.5821824074 0.2302047312
0.5885334015 0.2356389463
0.594147861 0.2439978123
0.5986853838 0.2508353293
0.6008515358 0.2568163872
0.601696372 0.2618307769
0.6005708575 0.2668759227

0.5185493827 0.2445587516
0.5125955939 0.2391723096
0.5060480833 0.2347047329
0.5012062788 0.2311840653

