0.7483387589 0.8592540026
0.7477007508 0.8626433611
0.7459046245 0.870950222
0.74534899 0.8779222369
0.7435075045 0.8836611509
0.7403177023 0.8879655004
0.7350248694 0.8891572952
0.7300089598 0.8886680603
0.7259440422 0.8901215792
0.7224655151 0.8929326534
0.7174249291 0.8937740922
0.7121626735 0.8941743374
0.7081180811 0.8957265615
0.7050964236 0.8981171846
0.7014080286 0.899499774
0.6972442865 0.8995794058
0.6934246421 0.8996680379
0.6895615458 0.8990159035
0.6860277653 0.898812294
0.6813662052 0.8975147605
0.6755772233 0.8938831687
0.6702599525 0.8908908963
0.6664980054 0.8870692253
0.6610851288 0.8823737502
0.6557782292 0.8755921721
0.6522800922 0.8707408905
0.6499626637 0.8654477596
0.6468562484 0.8578346372
0.6468706131 0.8492149115
0.6483886242 0.8435242176
0.6521024108 0.836755991
0.6568457484 0.8298463821
0.6653567553 0.8271204233
0.6802800298 0.8293372393
0.6986131668 0.8395338655
0.7111957073 0.8481573462
0.7297881842 0.8621600866
