0.6267157793 0.5340688229
0.6182618737 0.5355060101
0.6092540026 0.5353084207
0.6018664241 0.5321602821
0.5947075486 0.5257160664
0.5866984725 0.5181819797
0.5804124475 0.5110903978
0.57592237 0.5048154593
0.5754365921 0.4990677536
0.5750483871 0.4934280217
0.5791527033 0.4883404374
0.5843473077 0.483169198
0.5904571414 0.4779278338
0.5980019569 0.4739910066
0.6070105433 0.4724442363
0.6164540052 0.4722515643
0.6247800589 0.4728785157
0.6318542957 0.4736202359
0.6369332075 0.4748414755
0.6414585114 0.478521049
0.6451838017 0.4833952188
0.6484680772 0.4912733436
0.6510881186 0.4996605814
0.652733922 0.5068287253
0.6534408927 0.513546586
0.651552856 0.5181711912
0.6497452259 0.5231186748
0.6471625566 0.526981473
0.6421844363 0.529173255
0.637442708 0.5302128792
0.631046772 0.5294899344
0.6257168651 0.5286740661
0.6191390753 0.5282379389
