0.6434340477 0.7295221686
0.6618799567 0.72198838
0.6774004102 0.7175144553
0.6855325103 0.7134772539
0.6888993979 0.7139009237
0.6801919937 0.7263548374
0.6717990041 0.7455880642
0.6646102071 0.7653197646
0.6537521482 0.7776488066
0.6387367249 0.7892673612
0.6230729818 0.8015809059
0.6128048897 0.8081555367
0.6066246033 0.806093812
0.5995202661 0.8027027249
0.5918533802 0.8022075891
0.5824542642 0.8015124798
0.5770022869 0.7978992462
0.5731315017 0.7934849858
0.5675023794 0.7916088104
0.5618933439 0.7889152765
0.5581808686 0.7835292816
0.5554529428 0.7766048908
0.5518386364 0.7696772814
0.5507725477 0.7642855048
0.5530276895 0.7564277053
0.5555804968 0.747240603
0.5582122207 0.738106966
0.5629178286 0.7299520969
0.5698738694 0.7231990695
0.5772659183 0.7169716954
0.5855872631 0.7116272449
0.5959601998 0.7085239291
0.6077753901 0.7088495493
0.6168621182 0.7122718692
0.6223336458 0.7202553153
0.6267020702 0.7327746749
0.6287076473 0.7394904494
0.6321929693 0.7464109659
0.6368429065 0.7572697401
0.6392838955 0.7629774213
0.6416853666 0.765032649
0.6427875757 0.7703862786
0.6372284293 0.7731496096
0.6320557594 0.7773215771
0.6231507063 0.7756391764
0.612228334 0.769705236
0.6024932265 0.7628873587
0.5950270891 0.7595344782
0.5903682709 0.7594687939
