0.5414223671 0.8138548136
0.5414223671 0.8138548136
0.5414223671 0.8138548136
0.5380343199 0.8099350929
0.5363193154 0.8054242134
0.5348721743 0.8014987707
0.5343346596 0.7971914411
0.5352987051 0.792321682
0.5360357165 0.7879454494
0.5409484506 0.7788283229
0.5446316004 0.774123311
0.5480954051 0.7698705792
0.5506151915 0.7659993768
0.5542304516 0.7619242668
0.5588153005 0.7570704818
0.5674993992 0.7504737377
0.572322011 0.7478069067
0.5779963732 0.7456225157
0.5831977129 0.7437492013
0.5881637335 0.7417575121
0.593295455 0.7406869531
0.597695291 0.7400201559
0.6037748456 0.7402325273
0.6066755652 0.7406509519
0.6087806821 0.7419629693
0.6110028028 0.7429921031
0.6136111021 0.7452170253
0.6136111021 0.7452170253
0.6120886803 0.7483761311
0.610270679 0.7503077984
0.60581249 0.7513993979
0.5986914635 0.7524082065
0.5910781622 0.7511380315
0.5827395916 0.7495535612
0.5738887787 0.7460951805
0.5659400821 0.7417117953
0.5598670244 0.7352593541
0.556235671 0.7274013162
0.5570702553 0.7169371843
0.5587006807 0.7084326148
0.5633795857 0.7013261318
0.5686073303 0.6944248676
0.5745854974 0.6883713007
0.5802458525 0.6847895384
0.5871690512 0.6831953526
0.595151782 0.6833298206
0.604031086 0.6862077713
0.6066322923 0.6894643307
0.6038551331 0.692769289
0.5983629227 0.694845736
0.5939228535 0.6936484575
0.5842060447 0.6882851124
0.5753806233 0.6809456348
0.5687927604 0.6719788313
0.5639657974 0.6631128788
0.5625036359 0.6541960239
0.5626271963 0.6453744769
0.5624033213 0.6368557215
0.5650006533 0.629416883
0.5687924623 0.621660769
0.5726033449 0.6148269176
0.5775322318 0.6088500619
0.5823546648 0.6037203074
0.5877344608 0.6018346548
0.5941670537 0.6023873687
0.5974032879 0.6062071323
0.5987771749 0.6104762554
0.5940565467 0.6149523854
0.587649107 0.6195021868
0.5823623538 0.623672843
0.5771695375 0.6275417209
0.5724468827 0.6303956509
0.5671620369 0.6328148246
0.5627064109 0.6334692836
0.5608696938 0.6342110634
0.5615474582 0.6349906921
0.5655772686 0.631659627
0.5678762794 0.6291943192
0.5698551536 0.6250727773
0.5745441318 0.6212812662
0.5817512274 0.6180491447
0.5885519385 0.6167866588
0.5974782109 0.6157080531
0.6047128439 0.615421474
0.6086669564 0.6162857413
0.6095985174 0.6156024933
0.6042178869 0.6126103997
0.5976769328 0.6086179614
0.5914726257 0.6038144231
0.5862069726 0.5996412635
0.5830590725 0.5958022475
0.5800229311 0.592395246
0.5778442621 0.5890337229
0.5792163014 0.5865951777
0.5808423758 0.5855741501
0.582115531 0.586571455
0.5862302184 0.5890491605
0.5903123021 0.5926271081
0.592238009 0.5980448723
0.5936486721 0.6041526794
0.5907850862 0.610398531
0.578969121 0.6194698811
0.5569244623 0.6293067932
0.5609235168 0.6406971812
0.564421773 0.6530872583
0.5647797585 0.6583676338
0.5799050331 0.6585207582
0.5848394632 0.6639092565
0.5786422491 0.6669781208
0.5695683956 0.6639907956
0.5558943748 0.6549571753
