0.772757411 0.8773770332
0.7638735771 0.8791868687
0.7576746941 0.8825334907
0.7542068958 0.8873564005
0.7482966185 0.891577065
0.7421735525 0.8950724006
0.735319972 0.8997084498
0.7314503193 0.9011449218
0.7264590263 0.9046092033
0.7204548717 0.906663239
0.7155019045 0.9100689888
0.7110251784 0.9112768173
0.7079823613 0.9140205979
0.7039368153 0.9172461629
0.6968323588 0.9165902138
0.6907790899 0.9170971513
0.6863448024 0.918338716
0.6806090474 0.9185169935
0.6728103757 0.915768981
0.6673179865 0.9141815901
0.6633378267 0.9134479165
0.6589019299 0.9117227793
0.6542155147 0.9084032774
0.6499740481 0.9045417905
0.6471225619 0.9012199044
0.6462057829 0.8975552917
0.6446163058 0.8933497667
0.6431353688 0.8879467249
0.6430979967 0.8832096457
0.6451431513 0.8781909347
0.6477795839 0.8734515905
0.6497969627 0.8678436875
0.6533544064 0.8618357182
0.6582201123 0.8575078249
0.6629600525 0.8529244065
0.6670303941 0.8496013284
0.6714519858 0.8455273509
0.6778960824 0.8433508277
0.6855927706 0.8416813612
0.6952387094 0.8405863047
0.7048244476 0.8409436941
