0.7488731146 0.5533588529
0.751447022 0.5536906123
0.7541353106 0.5536146164
0.7568024993 0.5534748435
0.7594088316 0.5537234545
0.7617850304 0.5536430478
0.7643376589 0.5541093349
0.7666045427 0.5546223521
0.7683034539 0.5545195937
0.7700017095 0.5554702282
0.7722190619 0.5574701428
0.7741318941 0.5589413643
0.7755286694 0.5600526333
0.7765806913 0.5609394908
0.7779002786 0.5625500083
0.7793118358 0.5643823147
0.7798629999 0.5652762055
0.7805754542 0.566341579
0.780839026 0.5683357716
0.7803362012 0.5704350471
0.7794947624 0.5721477866
0.7783949375 0.5730514526
0.776633203 0.5741358399
0.7745537162 0.5757588744
0.7718490958 0.5770027637
0.7695883512 0.5784432292
0.7667474747 0.5798678994
0.7639055848 0.580517292
0.760368824 0.5807862282
0.7570962906 0.580924809
0.7541121244 0.5809598565
0.7504845858 0.581843555
0.7471183538 0.5823613405
0.743470192 0.5829241872
0.7408143878 0.5825769305
0.7380094528 0.5823568106
0.7352140546 0.5818806887
0.7324185967 0.5816069841
0.7298474908 0.5811084509
0.7276402116 0.5806866884
0.7260363698 0.580519259
0.7241421938 0.5795782804
0.7224870324 0.578540504
0.7214701772 0.5779694319
0.7203654051 0.5772795677
0.7194703817 0.575933516
0.7184711099 0.574185431
0.7182926536 0.5726285577
0.7182136774 0.5717698336
0.7184889317 0.5706221461
0.7186041474 0.569288969
0.7192089558 0.5680962205
0.7205534577 0.5661697984
0.7216591835 0.5637177229
0.7231104374 0.5618975163
0.7250922918 0.5607761145
0.7273594141 0.5595315695
0.7290776372 0.5575915575
0.7311429977 0.5570396185
0.7336062193 0.5573544502
0.7358186841 0.5564134717
0.7378953695 0.5545927286
0.7401827574 0.5546016693
0.7424836159 0.5546081066
0.7447829247 0.5541926622
0.7470613718 0.5546900034
0.749099791 0.5553892255
0.7505078912 0.5560101271
0.7521319389 0.5566654205
