0.5577556491 0.8235170841
0.5535984039 0.8230506182
0.5480737686 0.8191201091
0.5421102047 0.8128174543
0.5328643322 0.8072267771
0.5238953233 0.7994261384
0.5188999176 0.7910380363
0.5151093006 0.7839013338
0.5118308663 0.7764524221
0.515114665 0.7688801289
0.5249452591 0.7671095133
0.5404835343 0.7661969662
0.5515983105 0.7647022009
0.5622662902 0.7712330222
0.5778469443 0.7809134126
0.5877968669 0.7898135185
0.594237566 0.8021295071
0.6005381346 0.8153573275
0.6027863622 0.8205177188
0.6022295356 0.8206141591
0.5953255296 0.81637007
0.5921210647 0.807769835
0.5912208557 0.7980386615
0.595944345 0.7907871604
0.6009344459 0.7830759883
0.6055548787 0.7747116089
0.6059930325 0.7705577612

