0.6380548477 0.3298089504
0.6321984529 0.3273959756
0.6271656156 0.3226433694
0.6217849255 0.3182334304
0.6144603491 0.3107450306
0.608242631 0.3028204143
0.6047598124 0.2951801717
0.6041597128 0.288405776
0.6057573557 0.2812620103
0.6096900702 0.2756130695
0.613907218 0.2718605995
0.6193437576 0.2682515085
0.6260904074 0.2658331394
0.6350741386 0.2661138773
0.6429756284 0.2666279376
0.652005434 0.2703307867
0.6593718529 0.2753579021
0.6665500402 0.2818773389
0.673615396 0.2901946604
0.6802098751 0.2997114062
0.6854048967 0.3092713356
0.6876094341 0.3163194954
0.6878989339 0.3214104474
0.687343657 0.3247353137
0.6852909923 0.3249542713
0.6792991161 0.3203479052
0.6749352217 0.3147343397
0.6721491814 0.3090623021
0.6705187559 0.3019956052
0.671471417 0.2930805981
0.6730763912 0.2852256298
0.6763709188 0.2789174914
0.6823663712 0.2738337219
0.6875571012 0.2688241005
0.6928649545 0.2636094689
0.6967968345 0.2578176558

