0.7765192986 0.4250870347
0.7727872133 0.4267891347
0.7693927288 0.4270622134
0.7634005547 0.4256969094
0.7546569109 0.42211169
0.7481518984 0.4186456203
0.7421610951 0.4148342013
0.7377173901 0.410559237
0.7345329523 0.4055474102
0.7331621647 0.3999741375
0.7332471609 0.3944687545
0.7343066931 0.3889406323
0.7361903191 0.3836171627
0.7401281595 0.3793619871
0.7460642457 0.3766291142
0.7513942719 0.3738274872
0.757989943 0.3728428483
0.765474081 0.374294132
0.7732442617 0.377168715
0.7815848589 0.3821853995
0.7896534801 0.3900307715
0.7970678806 0.3966488838
0.8039689064 0.4041660428
0.8098195791 0.4117679298
0.813485384 0.4191682935
0.8162841797 0.4259636998
0.8171285987 0.4315527678
0.8136413097 0.4307691753
0.8110157847 0.4279417396
0.8073961735 0.4234539866
0.8061745167 0.4202356339
0.8067370057 0.414888531
0.8087947369 0.4089120328
0.8116216063 0.4036898613
0.8167421818 0.3980413675
0.820143044 0.392986238
0.8240067959 0.3871973157
0.8262321949 0.3822483718
0.8251254559 0.3781124353
0.8240396976 0.3758562803

