0.8686592579 0.3661276996
0.8664603233 0.3653384447
0.8625794649 0.3632788062
0.8573800325 0.3617982268
0.8521764278 0.3600096703
0.8463755846 0.3571683168
0.8394418359 0.3524604738
0.8340508342 0.3484212458
0.8296507597 0.3442000747
0.8259314895 0.339351058
0.8228129148 0.3348499537
0.8206678629 0.3300026059
0.8202717304 0.3254189491
0.821634829 0.3219165206
0.8239639997 0.3189985454
0.8263180852 0.3160843253
0.829103291 0.3142887652
0.8339626789 0.3135178983
0.839371562 0.3135699034
0.8462200761 0.3153333962
0.8541170359 0.3184734881
0.8620878458 0.322745204
0.8704833984 0.3282703161
0.8815028667 0.3364138901
0.892160058 0.3450846672
0.9014803767 0.3547748029
0.909185648 0.3643457294
0.9145182371 0.3724897504
0.9186457992 0.378405422
0.9201680422 0.3822617531
0.9183564186 0.3847769797
0.9135701656 0.3810834289
0.9123010635 0.3756810129
0.912052393 0.3674944639
0.9131070375 0.3607968092
0.9174619913 0.3548519015
0.9256722927 0.3503214717
0.9349545836 0.3464123011
0.9403648376 0.3403493464
0.9412914515 0.3319603503
0.9408946633 0.3252049088
0.9381561279 0.3207139671
0.9325085878 0.3178201318

