0.5959504247 0.1744787842
0.6037526727 0.1858339906
0.6052900553 0.1999902427
0.6057151556 0.2099880129
0.5992299914 0.2135945112
0.5897593498 0.2123605311
0.5808301568 0.2056529224
0.5727669001 0.1957181096
0.5651043653 0.1848347783
0.5561397672 0.1748039573
0.5469740629 0.1638008058
0.5393071175 0.1565332711
0.5291472077 0.1555556208
0.5180122852 0.1603551358
0.515568614 0.1706566811
0.520359695 0.1814920157
0.5322756171 0.1866026521
0.5407713056 0.1829400808
0.5485157967 0.1757375598
0.5591558218 0.1657117307
0.5716063976 0.1583137363
0.5825334787 0.1570634246
0.5950126648 0.1604724526
0.6073256731 0.1646599472
0.6153334379 0.177003175
0.6176706553 0.1850640476
