0.6751100421 0.1653862298
0.6822156906 0.1757741719
0.6886218786 0.1895905435
0.6832311749 0.2007045895
0.6802051067 0.2070067525
0.6761924624 0.2048619837
0.6662434936 0.1901673377
0.6494781971 0.1654132307
0.6366742849 0.1477603018
0.6266477108 0.1375108808
0.6100067496 0.1333364695
0.6013871431 0.1366193295
0.5997303128 0.1480389088
0.6115652323 0.171975106
0.6335743666 0.1912670583
0.6529061794 0.1909532398
0.6577186584 0.1701270789
0.6625109911 0.1462879628
0.6799170375 0.1357574165
0.6969842911 0.1392651051
0.7031809092 0.1509621739
0.6933031082 0.17571944
