0.5976822972 0.4658548832
0.5993192792 0.4734610319
0.598613739 0.4810979068
0.5956267715 0.4892316461
0.5863814354 0.4915737808
0.579220593 0.4903531075
0.5718244314 0.4837863445
0.5646500587 0.4731318355
0.5618005991 0.4599515498
0.5621170998 0.4502816498
0.5589154959 0.4405842423
0.5531751513 0.4324730635
0.5477412343 0.4299403727
0.5364633799 0.4310993254
0.52512151 0.4351263046
0.5220884085 0.4449586868
0.5236381292 0.4576239288
0.5308499336 0.4684611559
0.5389588475 0.4718288779
0.5480542183 0.4630336463
0.5540242791 0.453720212
0.5604478717 0.4457705319
0.5711033344 0.4416285753
0.585590601 0.4374586344
0.5942053795 0.4387535751
0.5967259407 0.4426550865
0.596313417 0.4479394257
