0.6716903448 0.890442729
0.6647287607 0.8926231861
0.6577264071 0.8883151412
0.6473712921 0.8732554913
0.6391882896 0.8598828316
0.6304998398 0.8499308825
0.622353673 0.844142139
0.6153793931 0.8386114836
0.6067967415 0.8368933201
0.6008052826 0.8426652551
0.606377542 0.8583443165
0.6162294149 0.8750652671
0.6260703802 0.8788421154
0.6298691034 0.8735350966
0.6366705894 0.8658581376
0.6459981203 0.8610520363
0.6599510908 0.8582975268
0.6700650454 0.8540481925
0.679033637 0.8540222049
0.6824026704 0.8571403623
0.6818757057 0.8613304496
0.6783124804 0.8704792857
0.6741101742 0.8775851727
