0.6827619672 0.4121001065
0.6871646643 0.4240394533
0.687364161 0.433680445
0.6764545441 0.4351729751
0.6630442142 0.4300921261
0.6575148106 0.4241762757
0.6547620893 0.4101558924
0.6520773768 0.3935789168
0.6498713493 0.3807596564
0.6508681774 0.3706096411
0.6486914754 0.3606440723
0.6414651275 0.3539108634
0.6277469993 0.3553959727
0.6152457595 0.364633441
0.6132252216 0.3831225038
0.6244972944 0.4036405385
0.6354002953 0.4096956253
0.6426686645 0.4008704722
0.6526135206 0.3871723115
0.6635707021 0.377445817
0.6749001145 0.3737165034
0.6862324476 0.3807473183
0.6930969357 0.3975940943
0.6897653937 0.416511178
