0.7709482908 0.267111361
0.7691241503 0.2754099369
0.7671959996 0.28046754
0.7551752925 0.278976053
0.7415189743 0.2679771781
0.7302774191 0.2573551834
0.7124850154 0.2422302365
0.6914013624 0.2282492369
0.6699058414 0.2191841155
0.656932652 0.2209593356
0.6600551009 0.2375619411
0.6763188839 0.2544930577
0.6921986341 0.2678145766
0.706117928 0.2764554024
0.7206687927 0.2709799409
0.7252530456 0.2651978433
0.7321169376 0.253446579
0.7448909283 0.2441120446
0.7558710575 0.2424931675
0.7616422772 0.2489335835
0.7677671909 0.2578431964
0.7715175152 0.2684526443
0.7668092251 0.2791281641
0.7590473294 0.2846224606
