0.7161620259 0.9002060294
0.7180104256 0.9113493562
0.7262978554 0.9308464527
0.7295104265 0.9428497553
0.7253324389 0.9441735744
0.7215739489 0.9448599219
0.7165653706 0.938272655
0.7056630254 0.9189573526
0.692887485 0.8984386325
0.6834377646 0.8886332512
0.6713223457 0.8821976185
0.664064765 0.8806337118
0.6653847694 0.8840094209
0.6721783876 0.8934514523
0.6870604157 0.8971358538
0.7018892765 0.8970988393
0.7146401405 0.8950158358
0.7249958515 0.894359231
0.7334028482 0.8947206736
0.740172863 0.8998531103
0.7368577719 0.9099863768
0.7296248674 0.9232406616
0.7272159457 0.9343338013
0.7182883024 0.9399603605
