0.6039618254 0.5783575773
0.6050189137 0.585642457
0.6005121469 0.5953668356
0.5929051042 0.5992109179
0.5872397423 0.6010200381
0.5831321478 0.5992544293
0.5773444772 0.5935989618
0.57074368 0.5845644474
0.5673967004 0.5772342086
0.5618712306 0.5700958967
0.5529711246 0.563639164
0.5444007516 0.5614881516
0.5331960917 0.5617932677
0.5202637911 0.5632102489
0.5136839151 0.573941946
0.5159199834 0.5845925808
0.5237246752 0.5925397277
0.5303336382 0.5940985084
0.5364378691 0.5904333591
0.5421469212 0.584613204
0.5504232645 0.5777598619
0.5629971027 0.5728877783
0.5749998689 0.5694402456
0.5850440264 0.5665335059
0.5933788419 0.5663415194
0.5959852338 0.57089293
