0.8599255085 0.9305815101
0.8647888899 0.9484437108
0.8600344062 0.9578534365
0.8493651152 0.9610778093
0.8355261087 0.9563669562
0.8237546682 0.951479435
0.8124275804 0.942935884
0.8025638461 0.9295063615
0.796351552 0.9168288708
0.7921417952 0.9050879478
0.7837407589 0.8965391517
0.7746289968 0.8936083317
0.769724369 0.8987363577
0.7702590227 0.9075475335
0.7727536559 0.9230313897
0.7799819708 0.9334905148
0.7911518812 0.935965538
0.8000135422 0.9294388294
0.8089009523 0.9169244766
0.8185062408 0.9080513716
0.8295319676 0.9030745625
0.839848876 0.907530427
0.846832633 0.9185063243
0.8504322767 0.9305334091
