0.6868119836 0.4449230433
0.6915644407 0.4543280602
0.6907185316 0.4714315236
0.6867249012 0.4805688858
0.6803129911 0.4869606197
0.6713783741 0.4779903293
0.6567009687 0.4576586485
0.6486685276 0.4432837367
0.637619257 0.4304715395
0.6222482324 0.4187425673
0.6167809963 0.4132978916
0.6119567156 0.4158277512
0.6059001684 0.4275196195
0.610252142 0.4490089417
0.629140377 0.4702982903
0.6395202875 0.472340405
0.6394377947 0.4624784589
0.6493960619 0.4505640864
0.6672945023 0.4433571994
0.6756858826 0.4400250018
0.6825199127 0.4418920875
0.6896778941 0.4528487325
0.6869479418 0.4647313654
