0.7454769611 0.6633057594
0.7488767505 0.6700974703
0.7563666701 0.6863523722
0.7579997182 0.6878441572
0.7565692067 0.6836423874
0.7505455613 0.6745173335
0.7385342121 0.6606158018
0.7333471179 0.6526437402
0.727943778 0.6454325914
0.7180873156 0.632935524
0.7129232883 0.6274145842
0.7081655264 0.6212825775
0.7034575343 0.6161032915
0.6936004162 0.6093940735
0.6887726188 0.6093341112
0.6839369535 0.6144559383
0.6788167953 0.6178998947
0.6737481356 0.633748889
0.6760287881 0.6413193345
0.6810474396 0.6500415802
0.6876474023 0.6572042704
0.7017935514 0.6615630388
0.7074813843 0.6595098972
0.711078167 0.6555353999
0.7155668736 0.6454701424
0.7181483507 0.6380839348
0.7223694324 0.6314685345
0.7284579873 0.6252236366
0.7360121012 0.6203945279
0.7528089881 0.6182464361
0.7593211532 0.6233083606
0.7633619905 0.6285227537
0.7660493851 0.6326041818
0.7670751214 0.6374381185
