0.5890579224 0.3304964304
0.6012971401 0.334918499
0.6012971401 0.334918499
0.6039934158 0.3418279588
0.5974617004 0.3498630524
0.5937044621 0.3549259901
0.5870274305 0.3525183797
0.5771179199 0.3444038033
0.5711612701 0.332809031
0.5698032379 0.3247319162
0.5668260455 0.3177816868
0.5626342297 0.3094532788
0.5563756227 0.3009780049
0.5430924296 0.2971272767
0.5271681547 0.3016688526
0.5163596869 0.3127453029
0.5147992969 0.3297261
0.5203156471 0.3452909291
0.5299423337 0.3490630388
0.5391173959 0.3437096775
0.5523335934 0.3323343992
0.5657330155 0.3198965788
0.5793218017 0.3098780513
0.5919591188 0.3080564141
0.6013566256 0.3136609197
0.6052008867 0.3260335028
