0.7737361193 0.4294078946
0.760884583 0.42338866
0.7460410595 0.4142023325
0.7312515974 0.4040308893
0.7175350785 0.3972092867
0.7000836134 0.3923664689
0.6861414909 0.3878740072
0.6853619218 0.3936956823
0.6883834004 0.402402997
0.6933559179 0.4095463753
0.6997702122 0.4112120867
0.7083722353 0.406750083
0.7155874968 0.3945021033
0.7178223729 0.3845789135
0.7244117856 0.3783029914
0.7393531799 0.3716355562
0.751621604 0.3710207045
0.7556867599 0.3812947869
0.7586804628 0.3900461495
0.7582857609 0.4021074772
0.7553503513 0.4155686498
0.7498682737 0.4238145053
