0.685792923 0.7382881641
0.6905487776 0.7412984371
0.6940145493 0.7459045053
0.6907904148 0.7554719448
0.6831422448 0.7614651322
0.6788294315 0.761359632
0.6715071797 0.7488216162
0.6620857716 0.7360163927
0.6535291076 0.7242552042
0.6470654011 0.7188634276
0.6389443874 0.7135766745
0.6292651296 0.7090851665
0.6223842502 0.7152231336
0.6198760867 0.7268950939
0.624843657 0.7431480289
0.6358097196 0.7553939819
0.645752728 0.7500197291
0.6495667696 0.7418388128
0.6611074209 0.7316903472
0.6727956533 0.7248058319
0.6792769432 0.7226759791
0.6820327044 0.7250587344
0.6823633909 0.735667944
0.6799486279 0.7461264729
