0.7396268845 0.8361732364
0.7384434342 0.8386003375
0.7369885445 0.8458800316
0.7369885445 0.8458800316
0.7414450645 0.8646205068
0.7447228432 0.8750466108
0.7364138961 0.8660706878
0.7193614841 0.8443452716
0.7078694105 0.8262704611
0.7001870871 0.8155519962
0.6906349659 0.8103551865
0.6812073588 0.8113260269
0.6839889288 0.8272262216
0.6897061467 0.8445622921
0.7022200227 0.8576004505
0.7167084217 0.8570821881
0.7315110564 0.8473858237
0.7420362234 0.8321893215
0.7490671277 0.8272035718
0.754666388 0.8405722976
0.7547531724 0.8605467677
