0.7855116129 0.2050497234
0.7915519476 0.215970546
0.7955001593 0.2279642969
0.7941893339 0.236059159
0.7824896574 0.2375278026
0.7724710703 0.2316839248
0.7654580474 0.2218706459
0.7575880885 0.2115138769
0.7457238436 0.1992114782
0.7356658578 0.1877018064
0.7284602523 0.1800159216
0.7185162306 0.1800905615
0.7159284353 0.1910844892
0.7213177681 0.203542605
0.7293452024 0.211951077
0.7383200526 0.2150651664
0.7461802959 0.2076691389
0.7502382994 0.1996507198
0.7538565397 0.1919235289
0.7619018555 0.1848235279
0.7752165794 0.1780237406
0.7837792635 0.1816220284
0.7869853973 0.1915183514
0.7844232321 0.2022367716
