0.8794465065 0.7131958604
0.8730766773 0.7070560455
0.8692764044 0.7051544189
0.8588677645 0.6996037364
0.8476207256 0.6964864731
0.8384653926 0.6955828667
0.8288867474 0.6957704425
0.8228125572 0.6975159049
0.8191791773 0.699137032
0.8187226057 0.7004027367
0.8214479685 0.7013402581
0.8248181939 0.7010492682
0.8312566876 0.7004783154
0.8406862617 0.6997998953
0.8505504131 0.6987153292
0.8613808751 0.6982597113
0.8742579222 0.6990749836
0.886069715 0.6980612278
0.893784523 0.6954663992
0.8979605436 0.6910779476
0.9001746178 0.6849989891
0.8954844475 0.6778684258

