0.8013606668 0.9500380158
0.796458602 0.9452193975
0.7912732363 0.939481914
0.7870457768 0.9360886812
0.7804038525 0.9315481186
0.7743771076 0.9283804893
0.7683663964 0.9273719788
0.7630447149 0.9259438515
0.7581987381 0.9245747328
0.7540895343 0.9233850241
0.7516864538 0.9233614206
0.7512151003 0.9243462086
0.7521151304 0.9248063564
0.7541959286 0.9256522655
0.7582958937 0.927740097
0.7647576332 0.9296852946
0.7725321054 0.9301333427
0.7812534571 0.9311738014
0.7920446396 0.9338629246
0.8037220836 0.936758101
0.8135351539 0.9370109439
0.8204782009 0.9355382323
0.8245850205 0.9326388836
0.8244367838 0.9284303188
0.8237529993 0.9224544168
0.821218729 0.9178565145

