0.9048016071 0.6681178212
0.9050121903 0.667129755
0.9013720751 0.6621462107
0.8938353658 0.6564660668
0.8880895376 0.6536058187
0.8805011511 0.6505278349
0.8711411953 0.6468016505
0.8626340628 0.6448834538
0.8572870493 0.6460932493
0.8517545462 0.6461507082
0.848410368 0.646645546
0.8478337526 0.648260653
0.8488801718 0.6500217319
0.8501694202 0.6499702334
0.8536299467 0.6502428055
0.8597127199 0.6510921717
0.8672976494 0.6515417695
0.8737872243 0.6514270306
0.881682992 0.6524655819
0.8903970122 0.6553421021
0.8985915184 0.6564527154
0.9052373171 0.6577779055
0.915712297 0.6598400474
0.9274765849 0.6617276073
0.933079958 0.6589115262
0.936378777 0.6548938155
0.9383351803 0.6509495974

