0.6803231239 0.9376757145
0.6797460914 0.936517179
0.6774182916 0.9314472079
0.6715769172 0.9244014621
0.6664125323 0.921389401
0.658198297 0.9210309386
0.648293972 0.9168473482
0.6394583583 0.9112861156
0.6324335337 0.9090070724
0.6263654828 0.9088259935
0.6226319075 0.9098446369
0.621861577 0.9100707769
0.6215676069 0.9104831219
0.6236988306 0.9127377868
0.6276683807 0.9154891372
0.6358054876 0.9164349437
0.6431866288 0.9180986285
0.6532648802 0.9185441732
0.6647711992 0.9203134179
0.6758099794 0.9216681719
0.6869187951 0.9225336909
0.6950724721 0.9211724401
0.6997575164 0.9161193967
0.6988421679 0.9085142016
0.6957360506 0.9000142813
0.6914840937 0.895793438

