0.7920334339 0.2582893968
0.791044116 0.2533014417
0.7866936922 0.2485099733
0.7803215981 0.2425246239
0.7726554871 0.2387425303
0.7631750107 0.2376586944
0.7530699968 0.2365053892
0.7438899279 0.2356664985
0.736088872 0.2359975129
0.7317845821 0.2381018102
0.7322602272 0.2381998897
0.7337993979 0.2385678291
0.7376481295 0.2397083938
0.745829463 0.2405231297
0.7576739788 0.2407012284
0.7683752775 0.2402814329
0.7821691632 0.240634203
0.7954627872 0.2401655763
0.8071810007 0.2392534763
0.8148778081 0.238065362
0.817058742 0.2333902568
0.8129832149 0.225660488
0.8085543513 0.2199492455

