0.5670135617 0.6666053534
0.5631186366 0.6650323868
0.5542668104 0.6587471962
0.5416433215 0.6515160203
0.5279136896 0.6499168873
0.516467452 0.6512691975
0.507766068 0.6500123143
0.5019235611 0.6478597522
0.5002886057 0.6469979286
0.5004882812 0.64616853
0.5084774494 0.648067832
0.5162872672 0.6482989788
0.5217556953 0.6481932402
0.530949533 0.6496548653
0.5466037393 0.6528027058
0.5578951836 0.6532788277
0.5668269396 0.6530050635
0.5719873905 0.6517158151
0.5746350884 0.6482791305
0.5714550018 0.6418186426
0.5665447712 0.6351180077
0.5630842447 0.6301491857

