0.5712804794 0.9451357126
0.5688176751 0.9335566759
0.562253058 0.9261401892
0.5590431094 0.9220318198
0.5482671261 0.915897131
0.5353155136 0.9097858667
0.521027267 0.9076414108
0.5118561983 0.9086527228
0.5125962496 0.9098367095
0.5121306777 0.914991498
0.516049087 0.9176895618
0.5198851824 0.9148840904
0.5279281735 0.916369617
0.5374413133 0.9209207296
0.5487241745 0.9237110019
0.5588066578 0.924265027
0.5720483065 0.926250875
0.5853670835 0.9268941879
0.5924990177 0.9236142635
0.5964410901 0.9210873842
0.5950189829 0.9175995588
0.5915257931 0.9128004313

