0.7759352326 0.769080162
0.7767840624 0.767763257
0.7765652537 0.7655067444
0.7758722305 0.7634698153
0.7736259699 0.7598100901
0.7714093924 0.7583004236
0.7678679228 0.7570839524
0.7621259093 0.7547269464
0.7621259093 0.7547269464
0.7512249947 0.752741456
0.7411057353 0.7515320778
0.7306679487 0.7504332066
0.72503829 0.7504438162
0.7223500013 0.751126647
0.7242147923 0.7525681257
0.731243372 0.7544540167
0.7410014868 0.7561868429
0.7510194182 0.7573019266
0.7658218145 0.7574340105
0.7800249457 0.7582522631
0.7930340171 0.7582365274
0.8064119816 0.7570906281
0.8156673908 0.7545871139
0.8196739554 0.7503598332
0.8194674253 0.7436284423
0.8166114688 0.7375385165

