0.5563437343 0.9435918927
0.552631855 0.9443449974
0.5500029325 0.9459751844
0.5474049449 0.9424412251
0.5429854393 0.9359937906
0.5385257602 0.9322892427
0.5322598815 0.9286081195
0.5247991085 0.9224863648
0.5176829696 0.9190263152
0.5104680061 0.9182052612
0.5034291744 0.9165076017
0.5006301999 0.9155459404
0.5006088614 0.9212334156
0.5012845397 0.9222791195
0.5066132545 0.9254022837
0.5130524039 0.92689991
0.524331212 0.9248301387
0.5336380005 0.9263070822
0.5440049171 0.9257390499
0.5527392626 0.9236646891
0.5624499917 0.9233387113
0.571248889 0.923643589
0.5777414441 0.9202983379
0.579942584 0.9147357941
0.5798785686 0.9087604284
0.5782494545 0.904063642
0.5752860308 0.9002763033

