0.6415035725 0.3093126118
0.6374233961 0.3074975014
0.6344186068 0.305760622
0.6320980191 0.3023911417
0.6293560266 0.2969617844
0.6285485625 0.2917930484
0.6290690303 0.2856684327
0.6305711269 0.28034392
0.6338675022 0.2755889893
0.6384485364 0.2725112438
0.6441679597 0.2727867961
0.6498755217 0.2754926085
0.6549415588 0.2802224755
0.6609250903 0.2858472466
0.6675865054 0.2923529744
0.6737918854 0.2961472571
0.6789121032 0.2982782125
0.6822239757 0.2965095043
0.6830579042 0.2897310257
0.6841526628 0.2843905091
0.6835076809 0.277353704

0.7088813782 0.289293617
0.708271265 0.2895677984
0.7094912529 0.2895479202
0.7102703452 0.2882819772
0.7111644745 0.2878959179

