0.8442340493 0.5372456312
0.8415731192 0.5360207558
0.8376419544 0.5311648846
0.8339226842 0.5242353678
0.832650125 0.5183860064
0.8329368234 0.5126925707
0.8353252411 0.5062465072
0.8388950825 0.5015558004
0.8441041708 0.4986552298
0.8509981632 0.4981253743
0.8574135303 0.4996207356
0.8631274104 0.5028283
0.8682840466 0.5085529685
0.8729201555 0.514986515
0.8779097199 0.5228099823
0.8847036362 0.5286706686
0.8902995586 0.5308948159
0.8936113715 0.5300778747
0.8966801167 0.5251361132
0.8981550932 0.5187632442
0.8991824985 0.512940824
0.9007151127 0.5077203512
0.8993157148 0.502577126

0.9202246666 0.5194944143
0.922409296 0.5223087668
0.9226541519 0.520481348
0.921872437 0.5191683769

