0.5251024961 0.7682064772
0.5229381323 0.7686128616
0.5213134885 0.7702180147
0.5194749236 0.7682647109
0.5164076686 0.7631393075
0.5140887499 0.7588677406
0.5124539733 0.7549030781
0.5112725496 0.7486461401
0.5119304061 0.7424113154
0.5137425065 0.7381929755
0.5168423653 0.7341362834
0.5209769011 0.7317240238
0.5259022713 0.7315527201
0.5319522023 0.7326235175
0.5367479324 0.7347726822
0.5413800478 0.7376897335
0.5459510684 0.7418864965
0.5497421622 0.7470707893
0.5542866588 0.75200212
0.5591586828 0.7572888136
0.563878417 0.7608981133
0.5685377717 0.763597846
0.572691381 0.7650523782
0.5757672787 0.7652829289
0.5777891874 0.7624563575
0.5770529509 0.7564923167
0.5767444968 0.7519075871
0.5754602551 0.7470310926
0.5744367838 0.7420004606
0.5728985071 0.7367167473
0.5720090866 0.7332801223

0.5972744226 0.7458325624
0.5975849628 0.7470424175
0.5988323092 0.7474883795
0.5994082093 0.7476328611
0.5996086001 0.7472720146

