0.5214521885 0.2550978959
0.5216389298 0.2531235814
0.5210205913 0.2533368468
0.5182194114 0.2484554797
0.5147833824 0.2413135171
0.5120109916 0.2355510592
0.5113684535 0.2292364836
0.512175262 0.2214424312
0.5164278746 0.2176516354
0.5233486891 0.2166740745
0.5304310918 0.2190779895
0.5394440293 0.2231589705
0.547593236 0.2303777784
0.5546684861 0.2378392816
0.5631812811 0.2444882095
0.570577383 0.2502132952
0.5766074657 0.2556833625
0.5819399953 0.2559679747
0.584295392 0.2502183318
0.5848606825 0.2427815497
0.5844858885 0.2360747606
0.5842453241 0.229685545
0.5834849477 0.2237702757
0.5821365714 0.2171745151
0.5808370113 0.2124385834

0.6147499084 0.2346679121
0.6153464317 0.2353917807
0.6170476079 0.2349568456
0.6159427762 0.2333069146

