0.5281797647 0.3550674915
0.5245779157 0.353132844
0.5200684071 0.3487329483
0.5152377486 0.344766736
0.5122718811 0.3405644298
0.5099013448 0.3350233734
0.5082108378 0.3278778195
0.509637773 0.3227168322
0.5148394108 0.3180147707
0.5201752186 0.3155246377
0.5267790556 0.3175876439
0.5340249538 0.3195355833
0.5424569249 0.3248814344
0.5499516129 0.3309417963
0.5584498644 0.3383120298
0.566364944 0.3426083922
0.5730183125 0.3440580368
0.577092886 0.3405478001
0.5792837143 0.3355455101
0.5801831484 0.3291823268
0.5797679424 0.322378248
0.5780115128 0.314492166
0.5762127638 0.308336854
0.5751769543 0.3050047159
0.5752421021 0.3029766679
0.5756318569 0.3025445342

0.5974838734 0.3246936798
0.5981540084 0.3231921792
0.6004805565 0.3240641952
0.6015899181 0.3236687183
0.601487875 0.3233729005

