0.8476916552 0.9475895166
0.8445072174 0.9453502297
0.8373185396 0.9358327985
0.8331714272 0.9270073175
0.8316162229 0.9205542207
0.832587719 0.9147098064
0.8336933851 0.9079440236
0.837195456 0.9036179185
0.8431353569 0.9027312994
0.8510165215 0.904923439
0.8606441021 0.9118865728
0.872556448 0.9228175282
0.8867145777 0.9372279644
0.9000250101 0.9508169889
0.9075636864 0.9509115219
0.9083901644 0.9419972897
0.9083403349 0.9360980392
0.9071413279 0.9269604683
0.9059754014 0.9166184664
0.9031760097 0.9064306021
0.899574995 0.8986998796
0.8991150856 0.892950058

0.9415113926 0.9292881489
0.9403759837 0.9295281172
0.9382351637 0.9271253943
0.9365042448 0.9257866144
0.9366855621 0.9277772903

