0.5309584737 0.8209877014
0.5271038413 0.8201746941
0.5224341154 0.8133217096
0.5185250044 0.8099009395
0.5155716538 0.8083355427
0.5142856836 0.8043392301
0.5148383379 0.7961170673
0.516905427 0.7925412655
0.5231873989 0.7902886868
0.5318875909 0.7879586816
0.5375403762 0.7881392241
0.54300946 0.7898496985
0.5494988561 0.7947163582
0.5553172827 0.8031516075
0.5604873896 0.8133646846
0.564807117 0.8179411292
0.5670273304 0.8161366582
0.5685549974 0.8138858676
0.5684236884 0.8085336089
0.5691564083 0.8047339916
0.568603754 0.7985960841
0.5675529838 0.7931885719
0.5669319034 0.7890143991

0.5865157843 0.8008652329
0.586659193 0.8011832833
0.5866528749 0.8009214997
0.5864491463 0.8002691269

