0.6260507703 0.6757327318
0.6226602793 0.6730762124
0.6211991906 0.6683807373
0.6201332808 0.6597992182
0.6203702688 0.6518796682
0.6241515279 0.6478623748
0.6287038922 0.6444299817
0.6329349279 0.6422203183
0.6380519867 0.6445289254
0.6443757415 0.6506397724
0.651045382 0.657243669
0.656684041 0.6617792845
0.6629965305 0.6643109322
0.6688681245 0.6658284068
0.6733777523 0.6652406454
0.677144289 0.6612011194
0.6786384583 0.6559145451
0.679484725 0.6509259343
0.6793231368 0.6450988054
0.6777912378 0.6396503448
0.6759576797 0.636151433
0.6734256148 0.6351961493

0.7011520863 0.6485586762
0.7009586096 0.6483535171
0.7023873925 0.6487588882
0.7028388977 0.6485407352

