0.8338567615 0.7591486573
0.8303623199 0.7554954886
0.8292173147 0.7515556216
0.8281027079 0.7478018403
0.8280496001 0.7420890331
0.8299292326 0.7374929786
0.8336371779 0.7338499427
0.8377765417 0.7306520343
0.8428136706 0.7291625738
0.8488901854 0.7309669256
0.8543994427 0.734072268
0.8591860533 0.7383555174
0.8647259474 0.7447160482
0.8702921867 0.7518787384
0.8768702745 0.7595286369
0.8827691078 0.7653672695
0.8893096447 0.7690427303
0.896060586 0.7716485262
0.9010014534 0.7694765925
0.9021716714 0.7628585696
0.9024325013 0.7561679482
0.903023839 0.7486041784
0.9016057253 0.7402957678
0.8998548388 0.7330495119
0.8987689018 0.7283232808

0.9205830693 0.750625968
0.9208512306 0.7500334978
0.9212667346 0.7501255274
0.9207380414 0.7494235039

