0.5802015662 0.6224700212
0.5802015662 0.6224700212
0.5802015662 0.6224700212
0.5852292776 0.6219887733
0.5901244879 0.6216513515
0.59543401 0.6223194599
0.6004084349 0.6236900091
0.6042311788 0.6256461143
0.6071997285 0.6278253794
0.6104624867 0.630122304
0.613833487 0.6331999302
0.6166497469 0.636593461
0.6182125807 0.6411756277
0.619161129 0.6456341743
0.6195437312 0.6508463025
0.6197082996 0.6557881236
0.6187992692 0.6602786779
0.6182340384 0.6642440557
0.6170850992 0.6675015688
0.6146507263 0.6704536676
