0.7865377665 0.4474250972
0.7911049724 0.451723963
0.7952436209 0.4546394944
0.7937332988 0.4603796005
0.7889258862 0.4656852484
0.7859506607 0.4691224396
0.7830953598 0.4713384509
0.7792110443 0.4739420414
0.7774562836 0.4751730561
0.7769857049 0.4757924974
0.7773487568 0.4760717154
0.7780477405 0.4758960605
0.7790514231 0.4759551883
0.7804713249 0.4758392572
0.7825813293 0.4755475819
0.7850476503 0.4752744138
0.7874640226 0.4747935534
0.7903636694 0.4742581248
0.7932565212 0.4744822681
0.7964459062 0.4751878381
0.8006361127 0.4761700034
0.8050355911 0.477553308
0.8092925549 0.4793242514
