0.8454434276 0.4668149948
0.8478422761 0.4693436921
0.8511697054 0.471400708
0.8537741899 0.4737358689
0.8544352055 0.4774925709
0.8539426923 0.4813495874
0.8529292345 0.4852391481
0.8511401415 0.4886906147
0.8483240008 0.4923228025
0.8456368446 0.494841814
0.8429384232 0.4964829087
0.8405358791 0.4973917902
0.8388366103 0.4978727102
0.838195622 0.4982606173
0.8381619453 0.4981625676
0.8390203118 0.4982299209
0.8416771293 0.4980276227
0.845012784 0.4976440668
0.8490105867 0.4981192052
0.8534138799 0.4986295998
0.858266592 0.499312222
0.8635358214 0.5000243187
0.8693893552 0.5014371872
0.8745347261 0.5031251311
0.8788987398 0.5051494241
0.8832415938 0.5065549016
0.8870208263 0.5076916218
0.8887602687 0.5083439946
0.8908240795 0.5089893341
0.8916208744 0.5080869794
0.8920020461 0.5068864226
0.8909748197 0.5045444965
0.8898295164 0.5022755265
0.8871769309 0.4984195828
0.8853681087 0.4948019087
0.8833551407 0.4900555015
0.8822465539 0.484374553
0.8818536401 0.4790596366
0.8820176721 0.4736960828
0.8833554983 0.4690097272
0.8850308657 0.4646746516
0.8888021708 0.4614686966
0.8950277567 0.4595214725
0.902169764 0.458751142
0.9101182222 0.4597264528
0.9190298319 0.4640089273
0.9272215962 0.4682489634
0.9351294041 0.4756913483
0.9407936335 0.48567909
0.9426819086 0.4941491187
0.9411060214 0.5024292469
0.9351733923 0.508454144
0.9305514097 0.5135102272
0.9220050573 0.5157179236
0.9147835374 0.517411232
0.9094862938 0.5188109279
0.9061267972 0.5196281075
0.903981328 0.5197707415
