0.811177671 0.8449164629
0.8119592667 0.8482420444
0.811418891 0.8511394262
0.8121481538 0.8544703722
0.8131079078 0.8582823277
0.8131802082 0.8620016575
0.8124774694 0.8666468859
0.8118045926 0.8716794252
0.8106302619 0.8772761226
0.8098661304 0.880718112
0.8102011681 0.8841638565
0.8101930022 0.8869261742
0.8093184233 0.8899154067
0.8081132174 0.8933577538
0.8063899279 0.8950297832
0.8054320812 0.8963809013
0.8048714399 0.8977855444
0.8037164807 0.9001821876
0.8023605347 0.9008259773
0.8016508222 0.9018002152
0.8017053008 0.9023874998
0.8027997017 0.9030964971
0.8051158786 0.903920114
0.8071305752 0.9035285115
0.809619844 0.9028726816
0.8129054904 0.9025350809
0.815955162 0.9026743174
0.8194240332 0.9019075632
0.8232922554 0.9014142156
0.8276977539 0.9018917084
0.8309682012 0.9026924372
0.8337131739 0.9032607079
0.8364655972 0.9034465551
0.8385666013 0.9032700658
0.8397390246 0.9026118517
0.8396815658 0.9014866352
0.8392425179 0.8990215063
