0.6289337873 0.3723825216
0.6278293133 0.3756134808
0.6273121834 0.3805244565
0.6264270544 0.3854875267
0.6246131063 0.3912211955
0.6223918796 0.3949067593
0.6206508875 0.3974022269
0.6193814278 0.3989195824
0.6181599498 0.3998581171
0.6173088551 0.3991878033
0.6166346669 0.3990338445
0.6169942021 0.3973191381
0.6179065704 0.3966813087
0.6198324561 0.3951842487
0.6227711439 0.3947244883
0.626653254 0.3949463964
0.6298707724 0.3955577016
0.6334590912 0.3972064257
0.6373021603 0.3993761539
0.6389629841 0.4014723897
0.641400516 0.4039064944
0.6427950859 0.4056512117
0.6436667442 0.405685544
0.6440519691 0.4039567113
0.644013226 0.4008839726
0.6434947252 0.3964334726
0.6434904337 0.3926066756
0.6438455582 0.387696445
0.6449871063 0.3837260008
0.6465367675 0.3800797462
0.6492378116 0.3772309721
0.6521208882 0.3757462502
0.6552937627 0.375647068
0.6584875584 0.377725482
0.6612517834 0.3799631
0.663446486 0.3849099278
0.6643762589 0.3905468285
