0.7585096955 0.2615871429
0.7603189945 0.2636480331
0.7610067129 0.265804261
0.7614658475 0.2682276964
0.7609918714 0.2713320851
0.7595194578 0.2746010423
0.7582233548 0.2772849798
0.7572829127 0.279910028
0.7564025521 0.2824038863
0.7551562786 0.284445852
0.753562808 0.2863270044
0.7525455952 0.2880883217
0.7524648905 0.2890071869
0.7536418438 0.2896977961
0.755823195 0.2894707322
0.7579749823 0.2894385457
0.760540247 0.2894664407
0.7637127042 0.2892310619
0.7673659325 0.2892922163
0.7710564137 0.2900264263
0.7743348479 0.2908327281
0.7776593566 0.2918474078
0.7814865708 0.2931581736
0.7846097946 0.2943977416
0.7867277265 0.2959847152
0.788836658 0.2969507277
0.7904887199 0.2973882258
0.7910751104 0.2968911827
0.7914504409 0.2962648869
0.7914419174 0.2950699627
0.7905799747 0.292667836
0.7901801467 0.2907195091
0.7897632122 0.2882685959
0.7896736264 0.2852505147
0.7898436785 0.2820568085
0.7898822427 0.2787843347
0.7900385857 0.2760972977
0.7907432914 0.2740818262
0.7916380763 0.2718478441
0.7936087847 0.2709432542
0.7957865596 0.2709210813
0.7978867888 0.2718363106
0.7999856472 0.2735378146
0.802408576 0.276394546
0.80475986 0.2805047929
0.8067661524 0.2854574621
0.8085532188 0.2908032835
0.810180068 0.29666695
0.8115722537 0.3025422096
0.8127824068 0.3077091277
0.8132317662 0.3113201261
