0.7136005163 0.6325824261
0.7180303931 0.6370507479
0.7165368795 0.6422159672
0.7089291811 0.6445639133
0.7057654858 0.6465044618
0.7043235302 0.6466071606
0.7035701275 0.6481262445
0.7080919743 0.6482356787
0.716683507 0.6474604607
0.7267438173 0.648296833
0.733486712 0.6506575942
0.735866189 0.6498864889
0.7378621101 0.6493023634
0.7384992838 0.6475275755
0.7374125719 0.6453303695
0.7363783717 0.6426329017
0.7360751629 0.6395907402
0.7367506623 0.6350581646
0.7388596535 0.6299438477
0.7424607277 0.6257331371
0.7463133335 0.6222110391
0.7499053478 0.6196703911
0.7528937459 0.6180346608
0.755551219 0.6176478267
0.7588362694 0.6184287071
0.762016654 0.6208888292
0.7644067407 0.6256221533
0.7658044696 0.6340820789
0.7661653757 0.6419733763
0.7654140592 0.6492513418
0.7648442984 0.6546818614
0.7637411356 0.6578963399
