0.6822163463 0.2680596113
0.6852295995 0.271062851
0.6884655952 0.2733771205
0.6894591451 0.2770349979
0.6890642643 0.2816541791
0.6830627918 0.2882053554
0.6798949242 0.2920881808
0.6782767177 0.2947750688
0.6793842912 0.296523422
0.6800192595 0.2983612716
0.6796981692 0.2999284565
0.6788564324 0.3014443815
0.679246068 0.3025333285
0.681019187 0.3036464453
0.6866509914 0.30353719
0.6924507618 0.3037316799
0.698105216 0.3035145104
0.7031735778 0.3051916361
0.7075171471 0.3070590794
0.7100200653 0.3071831167
0.7148188949 0.3069338799
0.7189459801 0.3056669235
0.7219449282 0.3041330576
0.7233657837 0.3017148972
0.7235284448 0.2985471189
0.7226132154 0.2952366173
0.7207018733 0.291708976
0.7188293934 0.2877004743
0.7182386518 0.2834492624
0.7206208706 0.2789069414
0.7236251235 0.2745767236
0.7279267907 0.2705945671
0.7345228195 0.268645227
0.7403473258 0.2696254253
0.7444242239 0.2731033862
0.7477917671 0.2787644863
0.7512757778 0.2865921855
