0.6296974421 0.4385156035
0.6287545562 0.4375826716
0.629614234 0.4371267259
0.6310791969 0.4376084805
0.6331158876 0.4391165972
0.6353619099 0.4440610707
0.6369314194 0.4488440156
0.6389046907 0.4539211392
0.6409201622 0.4582692385
0.6416996717 0.461986959
0.6407267451 0.4649595022
0.637950778 0.467230022
0.6356801987 0.4693177342
0.633893311 0.4707083702
0.6326932907 0.4721599817
0.6312243342 0.4734517336
0.6299651861 0.4746191502
0.6298498511 0.4760047197
0.6300039291 0.4772671461
0.63055408 0.4788969755
0.6312589049 0.480506897
0.6325616241 0.4818422198
0.6342418194 0.4831332564
0.6368223429 0.4835491776
0.6395519376 0.4841421545
0.6427701712 0.484136045
0.6480883956 0.4838923812
0.6480883956 0.4838923812
0.6518865824 0.4827945828
0.6545380354 0.4811028838
0.6560237408 0.4778897166
0.6571015716 0.4740722477
0.6571701765 0.4694444239
0.6575908065 0.4626989961
0.6575908065 0.4626989961
0.6578564644 0.4561111927
0.6598978043 0.4508666694
0.663125515 0.447542876
0.6655168533 0.4467554092
0.6684399843 0.4531641603
0.6704725027 0.4677929282
0.6674844623 0.482790947
