0.6363893747 0.4956761599
0.6372532248 0.4973624349
0.6378557682 0.4993405342
0.6380740404 0.502849102
0.6373561025 0.5071843266
0.6367824674 0.5093008876
0.6353899837 0.5136423707
0.6345775723 0.5170664787
0.6338944435 0.5202206969
0.6324551702 0.5221309066
0.6305199265 0.5231141448
0.6290982962 0.5241606236
0.6296237707 0.5240294933
0.6321904659 0.5243084431
0.6367654204 0.5248886347
0.6411244869 0.5257362723
0.6459399462 0.527353704
0.6515210867 0.5291407704
0.6569917798 0.53147614
0.6608769894 0.5343681574
0.6634432077 0.5362288952
0.664911747 0.5370044112
0.6646878719 0.5358127952
0.6644920111 0.5339792967
0.663412869 0.5304957628
0.6623387337 0.5265171528
0.661727488 0.520996809
0.6626473665 0.5162393451
0.6649782658 0.5126740932
0.6649782658 0.5126740932
0.6669865251 0.5093451142
0.6698943377 0.5077604055
0.6728032827 0.5066031218
0.6780961752 0.5052423477
0.6829153299 0.5081430674
0.6843876839 0.5164511204
