0.7799134851 0.1952917278
0.7822754979 0.19864887
0.7812479734 0.2028201669
0.7781760693 0.2073090225
0.776435256 0.2115892619
0.7749254704 0.2160636485
0.7728302479 0.2200978398
0.771417737 0.2232038677
0.7694970369 0.2255952656
0.7668093443 0.2277677208
0.7643488646 0.2291762531
0.7637283206 0.2296812832
0.7631745338 0.2292302549
0.7635144591 0.2292316556
0.7642138004 0.229069531
0.7658742666 0.2288090289
0.7685177326 0.2280952036
0.7707383633 0.2283712924
0.7741633058 0.228622362
0.7786728144 0.2289866209
0.7827900648 0.2295027375
0.7865793705 0.2301234454
0.7895197868 0.2308879793
0.7924357653 0.231356293
0.7948242426 0.2316830456
0.7968917489 0.2321604341
0.7983984351 0.2320713997
0.7998263836 0.2318743616
0.8004258871 0.2312463522
0.8003706932 0.2299934477
0.8004410267 0.2289261222
0.7999292612 0.2274370492
0.799520731 0.2258528471
0.7993376851 0.2242883593
0.7985605001 0.2223607302
0.7974295616 0.2201805711
0.7966735363 0.217863068
0.7958955765 0.2152505219
0.7956719398 0.2127777338
0.7960510254 0.2104346305
0.7967965603 0.2081542909
0.7981463671 0.2060247511
0.7996892333 0.2043210715
0.8023118377 0.2035428882
0.8046739101 0.2025738657
0.8079071045 0.2025099099
0.8121268749 0.2043170035
0.8162872791 0.2064320743
0.820294261 0.2095950544
0.8229740858 0.2139838934
0.8245568871 0.2183852196
0.8261253238 0.2224941552
0.8270977139 0.2273864746
