0.5409107208 0.521026969
0.5432710052 0.5216709375
0.5459191799 0.5218654275
0.54708606 0.5232177377
0.5469756126 0.5259408355
0.5471425056 0.5278590322
0.5472326279 0.5306096673
0.5482102036 0.5332428217
0.5488827229 0.5358480811
0.5484755039 0.5388885736
0.5466889143 0.5426909328
0.5452951193 0.54603374
0.5442142487 0.5489566326
0.5428257585 0.5513808131
0.5409549475 0.5541691184
0.5383741856 0.5570197105
0.5353515744 0.559745729
0.5327528715 0.5621121526
0.530190587 0.5641146898
0.5278462172 0.5664095879
0.5251441598 0.5688536167
0.5226830244 0.5710934401
0.5210830569 0.5728412867
0.520532012 0.5739531517
0.5197523832 0.5752692223
0.519762516 0.5759954453
0.5198974609 0.577055335
0.5208432674 0.5773586631
0.5236992836 0.576816082
0.5267450213 0.5759927034
0.5297544599 0.5751706362
0.5326762795 0.5747247338
0.5357006788 0.5741055012
0.5397014618 0.5731139779
0.5444594026 0.5718659163
0.5486596227 0.5704088807
0.5528761744 0.5694812536
0.5569332242 0.5690911412
0.560552001 0.5689380169
0.5641723275 0.568995595
0.567586422 0.569060266
0.5705262423 0.569167614
0.5728672147 0.5694327354
0.5744513869 0.5700438619
0.5760422349 0.5700744987
0.5774049759 0.5701074004
0.5778008103 0.5701754093
0.5781518221 0.5702610612
0.5772673488 0.5701987743
0.5760528445 0.5700848103
0.5746246576 0.5691050887
0.5732955337 0.5678092241
0.5716319084 0.5659976006
0.5698001385 0.5638698339
0.5682082176 0.5615073442
0.5670642853 0.5585983992
0.5666978359 0.555465579
0.5668324828 0.5521779656
0.5675525665 0.548702836
0.5690273643 0.5454548597
0.5708737969 0.5422546864
0.5737615824 0.5389920473
0.5772978067 0.5363950729
0.5810905099 0.5346985459
0.5848469734 0.5334058404
0.588966608 0.5332450867
0.5927146673 0.5330717564
0.5967214108 0.5342487693
0.6004658937 0.5356331468
0.6039658189 0.5383924246
0.6072075367 0.5411788225
0.6101517677 0.5451174974
0.6125575304 0.5496768951
0.6139826179 0.5539238453
0.6140118241 0.5583482385
0.6134301424 0.5621654391
0.6126756668 0.5657254457
0.6113723516 0.568389833
0.6089111567 0.5696277022
0.6070181727 0.571402669
