0.830584228 0.3752492964
0.8350740671 0.3746481836
0.8416119218 0.3743636012
0.847469449 0.37596488
0.8518194556 0.3793939948
0.8522948027 0.3852785826
0.8507253528 0.3902091682
0.8487349749 0.3935119212
0.8473896384 0.3959855437
0.8438232541 0.3981038928
0.8393806219 0.4004985988
0.8361293077 0.4021563232
0.8357557654 0.4020926356
0.835819006 0.4021236598
0.8385127783 0.4013009965
0.8417009711 0.4006869793
0.8498570323 0.4007678032
0.8587280512 0.4015452862
0.8687338829 0.4034160972
0.8788194656 0.4067875743
0.8866209388 0.4087396264
0.8909880519 0.4077448845
0.8906298876 0.4025425017
0.8886433244 0.3959377706
0.8847208619 0.3878097534
0.8817492723 0.3794410229
0.8811739683 0.3703593612
0.8863604069 0.3611937165
0.8960083127 0.354465127
0.9086782932 0.3523716331
0.9222226143 0.3556815982
0.9366703033 0.3626975417
0.9486498833 0.3732175827
0.9544070959 0.3800694048
0.95190382 0.3859642744
0.9409356117 0.3902424872
0.928071022 0.3925056458
0.9181986451 0.3951075077
0.9108504057 0.3985943198
