0.8260235786 0.215813905
0.8303132057 0.2185859531
0.833280921 0.2204373479
0.8369910717 0.2244996279
0.8386701941 0.2288214713
0.8381631374 0.2332100272
0.8362178206 0.2377473414
0.8341320753 0.2414271683
0.8317908049 0.2447963357
0.8280962706 0.2478523254
0.8253411651 0.250315249
0.8236575127 0.2518534958
0.8241875768 0.2524757683
0.8266857862 0.2536862791
0.8303033113 0.2546989024
0.8364912868 0.2544743419
0.8454178572 0.25524652
0.8526304364 0.2553206384
0.8592267036 0.2552851737
0.86450845 0.255512923
0.8682145476 0.2553040981
0.8706977963 0.2543970644
0.8715569377 0.2533481121
0.8717167377 0.2518168688
0.8704198003 0.2497046888
0.8680461645 0.2469522953
0.8648570776 0.2431017458
0.8617392778 0.2378332764
0.8606657982 0.2324429601
0.8617236614 0.2265644521
0.8668887615 0.2209045142
0.8735800385 0.216978237
0.8812487721 0.2148487121
0.8898735046 0.2136791348
0.8993222713 0.2145636082
0.9086589813 0.2181719542
0.9153347015 0.2257160693
0.9196312428 0.2360782921
0.9218935966 0.2462011576
0.9228473902 0.2550459206
0.9237065315 0.262804091
0.9235291481 0.2683392763
