0.6024307013 0.2296939641
0.6039406061 0.234244734
0.605463028 0.2396116853
0.6046218872 0.2463225722
0.5985198021 0.2510929704
0.5930243731 0.2538273931
0.5916683674 0.2557305098
0.5939377546 0.256170541
0.5974063873 0.2559475005
0.6035195589 0.2553961277
0.6108442545 0.2571001649
0.6187437773 0.2597221136
0.6246546507 0.2616437376
0.6299364567 0.2627991736
0.6342135072 0.2638675869
0.6362267137 0.2640060782
0.6365211606 0.2628174424
0.6349452734 0.2597685456
0.6323180199 0.2543095648
0.6304906607 0.2490955442
0.6296141148 0.2441558242
0.6294474602 0.2387546599
0.6318871379 0.2351805568
0.6349205971 0.2333491892
0.638690114 0.2338212281
0.6429479122 0.2368530482
0.6464873552 0.2413485646
0.6492874622 0.2482468784
0.6512967944 0.2555864453
0.6506997943 0.2644281387
