0.65619874 0.555234015
0.6595756412 0.5587964058
0.6585876346 0.5662771463
0.6549627781 0.5734441876
0.6500522494 0.5792429447
0.6460062861 0.5832851529
0.6433603764 0.5859421492
0.643838644 0.5861027837
0.6487705112 0.5865120292
0.6575854421 0.5868757367
0.6653905511 0.5877947807
0.6726127863 0.5906977654
0.6777632236 0.5937537551
0.6809265018 0.594558239
0.68183887 0.5928025246
0.6820348501 0.5898652673
0.6803053021 0.5842263699
0.6793378592 0.5783703327
0.6788588762 0.572301805
0.6791775227 0.5677056909
0.6820927262 0.5652104616
0.686437726 0.5653070211
0.6906762123 0.5651215315
0.6953258514 0.5701553822
0.6989102364 0.5754966736
0.7020965219 0.5828086138
0.7040278912 0.5904923677
0.7037317753 0.5974235535
