0.8289709091 0.2902534306
0.8306953907 0.2943415046
0.8345718384 0.2961206734
0.8388639688 0.2980309725
0.8416621089 0.3013811409
0.8408959508 0.3068722486
0.8393219709 0.3115148544
0.8364676833 0.3151792586
0.8344848752 0.3178083897
0.8319461346 0.3197187781
0.8290423155 0.3209994137
0.8267041445 0.3216163218
0.8262175322 0.3217269182
0.8282786608 0.3214624524
0.8321720362 0.3206916153
0.8376203179 0.3196393847
0.8449463844 0.3185865581
0.8520554304 0.3179170191
0.8597855568 0.3174898624
0.8667798042 0.3174207807
0.8711925149 0.3171112835
0.872626245 0.3160366416
0.8719003201 0.3130580783
0.8694534898 0.3067103028
0.8673804998 0.3026219606
0.8648297191 0.2965881824
0.8633719087 0.2902781963
0.8659014702 0.2843527198
0.8732827902 0.2799235284
0.8812630177 0.2773563862
0.8892409801 0.2769099474
0.8972501755 0.2788869739
0.9052280188 0.2841901183
0.9119464755 0.2915926874
0.9168847799 0.3008348346
0.9186665416 0.3117008805
0.9179061055 0.3190436363
0.9157301784 0.3262998462
0.9129655361 0.3332808018
