0.5221233368 0.2161605954
0.5249519944 0.2191764712
0.5260284543 0.2204539776
0.5281885862 0.2230002135
0.5305123925 0.2254105061
0.5331522822 0.2281965017
0.5351500511 0.2309904993
0.5358265638 0.2337919176
0.5349527597 0.2367388457
0.533575058 0.2392155379
0.5319423079 0.2416228205
0.5312806368 0.2426736504
0.5300831199 0.2445889413
0.529501617 0.2460634559
0.5291429162 0.2473963946
0.5297346711 0.2474060953
0.5315754414 0.2464051396
0.5349858999 0.2459892184
0.540143013 0.2454687953
0.5467951298 0.245198667
0.5572365522 0.2452173382
0.5572365522 0.2452173382
0.5690829754 0.2442013621
0.5763406754 0.2424854487
0.5777766109 0.2397724539
0.5761470795 0.2362675667
0.5719533563 0.2319266647
0.5690883994 0.2265238613
0.5705103278 0.2200332582
0.5760250092 0.2167939395
0.5844906569 0.216595754
0.5922493339 0.2171652615
0.5982753038 0.2234457135
0.6001380086 0.2322525084
0.5984730721 0.2436062694
0.597796917 0.2538811266
0.596265614 0.2633650303
