0.7826967239 0.3531118631
0.7820099592 0.3505721688
0.7820099592 0.3505721688
0.7800633311 0.3493458033
0.7741172314 0.3480886221
0.7674692273 0.3453042805
0.7577165365 0.3410556614
0.7482408285 0.3383161426
0.7387300134 0.3365674019
0.7254445553 0.3320259452
0.7254445553 0.3320259452
0.7129967809 0.3268045783
0.7043035626 0.3216653466
0.7004759908 0.3185700774
0.6986550689 0.3164259791
0.6996674538 0.3134749532
0.7040960193 0.3109583855
0.713993907 0.3099936247
0.7278598547 0.3079000115
0.741035223 0.3050163686
0.7581776977 0.3020746112
0.7737737298 0.2986758053
0.7835451365 0.2964081466
0.7934030294 0.2948983908
0.7963808775 0.2952385247

0.7363733053 0.3489947915
0.7356259227 0.3414382339
0.7332485914 0.3323033452
0.733926177 0.3210813403
0.7368335128 0.3120726347
0.739700079 0.3037473559
0.7419965863 0.2964214683

