0.8727223873 0.6523373723
0.8747155666 0.6520016789
0.8682459593 0.6455456614
0.8600526452 0.6405561566
0.8541779518 0.6360522509
0.8479447365 0.6314982176
0.8392120004 0.625690341
0.8306592703 0.6210356951
0.820993185 0.617521286
0.8161957264 0.6152610183
0.8131918907 0.611951232
0.8104125261 0.6067273617
0.8083605766 0.602606535
0.8083300591 0.5991077423
0.8111148477 0.5982756615
0.8163803816 0.5976508856
0.8220662475 0.5966643095
0.8284205198 0.5954390764
0.8351123333 0.5937649012
0.8433334827 0.5940203667
0.8521478176 0.5936314464
0.860478878 0.5922951698
0.8663898706 0.5909181237
0.8699284792 0.5888319016

0.8391067982 0.6350422502
0.8410379887 0.6322411895
0.8406840563 0.6231549978
0.8377773166 0.6153355837
0.8362740278 0.6082687378
0.8365448713 0.5995857716
0.8401939273 0.5917896032

