0.6682183146 0.9154928923
0.6666113138 0.9141580462
0.6631168723 0.9110427499
0.656712532 0.9075874686
0.6495668888 0.9033332467
0.6419681907 0.8995155096
0.6342849731 0.8964640498
0.6271107197 0.8931109905
0.6198952198 0.888133347
0.6142264605 0.8844006658
0.6105108261 0.8814117908
0.607049346 0.8773885965
0.6047669649 0.8741668463
0.6041561961 0.8726456165
0.6049358249 0.8721579313
0.6063004732 0.8716930151
0.6099188328 0.8715827465
0.6143371463 0.8696386814
0.6196962595 0.8672530055
0.626478672 0.8661342859
0.6333972216 0.8657208085
0.6429240704 0.8658187389
0.6515726447 0.8648266792
0.6592578292 0.8629364967
0.6649371386 0.8616864085
0.6692506671 0.8618536592

0.6402665377 0.9030822515
0.6408689022 0.8962086439
0.6433092356 0.886900425
0.6428169608 0.8796030283
0.6383731365 0.8701587915
0.6347244978 0.8614658117
0.6339526176 0.8528623581
0.6340836883 0.8467245102

