0.5923501849 0.1537845731
0.5923391581 0.1556194574
0.5923391581 0.1556194574
0.5938164592 0.1541959643
0.5897784233 0.1496697664
0.5814955235 0.1447945386
0.5719842911 0.1407047361
0.5637884736 0.1384638846
0.5552312136 0.1349914074
0.5446227193 0.1298838705
0.531324923 0.1225049347
0.519557178 0.1159762964
0.5092473626 0.111158058
0.5031388998 0.1093732715
0.5020014644 0.1054581553
0.5027170181 0.1011959538
0.5094904304 0.1004585698
0.5170466304 0.0994849205
0.521754086 0.09748799354
0.5299403071 0.09353348613
0.5394492745 0.09011403471
0.5509710312 0.08616504073
0.5635344982 0.08224152029
0.5741051435 0.08044628799
0.5805749893 0.0788423866
0.583727777 0.07658529282
0.5855531096 0.07653254271
0.5882496834 0.07628126442
0.5888320208 0.07722831517

0.5554951429 0.1200847179
0.5487090945 0.1119439825
0.5485415459 0.1044076681
0.5470396876 0.09158872813
0.544522047 0.07741128653
0.541200161 0.06304754317
0.5371816158 0.05145352334

