0.7318028212 0.9432281852
0.7334914207 0.9414573312
0.7348670959 0.9382300377
0.7355674505 0.9329406023
0.7358664274 0.9268437624
0.7370021939 0.9225370884
0.737428844 0.9174480438
0.7380064726 0.9117051363
0.7388439775 0.907512784
0.7401711345 0.9045599103
0.7413291931 0.9024167657
0.7423880696 0.9009344578
0.7435963154 0.900160253
0.7448633313 0.9014169574
0.7462886572 0.9036611319
0.7478733063 0.907224834
0.7499815226 0.9115977287
0.75254035 0.9169507027
0.7549510002 0.9229000211
0.7583800554 0.9292525649
0.7618951201 0.9352753162
0.7647712231 0.9411857724
0.7668504119 0.9471234679

