0.6776254773 0.1142683029
0.6773062944 0.1135752946
0.679014802 0.1099984646
0.6799758077 0.1056029052
0.6811958551 0.1016495675
0.6823177338 0.09641955793
0.683170855 0.08986005187
0.6837839484 0.08309663832
0.6845374107 0.07638245821
0.6853403449 0.07081770897
0.6860417128 0.06668504328
0.6870820522 0.06467352808
0.6887214184 0.06491217017
0.6903020144 0.06473907828
0.6919263005 0.06578159332
0.6939284801 0.06777434796
0.6961518526 0.06974467635
0.698348999 0.07165294141
0.7001674175 0.07415883243
0.703352809 0.0793164596
0.7062709332 0.08333637565
0.7090266347 0.08785158396
0.7120007277 0.09320331365
0.7157889009 0.09923258424
0.7186376452 0.104086034
0.7207167149 0.1077404767
0.7221964598 0.1122411638

