0.7345531583 0.4439156651
0.7337952852 0.442255497
0.7354507446 0.4398009777
0.7362906337 0.4345968962
0.7376781106 0.4275352955
0.7402224541 0.4220037162
0.7428638339 0.4162214994
0.7454009056 0.4100289345
0.7481527328 0.4052784443
0.7503429055 0.4017906189
0.7516263723 0.399543643
0.7533215284 0.4005070925
0.755182445 0.4028232098
0.7565231323 0.4054858983
0.7577986717 0.4086459279
0.7597022057 0.4132273197
0.7621439099 0.4196738005
0.7643408775 0.4258902073
0.7663778067 0.4318116307
0.7687219381 0.4381788969
0.7711023092 0.4450095892
0.7730191946 0.4507108331

