0.5718159676 0.8751430511
0.5721474886 0.8730418086
0.5702306032 0.8700249195
0.5710529685 0.8667389154
0.5711424947 0.8630333543
0.5701712966 0.8580257297
0.568015933 0.8521263599
0.5669910908 0.8460955024
0.5664331913 0.8403557539
0.5663606524 0.8349694014
0.5660971999 0.8297384381
0.5659792423 0.8253003359
0.5658615232 0.822445035
0.5659149289 0.8214726448
0.5654185414 0.8209651709
0.5640167594 0.8208547235
0.562070787 0.8229401708
0.5601308346 0.8264735937
0.5581370592 0.8305327296
0.5551033616 0.8362323046
0.5521439314 0.8418534994
0.549377799 0.8481188416
0.5463382006 0.8538107276
0.5442416072 0.8600903749
0.541759789 0.8655560017
0.5400315523 0.8709746599
0.5380544066 0.8746839166

