0.7386653423 0.8478542566
0.7374091148 0.846999824
0.7371554375 0.8438165188
0.737854898 0.8412245512
0.7380042672 0.8373616934
0.7379943132 0.8311371803
0.7390004992 0.8260453343
0.7404045463 0.8207303286
0.7416479588 0.8151475787
0.7429897785 0.8101828694
0.7446035743 0.8062703013
0.7461859584 0.8036402464
0.7476404309 0.8016043901
0.7493578196 0.8015123606
0.7515461445 0.8028147221
0.7538580298 0.8043786287
0.756064415 0.8069646955
0.7589111924 0.811311841
0.7615829706 0.8158335686
0.7641277909 0.8204035759
0.7663496733 0.8262319565
0.7689800262 0.8321843147
0.7716653347 0.8381437063
0.7741503716 0.8424990177

