0.8765779734 0.679374516
0.8763381243 0.679543376
0.8771092892 0.6792452335
0.877799511 0.6775276661
0.8786895275 0.6734077334
0.8789180517 0.6707558632
0.8792308569 0.6683282852
0.8800381422 0.6661854982
0.8818861246 0.6620334387
0.8829994202 0.6597194672
0.8839364052 0.6571308374
0.8853294253 0.6521106958
0.8863927722 0.649756372
0.8872643709 0.6476325393
0.8880503178 0.6456233859
0.8893600106 0.6427854896
0.8898979425 0.6416831017
0.8902796507 0.6413165331
0.8906247616 0.6405224204
0.8908290863 0.6408846378
0.890997529 0.6415058374
0.8913894892 0.6426076889
0.8918634057 0.6439814568
0.8933591843 0.6488519907
0.8933591843 0.6488519907
0.8951910734 0.6526783705
0.8973913789 0.6582465172
0.9009145498 0.6644608974
0.9044876099 0.6707469821
0.9079483151 0.6764206886
0.910337925 0.6822890043
0.9123868942 0.6870802045

