0.7426370382 0.8649269938
0.7430143356 0.8615121841
0.7431884408 0.8557678461
0.7440612316 0.8506520987
0.7462483048 0.844625473
0.7479174137 0.8396422863
0.7493650913 0.8343216777
0.7504723668 0.8296661377
0.7514277697 0.8261586428
0.7522248626 0.8240848184
0.7531979084 0.8238578439
0.7544510961 0.8250330091
0.7558290958 0.827942729
0.7574843764 0.8310084343
0.7596857548 0.8354486227
0.7623101473 0.8406540155
0.7651114464 0.8460069895
0.7675863504 0.8512070179
0.7698687911 0.8561187983
0.7712439895 0.8610805273

