0.5343194604 0.9481660724
0.5341668129 0.9482662082
0.534558773 0.9458098412
0.5351593494 0.9414765835
0.5360614657 0.9370288253
0.5374270678 0.9329687953
0.5392753482 0.928257823
0.5410522223 0.9220193624
0.5424884558 0.9161330462
0.5440194011 0.9113502502
0.5457279086 0.905827105
0.5470772982 0.9001759887
0.548091352 0.8952586651
0.5496577024 0.8914220333
0.5511399508 0.8876026273
0.5524607897 0.8844348788
0.5535104871 0.8817579746
0.5547820926 0.8802287579
0.5556131601 0.8797015548
0.5567370057 0.8794996738
0.5576159358 0.8806590438
0.558346808 0.882584095
0.5590705276 0.8851823211
0.5596756935 0.8890259266
0.5602904558 0.8929714561
0.5612112284 0.8980103731
0.5621945262 0.903504014
0.5635755062 0.9097518921
0.5650587678 0.9163423777
0.5675644875 0.9225369692
0.5708589554 0.9287010431
0.5743673444 0.9336695671
0.5779663324 0.937990427
0.5815522075 0.9415465593

