0.5358466506 0.8682234287
0.5361751318 0.8627654314
0.5349550843 0.8626012206
0.5364189744 0.8600441813
0.5370669365 0.8538826108
0.5378647447 0.8484507203
0.5395562649 0.8434140682
0.5412105918 0.8354850411
0.5426771641 0.8278583884
0.5444972515 0.821118772
0.5465290546 0.8150299191
0.5480129719 0.8098025322
0.5501512289 0.807107091
0.5527296662 0.8051983118
0.5552364588 0.8047786355
0.5579141378 0.804712534
0.560002923 0.805375278
0.5616073608 0.8075348139
0.5634319782 0.8127552271
0.5652716756 0.817802906
0.5676355362 0.8240535855
0.5691473484 0.8307110667
0.5727666616 0.840175271
0.5760397911 0.847764194
0.5796052217 0.8547942638
0.5830553174 0.861040175

