0.7478022575 0.7784904838
0.7475087047 0.7795543671
0.7450811863 0.7813737988
0.7401640415 0.7816017866
0.7373070717 0.7818065286
0.7331770658 0.7832438946
0.7293046117 0.7864773273
0.7260228992 0.7909548283
0.7244178057 0.7957062721
0.7251969576 0.800156951
0.727887094 0.8046720624
0.7329672575 0.809669435
0.7424451113 0.8143465519
0.7527424693 0.818838954
0.7645277977 0.822445035
0.7751607895 0.8253337145
0.7846289277 0.8276346922
0.7949945331 0.8299655914
0.80779773 0.8311915994
0.820561409 0.8311861753
0.8284846544 0.8276526332
0.8267149925 0.817365706
0.8269256353 0.8081374168
0.828328073 0.8012197018
0.8278648257 0.7941095829
0.823138833 0.7876088619
0.8168193698 0.7819961905
0.8099523783 0.7773159742
0.8047442436 0.7734408379

