0.7254983187 0.7442968488
0.7235105038 0.7474425435
0.7207401395 0.749730587
0.7165875435 0.750590086
0.7133507729 0.7521746755
0.7106124163 0.7563914657
0.709433198 0.7617689371
0.710454464 0.7672103643
0.712054193 0.7727524638
0.7149790525 0.7772824764
0.7171360254 0.7817232609
0.7214195728 0.7875413895
0.727427721 0.7931106091
0.7341109514 0.7966272831
0.7393251657 0.7975772619
0.7448952794 0.7996554375
0.7519599199 0.8012080193
0.7596065998 0.8021883965
0.7668471336 0.8019939661
0.7734662294 0.8002018929
0.7783998251 0.7967853546
0.7843687534 0.7935342789
0.7897078395 0.7894226313
0.7932760715 0.7849968076
0.7949090004 0.779396534
0.7951269746 0.7722746134
0.7939153314 0.7648864985
0.7929647565 0.758731246
0.7900805473 0.7538622618
0.7864903212 0.7500394583

