0.8548375964 0.1537567377
0.8491781354 0.1530146301
0.8424010873 0.1517120451
0.8390905857 0.1540340036
0.8409702778 0.1625977755
0.8456782699 0.1754829288
0.8536512852 0.1849659383
0.8640273809 0.1921866983
0.8777055144 0.2004278302
0.8927466273 0.2070474029
0.9045093656 0.2059313059
0.9182061553 0.2052322775
0.93121171 0.2025394738
0.9373795986 0.1949316859
0.9391828775 0.1848054528
0.9362715483 0.1753972918
0.9266622066 0.1683582664
0.9146403074 0.1628779024
0.9034156799 0.1613970548
0.8946648836 0.1643676162

