0.5194316506 0.4084246755
0.5187836289 0.4155200124
0.5183873773 0.422632128
0.5197563767 0.429494679
0.5226656199 0.4368090332
0.5268338323 0.4429389834
0.5310075283 0.4487346411
0.5356525779 0.4504675269
0.5399070978 0.4529468417
0.5464959145 0.4533887804
0.5529275537 0.4538518488
0.5592828393 0.4522256851
0.563924849 0.4487348199
0.5684213638 0.4457946718
0.5732486248 0.4407835901
0.5755789876 0.4346445799
0.5764986277 0.4276647568
0.5751135349 0.420374155
0.5731509328 0.4141141474
0.570374012 0.4084885418

