0.506200254 0.2227724791
0.5091848373 0.2229123563
0.5156469345 0.2249457389
0.5203283429 0.225731954
0.525788486 0.2249729782
0.5307207108 0.2250701487
0.5382407904 0.2254806459
0.5455600619 0.2263783514
0.5548260808 0.2272285521
0.5618352294 0.2270539552
0.5675276518 0.2260573208
0.5709881186 0.2247689068
0.5722228885 0.2235454619
0.5707256198 0.2221033424
0.5679759979 0.2206909806
0.5611686707 0.2191210687
0.5541372895 0.2173094153
0.5460250974 0.2151536644
0.5384994745 0.2120286822
0.531744957 0.2088509202
0.5263913274 0.20554322
0.5248989463 0.2017821968
0.5256365538 0.1995726377
0.5289406776 0.1976444125
0.5332195759 0.1956541389
0.5409376621 0.1941150129
0.5496681929 0.1923750192
0.5571148396 0.1902139038
0.5645353794 0.1872405112
0.5693491101 0.1854155958
0.5701339245 0.1838979274
0.5715677738 0.1823397577
0.5676799417 0.1785146892
0.5600072742 0.1730198711
0.5521914959 0.1679938287
0.5440146923 0.1633283943
0.5369511843 0.1593309641
0.5306047201 0.1576303542
0.5244432688 0.156333819
0.5183791518 0.1531159133

