0.7665399313 0.5270040035
0.7699602842 0.5273969173
0.7747749686 0.5276039243
0.779854238 0.5276304483
0.7840770483 0.5261823535
0.7900148034 0.5251532197
0.7972323895 0.5247662067
0.8054842949 0.5248176455
0.8129788041 0.5246614218
0.8200039268 0.523448348
0.8264803886 0.5225119591
0.8317744732 0.5213483572
0.8341642618 0.520314455
0.8330204487 0.5184676647
0.8295173049 0.5165715218
0.8244612217 0.5148271918
0.818375349 0.5130932331
0.8113924265 0.5106487274
0.803812921 0.5075515509
0.7973062992 0.5048434138
0.7920870185 0.5022861362
0.7879746556 0.4998009801
0.7849847078 0.4974824488
0.7836167812 0.4951532185
0.7828298807 0.4931422472
0.7830975652 0.4913772345
0.7840617895 0.4893386364
0.7861616611 0.4879218042
0.7900720835 0.4869786203
0.7951985598 0.4859973192
0.8011602163 0.4845529199
0.8079106808 0.4830917716
0.8141597509 0.4825933278
0.8204575777 0.483042866
0.8254762888 0.483520031
0.8280482292 0.4817879796
0.8278018236 0.4785100222
0.824701786 0.4765474498
0.8202884197 0.4752278924
0.8141553402 0.4730819464
0.8068237305 0.4698060155
0.798807621 0.4667255282
0.7905777097 0.4634975791
0.7818243504 0.4597813785
0.7737845182 0.4561960101
0.7666326761 0.4523380399

