0.5975672603 0.4608812928
0.6126627922 0.4589214921
0.6176764965 0.4568561316
0.6176764965 0.4568561316
0.6247139573 0.4568689466
0.63375175 0.4587004185
0.641032815 0.4592759013
0.6470686197 0.4569809139
0.6531202793 0.4563009739
0.6599627137 0.4571385384
0.6657685041 0.4578948617
0.6672215462 0.4560638964
0.6667159796 0.4536255896
0.6620771885 0.4513043463
0.6585872769 0.4498128891
0.6516898274 0.4475240111
0.6450849175 0.4444898963
0.6382550001 0.4409649372
0.6319895983 0.4370800257
0.6272463799 0.4332081974
0.6238523722 0.4302816391
0.6218816638 0.4280875325
0.6210733652 0.4254027009
0.6219149828 0.4231747985
0.6233735085 0.4211615026
0.6273860931 0.4201962948
0.6313924789 0.4195680618
0.637300849 0.4189344049
0.6428464055 0.417894423
0.6483252048 0.4168403149
0.6541334391 0.4166162014
0.6599045992 0.4166266918
0.6633253694 0.4162237048
0.662737906 0.4143328071
0.6592325568 0.41132164
0.6543913484 0.4079589844
0.6495578289 0.4051764905
0.642873764 0.401819855
0.6352937222 0.3981384635
0.6276188493 0.3938499391
0.620889008 0.3895779848
0.6145864725 0.3859561086
0.6093938351 0.3827208877
0.6047302485 0.3796257973

