0.7391515374 0.274143517
0.7418141365 0.2740535438
0.7461392879 0.2752192616
0.754196763 0.2774416208
0.761707902 0.2783436775
0.7704652548 0.2779341936
0.7776581049 0.2774030566
0.7871736884 0.2786203623
0.7971950769 0.2817820013
0.8038138747 0.2835764587
0.8038138747 0.2835764587
0.8052052259 0.2807742357
0.7942009568 0.2732308507
0.7791417241 0.2667869925
0.7652316093 0.2585712969
0.7551158667 0.250225842
0.7520996332 0.2424731553
0.7559076548 0.2368091643
0.7625153661 0.2347085178
0.7740799785 0.236040622
0.7879604697 0.237614423
0.800414741 0.2368668765
0.8018864393 0.2342434078
0.794033885 0.2275393158
0.7822297215 0.2188192308
0.7648015022 0.2081503272
0.7506430149 0.1999499947
0.738977015 0.1930411756
0.730017662 0.1858770698

