0.7297613025 0.5331693292
0.730276823 0.5319123864
0.7354055047 0.5335783362
0.7415854931 0.5345492363
0.7473634481 0.5338916779
0.7502300739 0.533000946
0.7543033957 0.5321312547
0.7611579895 0.5334179401
0.7698372006 0.5352722406
0.7777153254 0.5351737142
0.7834776044 0.5340923667
0.7885458469 0.5327885747
0.7945330739 0.5334551334
0.8010742664 0.5358392
0.8071535826 0.5363405347
0.8084179163 0.5342516899
0.8086313009 0.5318458676
0.8057512045 0.5283783674
0.8028380871 0.5269132853
0.7979144454 0.5248849392
0.7905540466 0.52177912
0.7821919322 0.5178380609
0.774443388 0.5141712427
0.7682404518 0.5116891861
0.7621019483 0.5085505247
0.7573182583 0.5053982139
0.7540688515 0.5018935204
0.7530145645 0.4988402426
0.7521847486 0.496535331
0.7532644272 0.4947489202
0.7554212213 0.4935801625
0.7589569092 0.4931778312
0.7627709508 0.4922333956
0.7679836154 0.4913462996
0.771314919 0.49127087
0.7776573896 0.4906909466
0.7842150927 0.4906274378
0.7909486294 0.4906485677
0.798014164 0.4900135994
0.8041334152 0.4891268015
0.8100866079 0.4886169434
0.8142027855 0.4881576896
0.8161879778 0.4861569405
0.8142855167 0.4825720191
0.8094351292 0.4786909819
0.8040468693 0.4756644964
0.7983466983 0.4725458026
0.7901383638 0.4674764872
0.7805464268 0.4611471295
0.7715578079 0.4558543563
0.7646054029 0.4525108635
0.7573078871 0.4493440986
0.7509527206 0.4456833601
0.7467837334 0.4419797957

