0.504981339 0.1575948
0.5073541999 0.1559139937
0.5099095702 0.1525507867
0.5151793361 0.1507201493
0.5234779119 0.1523580104
0.5317041874 0.1532536745
0.5403544903 0.153179571
0.5469403267 0.153524816
0.5545470715 0.1545330882
0.5614363551 0.1568010747
0.5649383068 0.1595760435
0.5679541826 0.1583725512
0.5633612275 0.1527530551
0.5565572977 0.1484659165
0.5507077575 0.1438468248
0.542193532 0.1382730752
0.5338795781 0.1323928982
0.5267241001 0.1266000718
0.5256249905 0.1236992702
0.5278749466 0.1232013255
0.5342228413 0.1251735389
0.5429120064 0.1261453032
0.5543249249 0.1258796006
0.5620681047 0.1219973415
0.5589145422 0.1122528538
0.5516968966 0.09956409037
0.545072794 0.08854480833
0.5342390537 0.07900623232
0.5182102919 0.06851752102
0.5044337511 0.06177134439

