0.8513926864 0.4001312256
0.8503695726 0.3984404206
0.8516030312 0.3990835547
0.8570604324 0.4009352922
0.8678362966 0.400891453
0.8762527108 0.4004762471
0.8845174313 0.4008793533
0.892343998 0.401728034
0.9017084837 0.4026508629
0.9137793779 0.4033856392
0.9254370928 0.4024245739
0.9322680235 0.4014536738
0.9374209046 0.4015592039
0.938903749 0.4007568657
0.9409980178 0.3996386528
0.9402707815 0.3974723816
0.9325966835 0.3947103024
0.9244487882 0.3914518356
0.915790379 0.3888962865
0.9076257348 0.3871644139
0.8979515433 0.3836472631
0.8887472153 0.3795033693
0.8811343908 0.3753732145
0.8776834011 0.3709698915
0.8772804737 0.3684935868
0.8814178109 0.3672176301
0.8847426176 0.3662128747
0.8877016306 0.3651915789
0.8959187269 0.3654018641
0.9047138691 0.3661746383
0.9151502252 0.36673069
0.9263092279 0.3677705526
0.9332822561 0.3674215078
0.9380115271 0.3661777973
0.9432546496 0.3643836975
0.9452788234 0.3624165654
0.9393113256 0.3592363894
0.9282867908 0.3548746705
0.9198486209 0.3504138887
0.9114587307 0.3460063934
0.9016207457 0.3417138457
0.889821291 0.3363049626
0.8785339594 0.3292880058
0.8684116602 0.3209770322
0.8607675433 0.3140931427
0.8559036851 0.3084338009

