0.633035183 0.8952823281
0.6342172623 0.8959261775
0.638454318 0.896260798
0.6424178481 0.8954154849
0.647072196 0.8955385685
0.6540853381 0.8937883377
0.6609820127 0.8937744498
0.6688656211 0.894082725
0.6775946021 0.8941338658
0.6852383614 0.8930200338
0.6927001476 0.8913119435
0.6988751888 0.8867385387
0.7034327984 0.8845128417
0.7074061036 0.8836763501
0.7073982954 0.8845685124
0.7085313201 0.8850845098
0.7086058855 0.8841490746
0.7066267729 0.8822788
0.7010022998 0.8793559074
0.6953676939 0.876404345
0.6889743805 0.874078393
0.68263942 0.8713834286
0.6772596836 0.8687452078
0.6716674566 0.8658325672
0.6670044661 0.8622566462
0.6631582379 0.8592669964
0.6604648232 0.8563475609
0.6598989964 0.8544433713
0.6603580713 0.8530133963
0.6610440612 0.8516509533
0.6636927724 0.8509944677
0.6670288444 0.8497503996
0.6711300015 0.8483098149
0.6768887043 0.8470931649
0.682241261 0.8462707996
0.6887139678 0.8455790281
0.6951633692 0.8451083899
0.6997359991 0.8448534608
0.7019791603 0.8439484239
0.7026205063 0.8417292833
0.7025015354 0.8396667242
0.6999502182 0.8371402025
0.6924291253 0.8342764974
0.6802920699 0.8297231197
0.6673411727 0.823415637
0.655901134 0.8174849153
0.6456717253 0.811932683

