0.7943041325 0.7487128973
0.7990070581 0.7470430136
0.8048245907 0.7465156317
0.8115170598 0.7459838986
0.818218708 0.7461428046
0.8278676271 0.7481342554
0.8386861682 0.749370873
0.8483147621 0.7498825192
0.8575624228 0.749535203
0.8643795848 0.7483594418
0.8675175309 0.7474544644
0.8698815703 0.7463046908
0.8702354431 0.7451017499
0.8661189079 0.7446724772
0.8623172045 0.7445075512
0.8576053977 0.7438954115
0.8519903421 0.7426693439
0.8462229967 0.7398388386
0.8415191174 0.7373218536
0.8362694979 0.7340149879
0.8322167397 0.7308570147
0.8288480639 0.7280220389
0.8276455402 0.7253625989
0.8279716372 0.7229437828
0.8294472694 0.7208403945
0.8334377408 0.719153583
0.8374190331 0.7173885703
0.8423733711 0.7164503336
0.8480682373 0.7153958678
0.8555833697 0.7143087387
0.8642320633 0.7143186331
0.8725035191 0.7144755125
0.8772646189 0.7132053375
0.8789020777 0.7103019953
0.8769057989 0.7055549622
0.8742400408 0.7016958594
0.8665683866 0.6990859509
0.8593875766 0.6969739795
0.8496198654 0.6939346194
0.8379532099 0.6893863678
0.8240533471 0.6839514375
0.8135275841 0.6784210205
0.8059889078 0.6732931733

