0.6275366545 0.6090022922
0.6309742928 0.6072357893
0.6357546449 0.605158627
0.641107738 0.6033254862
0.6473915577 0.6029689908
0.6546512842 0.6035846472
0.6637178659 0.6047403216
0.6728930473 0.6051430106
0.6794195175 0.604914248
0.6832565069 0.6045644283
0.6852830648 0.6038563848
0.6838738918 0.6015068293
0.6813611984 0.59918046
0.6733182669 0.5961642861
0.6655504107 0.5933991671
0.6579662561 0.5900192857
0.650454998 0.5864282846
0.6423975229 0.5825539827
0.6367189288 0.5798833966
0.6340355277 0.5780137777
0.6350370646 0.5761439204
0.6358783245 0.5738348365
0.6401386261 0.5715427399
0.6441107988 0.5705812573
0.6489016414 0.5695608854
0.6574808359 0.5691583157
0.6648799777 0.5682085752
0.671659708 0.5669879317
0.6771722436 0.5656768084
0.6818207502 0.5645653009
0.6840693355 0.5630384684
0.6838768721 0.5606166124
0.6807081699 0.5571891069
0.6745301485 0.5531218648
0.6657992601 0.5490808487
0.6558996439 0.5454188585
0.6479184031 0.541734159
0.6388207078 0.5377592444
0.6304183006 0.5330854654
0.6229462624 0.5278973579
0.6168804765 0.5231980681
0.613094151 0.5188333988
0.6121713519 0.5162514448

