0.5605140328 0.6038709879
0.5649330616 0.5878528357
0.5655089021 0.5749445558
0.5633195639 0.5607672334
0.5616653562 0.5484364033
0.5555968285 0.5442855358
0.5499325991 0.5416864157
0.5435578823 0.5407493711
0.5334037542 0.5524086952
0.5192426443 0.5806896687
0.5061419606 0.6173908114
0.5136453509 0.6209740639
0.5264205933 0.6098715663
0.5357400775 0.5944031477
0.5438175201 0.5896748304
0.5543934107 0.5841300488
0.5658559799 0.5803049207
0.5704754591 0.5886853933
0.564311862 0.6191703081
0.5594314933 0.6311174035
