0.820720911 0.5001063943
0.8216394186 0.5091566443
0.8168160915 0.5185112953
0.8019657135 0.5263686776
0.7870184183 0.5394327641
0.7641996145 0.5441402793
0.7370710969 0.5448423028
0.7070794106 0.5404205918
0.6764983535 0.5284269452
0.6456528902 0.5160986781
0.6183378696 0.5017797351
0.5974105597 0.4864307046
0.5840950608 0.4714287221
0.5751546621 0.4553746283
0.5735239983 0.4399435818
0.5776720643 0.4248566926
0.5904570222 0.4105557799
0.6092656255 0.3999498487
0.6344437003 0.3924880028
0.6626278758 0.3895656466
0.6907145381 0.3905102313
0.7233073115 0.3969677687
0.7506524324 0.4063477218
0.7748980522 0.4233919978
0.7921680212 0.4479621649
0.8047162294 0.472142756
0.8008970022 0.4889987111
0.7883594632 0.5024908781
0.7801098228 0.516214788
0.7647424936 0.5251672268
0.7485330105 0.5265256166
