0.9242237806 0.4188972116
0.9257470965 0.4203256369
0.9274612665 0.4220719934
0.9277427793 0.4229490757
0.9228519201 0.4242708981
0.9104664922 0.4222846031
0.9010294676 0.4198236763
0.8923952579 0.4154436588
0.886033535 0.4111248255
0.8854589462 0.4077947438
0.8859733343 0.4025996625
0.8862501383 0.3964363337
0.88986063 0.3918594718
0.8949722648 0.3881046772
0.8999857903 0.3855383992
0.905328393 0.3849410713
0.9122374058 0.388171941
0.9170260429 0.3937556744
0.9210990071 0.4031108916
0.9232786894 0.4119296074
0.9219727516 0.4195249379
