0.6206843257 0.210167259
0.6223247647 0.21038118
0.6236408353 0.210931465
0.6222516298 0.2104454637
0.6211001873 0.2105124742
0.6201834679 0.2111280262
0.6193211675 0.2120568454
0.6168736219 0.2128309906
0.6136860847 0.2127260566
0.6115834117 0.2128407061
0.6094297767 0.2124522626
0.6061452627 0.211764425
0.6025794148 0.2115146667
0.5995920897 0.2106082141
0.5965468884 0.2094363123
0.5933615565 0.2078983784
0.5904434323 0.2063030899
0.5880161524 0.2042377442
0.5855610967 0.2021617293
0.5838131905 0.1995634139
0.582360208 0.1969799697
0.5816081166 0.193928495
0.5812423825 0.190884769
0.5824556947 0.1878191084
0.5839220285 0.1847902983
0.5862817764 0.1822222471
0.5892235041 0.179575935
0.5931680202 0.178080067
0.5975376368 0.1767911315
0.6020971537 0.1757478863
0.6069675684 0.1755098253
0.6120039821 0.1754369289
0.616548121 0.1764633358
0.6202927232 0.1783396602
0.6231364012 0.1807094961
0.6255711317 0.1835820675
0.6270389557 0.1868096888
0.6278586984 0.1897562295
0.6278303862 0.193176657
0.6270774603 0.1972926259
0.6263723969 0.200443849
0.6253762245 0.2034971416
0.623822093 0.2068093717
0.6218957901 0.2093712687
0.6198896766 0.2111685276
