0.6460145116 0.8978841305
0.6458246708 0.9001745582
0.6448326707 0.9025119543
0.6424814463 0.9039335251
0.6392647624 0.9044495821
0.6360992193 0.9049053192
0.6325602531 0.9064782262
0.6292136908 0.9077218771
0.6260508299 0.9085415602
0.6232330799 0.9081913233
0.6204977036 0.9081532955
0.6180391312 0.9080322385
0.6157093048 0.9070819616
0.6136553288 0.905498147
0.6118636131 0.904084444
0.6104774475 0.9024915099
0.60914886 0.9011408091
0.6081888676 0.8989853859
0.6074827909 0.896479845
0.6077729464 0.8940478563
0.6088861227 0.8915370703
0.6106619835 0.8887685537
0.6131568551 0.8864678144
0.6160947084 0.8849865198
0.6194050312 0.8842027187
0.6227724552 0.8837713599
0.6264337897 0.8837108612
0.6305644512 0.8843864202
0.6340545416 0.8847637177
0.637078464 0.8858811855
0.6394045353 0.8876712918
0.6409049034 0.8898618221
0.6407612562 0.8921064138
0.6402959824 0.8948787451
0.6388887167 0.8979403973
0.6364235878 0.9005734921
