0.7705538273 0.6995020509
0.7703068256 0.6996757984
0.76957798 0.7010855079
0.7677617073 0.702747345
0.7622780204 0.704066515
0.7568435669 0.7054641247
0.7524168491 0.7072856426
0.7474853992 0.7082104683
0.7421889305 0.7082235813
0.7377605438 0.7080413699
0.7343534231 0.7072399259
0.73046875 0.7059170008
0.7257711887 0.7035363913
0.7220408916 0.7013418078
0.7188944221 0.6984134912
0.7165021896 0.6957568526
0.7160886526 0.6923441887
0.7156231403 0.6881852746
0.716992557 0.6850527525
0.7186201811 0.6814539433
0.7210606337 0.6787416935
0.725708127 0.6766473651
0.7308734655 0.6751512289
0.7357457876 0.6744339466
0.7419371605 0.674826026
0.7484214306 0.6754088998
0.7546232939 0.6771306992
0.7597981691 0.6787683368
0.7648227215 0.6811289787
0.7707567215 0.6836293936
0.7756501436 0.6862908602
0.7788524628 0.6890725493
0.7808787227 0.6916842461
