0.9010641575 0.6384695172
0.9010641575 0.6384695172
0.9010641575 0.6384695172
0.9023190737 0.637198627
0.9048235416 0.6356778145
0.9065333605 0.6347054243
0.9091614485 0.6340693235
0.9108079672 0.6338330507
0.9139866233 0.634376049
0.9158967733 0.63491714
0.9180286527 0.636103332
0.9188594222 0.6369977593
0.9202069044 0.6385065913
0.9210208654 0.6400721073
0.9219641685 0.6417664886
0.9236643314 0.6445109248
0.9249879122 0.6467628479
0.926943779 0.6500300765
0.9281459451 0.6524476409
0.930206418 0.6569232345
0.9315876961 0.6598160267
0.9331537485 0.6645643711
0.933219254 0.6678567529
0.9332661033 0.6728608608
0.9329795837 0.6752461195
0.9312771559 0.6799603105
0.9295628667 0.6834491491
0.925756216 0.688162446
0.9218068123 0.6903907061
0.915720582 0.6924912333
0.9115363955 0.6931893229
0.903757453 0.6913644671
0.8992456198 0.6896990538
0.8955205679 0.6874592304
0.892796874 0.6847220659
0.8912681341 0.6792254448
0.8907729387 0.6754179001
0.891056776 0.6709419489
0.8924486041 0.6638303995
0.8946705461 0.659879446
0.899512291 0.6560413837
0.9028863311 0.6555669308
0.9067351818 0.6572957635
0.912373662 0.6597032547
0.9161553979 0.6625547409
0.9197218418 0.6650310159
0.9219624996 0.6685653329
