0.6302727461 0.853315115
0.6306595802 0.8540036678
0.6314989328 0.855307579
0.6308345199 0.8555022478
0.6291505098 0.8559588194
0.6264101267 0.8574089408
0.6239123344 0.8592432141
0.6206151843 0.8605287671
0.6171020269 0.8601320982
0.6141403317 0.8598139286
0.6110037565 0.8591673374
0.6080170274 0.8582879305
0.6057145 0.8568749428
0.6036376953 0.8552083373
0.6020429134 0.8533534408
0.6007627249 0.8512716889
0.600659132 0.8486228585
0.6012355089 0.8458157778
0.603096664 0.8426986933
0.6051387787 0.8396761417
0.6082639694 0.8374375105
0.6119062304 0.8361303806
0.6152843237 0.8352627158
0.6182825565 0.8351043463
0.6214186549 0.8356904984
0.6239393353 0.8366968036
0.6257698536 0.8386136889
0.6272562742 0.8405452967
0.6284892559 0.8434317112
0.6285972595 0.8464347124
0.6275984049 0.8503433466
0.6262428761 0.8542528152
