0.7536866665 0.3531656861
0.7564364672 0.3516742289
0.7582085133 0.3524369299
0.7593115568 0.3532495201
0.7565879226 0.3549835086
0.7516578436 0.3573412299
0.7452251315 0.3594575226
0.7380332351 0.3600724638
0.7302318215 0.359721452
0.72380054 0.3579496145
0.7191289663 0.3547332883
0.7149769068 0.3515739441
0.7118481398 0.3481697142
0.7105869651 0.3451387286
0.7102817893 0.3414413333
0.7109462619 0.3374655545
0.7126742005 0.3337807059
0.7174774408 0.329890728
0.7236907482 0.3256693482
0.7306983471 0.3208144903
0.7379505634 0.3173519671
0.7455935478 0.3143038154
0.7544121742 0.3137303293
0.7617913485 0.3137453794
0.7675745487 0.3171291649
0.7714195251 0.3217586875
0.7720574141 0.3278677464
0.7711113691 0.3339535594
0.7689262033 0.3407808542
