0.9215630293 0.9663563967
0.9252548814 0.9171051383
0.9252548814 0.9171051383
0.9252548814 0.9171051979
0.9264839292 0.9166348577
0.927633822 0.9162960052
0.9283498526 0.9164252281
0.929102838 0.9171442389
0.9304157495 0.9183238745
0.9329445362 0.9196732044
0.9337178469 0.920050621
0.9338452816 0.9206656218
0.9343190193 0.921500206
0.9351215959 0.9227748513
0.935539782 0.9240428209
0.9365685582 0.9283596873
0.9378265142 0.9309651852
0.9389361143 0.9334888458
0.9395015836 0.9360711575
0.9401547909 0.9385941029
0.9407160282 0.9415020943
0.9413874745 0.9441300631
0.9408797622 0.9490240812
0.939899683 0.9513024092
0.9389207363 0.9528154731
0.9377675653 0.9537447691
0.9358293414 0.955001533
0.9329530001 0.9556211829
0.927967906 0.9561872482
0.9229395986 0.9560701251
0.9229395986 0.9560701251
0.9170486331 0.9550752044
0.9114080667 0.9527871013
0.9065190554 0.9500241876
0.9024764299 0.9463953972
0.9003820419 0.9417234659
0.8995844126 0.9357522726
0.9003959298 0.9300774336
0.9029430151 0.9252489209
0.9072550535 0.9208326936
0.9119362235 0.9177802205
0.9174379706 0.9156216383
0.9227811098 0.9154998064
0.9279111624 0.9172172546
0.9322364926 0.9202730656
0.9362108707 0.925809145
0.93954283 0.9332395196
0.9411329031 0.9382436872
0.9386763573 0.9448484778
