0.619910121 0.8094400764
0.6217446923 0.809017539
0.6228595972 0.8102613688
0.6219577789 0.8114543557
0.6193016768 0.8128138781
0.6159527898 0.8144837618
0.612059176 0.8162207603
0.6077519059 0.8173184991
0.6037259102 0.8177583814
0.5995908976 0.817506969
0.5956426859 0.8169568181
0.5922527313 0.8160711527
0.5898907781 0.8144510984
0.5880120993 0.8123266101
0.5869229436 0.8100684285
0.5870364904 0.8076013327
0.5875419974 0.8046373725
0.5885396004 0.8014625311
0.5901784301 0.798414886
0.5921263099 0.795527041
0.5939272642 0.7933058739
0.5964303017 0.7916274667
0.5995986462 0.7914529443
0.6032381654 0.7922174335
0.6062421799 0.7927293181
0.6090056896 0.7936075926
0.611219883 0.795563221
0.6135994196 0.7981215119
0.6147962809 0.8009116054
0.6150034666 0.8027656078
0.6147106886 0.8051197529
0.613535881 0.8078626394
0.6112516522 0.809886992
0.6091977358 0.8108932972
