0.8435856104 0.1592145115
0.8429555893 0.1629867405
0.8432765603 0.1684236526
0.8386436105 0.1721301377
0.8292065859 0.1724866778
0.8192452788 0.1698136926
0.8097069263 0.1655879915
0.7992971539 0.1588872671
0.7917669415 0.1522043645
0.7871688604 0.1447760165
0.7866536379 0.1374081373
0.7909846306 0.1322661936
0.7975457311 0.1288318336
0.804076314 0.1271272302
0.8105074763 0.1257549673
0.8217544556 0.1313441396
0.8321554661 0.1391384304
0.8384189606 0.1460438967
0.8445275426 0.1542292088
0.8494009972 0.1614491791
