0.9072839618 0.7264111638
0.9117581844 0.7320715189
0.9185521007 0.7429710627
0.9069932103 0.7451643944
0.885371685 0.7400151491
0.8710750937 0.7400785089
0.8599820137 0.7510322332
0.8468683362 0.7597715855
0.8338956237 0.7648919821
0.8231882453 0.7702783942
0.8114613891 0.7756057978
0.7994818091 0.7799648643
0.7883380651 0.7835963368
0.7741887569 0.7842345834
0.7601184249 0.783506155
0.7471749783 0.7844014764
0.7339653373 0.7848011851
0.7176060677 0.7789524794
0.7012025118 0.7741158009
0.6875572205 0.7692348957
0.6726267338 0.7625502348
0.6593796611 0.7550254464
0.647218585 0.7468540668
0.6352271438 0.7367572188
0.6237336993 0.7280626297
0.6149772406 0.7178388238
0.6074208021 0.7070896029
0.6028208137 0.6961746812
0.6029677987 0.6841323376
0.6042642593 0.6717084646
0.606302619 0.6591508985
0.610730052 0.647624433
0.6161962748 0.6356559992
0.6215840578 0.623590827
0.6285454035 0.6140903234
0.6387611032 0.6052556038
0.6501652598 0.5966646671
0.662014544 0.58787328
0.6772278547 0.5822636485
0.6941429377 0.5799257755
0.7106034756 0.5809218884
0.7250968814 0.5811364055
0.7430583239 0.5861346126
0.7622033358 0.5938944221
0.7784661651 0.6016265154
0.7947264314 0.610997498
0.8116531372 0.621642828
0.8267147541 0.6337758303
0.8400673866 0.6488444805
0.8507195711 0.6608980894
0.8618968725 0.6755849123
0.8724204302 0.6920081377
0.8800699711 0.7168363333
0.8801415563 0.7461621761
