0.7103453875 0.8968198895
0.710847497 0.8987649679
0.711796999 0.9018721581
0.7102722526 0.9027943015
0.7091677189 0.9045393467
0.706918478 0.9047673941
0.7043555379 0.9050381184
0.7009191513 0.9053146839
0.6977720261 0.9048032165
0.6947870851 0.9041106701
0.6913614273 0.9039795399
0.6883963346 0.9037610292
0.6852116585 0.902965188
0.6819482446 0.9009276628
0.6784901023 0.8991429806
0.6755899787 0.8979740143
0.672727704 0.8958536983
0.6701798439 0.8928099871
0.6679125428 0.8900527358
0.6658445001 0.888397336
0.6643165946 0.8862980008
0.6635650396 0.8831165433
0.664563477 0.880540669
0.6664320827 0.8783175349
0.6689854264 0.8757503629
0.6720945835 0.8727963567
0.6760594249 0.8707717657
0.6795669794 0.8692064285
0.6829906106 0.867628634
0.6860533953 0.8671562672
0.6889699697 0.8679789305
0.6917746067 0.8689282537
0.6939154863 0.8708255291
0.6961161494 0.8732633591
0.6973959208 0.8773857355
0.697898984 0.8809551597
0.6980441809 0.8846486211
0.6980068684 0.8893360496
0.6980196834 0.8931535482
0.6968927979 0.8963653445
0.695638895 0.899972558
0.6949142218 0.9036941528
