0.6153909564 0.7297022939
0.6169056892 0.7301145792
0.6171854734 0.7287684083
0.6164546609 0.7295304537
0.6138301492 0.7302138209
0.6106574535 0.730789125
0.606824398 0.7321773767
0.6021205187 0.7329025865
0.5972815752 0.7321989536
0.5931578875 0.7307623029
0.5895691514 0.7295795083
0.5857988596 0.7280624509
0.5822197199 0.7260804772
0.5799332857 0.7240111232
0.5789215565 0.721313715
0.5790977478 0.7186428308
0.5807136893 0.7159454226
0.5833773017 0.7130071521
0.5876265764 0.7096494436
0.5915323496 0.7065504789
0.5963345766 0.704608202
0.6020490527 0.7044234276
0.6067436934 0.7049811482
0.6111481786 0.706048727
0.6154798865 0.7092110515
0.6189213991 0.7118494511
0.6213897467 0.7136768103
0.6227606535 0.716275692
0.6237787008 0.7192362547
0.6231280565 0.7221428752
0.6214712262 0.7241526842
0.6179121137 0.7257893085
