0.5497380495 0.3199926615
0.5510885715 0.321947962
0.5515810251 0.3224954009
0.5488818884 0.3229810894
0.5465880632 0.3237107694
0.543548584 0.3256607056
0.5400946736 0.327726692
0.5351310968 0.328748405
0.5308994651 0.3299727142
0.5257894397 0.3313104212
0.5206462145 0.3319185078
0.5154508352 0.3315281868
0.5111327767 0.33086887
0.5082607269 0.3300353289
0.5050124526 0.3288187087
0.502393961 0.3267587721
0.5016878843 0.3239608109
0.5010328889 0.3212226033
0.5020036697 0.3182168305
0.503731668 0.3149992824
0.5065047741 0.3118797541
0.5111526251 0.3082499504
0.5147257447 0.3036853969
0.5183343887 0.3000878394
0.523193717 0.298394382
0.5277950764 0.2980453074
0.5322233438 0.2979912162
0.5369563103 0.2980545759
0.541621685 0.2996737659
0.544732213 0.3015721142
0.5466700792 0.3034170568
0.5482812524 0.3050857782
0.549248457 0.3069925308
0.5499167442 0.3095528185
0.549179256 0.3118777573
0.5485745668 0.3136763573
0.5467526913 0.3157448173
0.5448685288 0.3170759082
0.5426671505 0.3182782531
