0.6170749664 0.5823612809
0.6179491878 0.5840495825
0.6180161834 0.5855235457
0.616856277 0.5858618617
0.6147868037 0.5865792036
0.6121947765 0.5874465108
0.6084170938 0.5882000923
0.6041747928 0.5875918269
0.5995822549 0.5865517259
0.5950015783 0.5855180025
0.5905797482 0.584100306
0.5865365267 0.582223177
0.5830859542 0.5795845985
0.5806552768 0.5766234994
0.5794995427 0.5729711652
0.5796538591 0.5694667101
0.5810383558 0.5656048656
0.5830233693 0.5619199872
0.5861567259 0.5585408211
0.5897753239 0.5558893681
0.5935940146 0.5536124706
0.5977790952 0.5520946383
0.6019188166 0.551251173
0.6058591008 0.551651299
0.6103157401 0.5524144769
0.6143378019 0.5533874631
0.6179317236 0.5548925996
0.6208567023 0.5571104884
0.6237401366 0.5598127246
0.626188755 0.5632867813
0.6282199025 0.5673196912
0.6291668415 0.5707833767
0.6284932494 0.574149847
0.6267144084 0.5772259235
