0.5565494895 0.2678521574
0.5584176779 0.2685281932
0.5586628914 0.2690934241
0.5581231117 0.2701549232
0.5561957359 0.2705498636
0.5539767146 0.2715922892
0.5507832766 0.2725358307
0.5473225713 0.2730284333
0.5442138314 0.273170054
0.5408352017 0.2728375196
0.5372451544 0.2718057632
0.5338004827 0.2705626488
0.5309553146 0.2694051564
0.5283687115 0.2678711116
0.5251789093 0.266430676
0.5231105089 0.264931649
0.522387743 0.2628954053
0.5214105844 0.2600409091
0.5211910009 0.256993413
0.5219722986 0.2538558245
0.523789227 0.2511108816
0.5256012678 0.2488428801
0.5286941528 0.2476138771
0.5323427916 0.2469007224
0.5362085104 0.2466330528
0.5399557352 0.246709764
0.5439128876 0.2478242368
0.5476402044 0.2488724589
0.5505161285 0.250157088
0.55351758 0.2521077991
0.5560534596 0.2547470331
0.55791682 0.2575865686
0.5585414767 0.2605878115
0.5591411591 0.2639334202
0.5591440797 0.267293036
0.558009088 0.2696125209
0.5555616021 0.2706387937
