0.5174962878 0.576803565
0.518835783 0.5732355118
0.520385623 0.5700909495
0.5236364603 0.5677975416
0.5285732746 0.5665458441
0.533531785 0.5656064749
0.5382666588 0.5646854639
0.5437111259 0.5641291142
0.548963964 0.5643475056
0.5531053543 0.5646277666
0.5558792949 0.5650096536
0.5591020584 0.5660229325
0.5619530678 0.5680071712
0.5644509792 0.5703828335
0.565105319 0.5724037886
0.5663052201 0.5749902725
0.5677682757 0.5780335665
0.5673565865 0.5807545185
0.5665405393 0.5829761624
0.5655738115 0.5849881768
0.5643655062 0.5868912935
0.5627579689 0.5883997679
0.5602849126 0.589674294
0.557885766 0.5914530754
0.5557953119 0.5929626226
0.553534627 0.593796134
0.5512539744 0.5944014788
0.5490544438 0.595351696
0.5468354225 0.5962836742
0.5442274809 0.5966849327
0.5415064692 0.5965653062
0.538975358 0.5964567661
0.5367079377 0.5964012146
0.5344256759 0.5954483747
0.5325763226 0.5944925547
0.5311903358 0.593464613
0.5299418569 0.5924293995
0.5292841196 0.590716958
0.5295556784 0.5886039734
0.5300388336 0.5860612988
0.5307554603 0.5839139819
0.5311463475 0.5817019939
0.5318595171 0.5797075033
0.5321927667 0.5782728195
0.5324499607 0.5775840878
0.5344130993 0.5764101148
0.5353387594 0.5753512383
0.5363190174 0.5749118924
0.5374547839 0.5752652884
0.5386089683 0.5751918554
0.5395233631 0.5750969648
0.5404112339 0.5750924945
0.5411391854 0.5754342675
0.5416973829 0.5755416155
0.5417844057 0.5755268335
0.5416947007 0.5758645535
0.5425716639 0.5762764215
0.54275316 0.5763058662
0.542224586 0.5762376785
