0.8369376659 0.6067247391
0.8416438103 0.6062352061
0.8438414931 0.6065668464
0.8442559242 0.6101065874
0.8402124643 0.6131632328
0.8314616084 0.6138255
0.8225866556 0.6140811443
0.8134596348 0.6133962274
0.8053697348 0.6112579107
0.7994471788 0.6074696779
0.7963687778 0.6021133661
0.7941592336 0.5966323018
0.7937834263 0.5913391113
0.7972856164 0.5868481994
0.8018878102 0.5846022964
0.8072776794 0.5831378698
0.813079834 0.5824043751
0.8203644753 0.5831403136
0.8274280429 0.5864779949
0.8330202103 0.5899917483
0.8363269567 0.5946381092
0.8392825127 0.602232039
0.8407391906 0.6094782352
