0.7020055056 0.7224546075
0.7018951178 0.7234843969
0.700597465 0.7257612348
0.6983580589 0.7262224555
0.6956373453 0.7275788784
0.693205595 0.728675127
0.690364778 0.7291585207
0.6871427298 0.7291858196
0.6837552786 0.7291146517
0.6804853082 0.7284887433
0.6768831015 0.7275079489
0.6732735038 0.7262068391
0.6701095104 0.7248746157
0.6667609215 0.7231977582
0.6636804342 0.7217347622
0.6611346602 0.7200440764
0.6588001847 0.7173157334
0.6567748189 0.7146889567
0.6557859182 0.7122952342
0.6555032134 0.7107518315
0.6567346454 0.7086740136
0.659060359 0.7061228752
0.6630092263 0.7030751705
0.6674957871 0.6999202967
0.6728602052 0.697794497
0.6770038605 0.6964554787
0.6810660362 0.6952869296
0.685703218 0.6968835592
0.6883378029 0.7000229359
0.6904586554 0.7027760148
0.6923666 0.7050907612
0.6941465735 0.7077312469
0.6953004003 0.710047543
0.6958510876 0.7125513554
0.6952978969 0.7149492502
0.694192946 0.7174755335
