0.551458478 0.4803187847
0.5538647175 0.482018888
0.5550636649 0.4837332368
0.5546691418 0.4846888781
0.5524492264 0.4843411744
0.5498846769 0.4844988883
0.5474296212 0.485470593
0.5435461998 0.4874679148
0.5397152305 0.4892708361
0.5355951786 0.4908650815
0.5312820077 0.4919492602
0.5272010565 0.492203474
0.5238503814 0.4916655421
0.5209835768 0.4910801947
0.5187841058 0.4898954928
0.5173790455 0.4878353775
0.5168062449 0.4858605862
0.5166693926 0.4831494689
0.5167871714 0.4798460007
0.5171781778 0.4761857092
0.5181186199 0.4720702767
0.5190457106 0.4683120251
0.5213903785 0.465362072
0.5247089267 0.4632686377
0.5278835893 0.4619458318
0.5320346355 0.4609304667
0.5356385112 0.4602253437
0.5391548872 0.4598214328
0.5427906513 0.4598121643
0.5464153886 0.460406661
0.5496188402 0.4608848095
0.5523540974 0.4617044032
0.5552376509 0.4636974335
0.5574948788 0.4656489193
0.5591278076 0.4680781662
0.5595790744 0.4714886248
0.5594078302 0.4743947685
0.5580970645 0.4777240455
0.555857718 0.4811782837
0.5524764061 0.4840500653
0.5490968227 0.485907495
0.5455088019 0.4862155616
0.5421663523 0.4857250452
0.5406560302 0.4854923487
0.5387901068 0.4850389361
