0.83495152 0.397017628
0.8394654393 0.398881346
0.8386152983 0.4021449387
0.8376835585 0.4078576565
0.8330620527 0.4108972847
0.8251533508 0.4102102816
0.8151990175 0.4071116447
0.8066159487 0.4028678536
0.8002697825 0.3986275494
0.7963536978 0.3936216235
0.795977056 0.3883718848
0.7962242365 0.3830958307
0.7976961136 0.3778163791
0.8027456999 0.3740913272
0.808088541 0.3708704412
0.8118383288 0.3676836491
0.8168196082 0.3673363328
0.8259561062 0.3699798882
0.8351715803 0.3755102158
0.8401719332 0.3810815811
0.8449449539 0.3878130913
0.850017786 0.3962618411
0.8509374857 0.4037826061
0.8477729559 0.4087921977
0.8417580724 0.4104837179
