0.765206039 0.7570049167
0.7664479017 0.7575346231
0.7674414515 0.7575298548
0.7663621306 0.7581614852
0.7628797293 0.7589766979
0.759227097 0.760237813
0.755961597 0.7611032128
0.7519922256 0.7617068291
0.7474910617 0.7616174221
0.7434086204 0.7611577511
0.7397646904 0.7605056763
0.7358418703 0.7592490911
0.7319492102 0.7573734522
0.7286974192 0.7552141547
0.7266376019 0.7522865534
0.7244533896 0.7491929531
0.7233160734 0.7459714413
0.7227759361 0.7422406077
0.7234477997 0.7384702563
0.7250224352 0.7351574302
0.7283576727 0.7323006392
0.7321816683 0.7294089794
0.7373219132 0.7271393538
0.7417016029 0.7257192135
0.7464464903 0.7245371342
0.7522633076 0.7242217064
0.7578487396 0.724968791
0.7612535954 0.7267539501
0.7645812035 0.7290484905
0.7683521509 0.7313411236
0.7711912394 0.7335968614
0.7729505301 0.7360762954
0.7741823792 0.738599658
0.7748497128 0.7410621047
0.7738600373 0.7435092926
0.7721367478 0.7461509705
0.7697146535 0.7487713695
0.7675635815 0.7512779832
0.7643543482 0.7534657717
