0.6808642149 0.5760799646
0.6833279729 0.5769466162
0.683962822 0.5774620175
0.6833350658 0.5773024559
0.6817528009 0.5776773095
0.6795710325 0.5801912546
0.6757185459 0.5825093985
0.6700072885 0.5839036107
0.6654466391 0.5840944052
0.6620239615 0.5832065344
0.6575442553 0.5823350549
0.6528369188 0.5810660124
0.6485096812 0.5795603395
0.6449291706 0.5771363974
0.6425620317 0.5732123852
0.6403859258 0.569545567
0.6391143799 0.5669409037
0.6392052174 0.5648385286
0.6400777698 0.56150949
0.6422407031 0.5582398772
0.6456632018 0.5554574728
0.6497677565 0.5531657338
0.65478158 0.5518766046
0.6597948074 0.5506190062
0.665373683 0.5501267314
0.6697000265 0.5508006811
0.6735066175 0.5518092513
0.6765825748 0.5546234846
0.6793833375 0.5579196811
0.6814426184 0.5610215664
0.682367444 0.563805759
0.6833472252 0.5673767924
0.6833870411 0.5707948208
0.682387054 0.5728123784
0.6799879074 0.5743535757
