0.7670989037 0.9615744352
0.7696256042 0.9576323032
0.7709955573 0.9576584697
0.7703986168 0.9561090469
0.7705067992 0.9569894075
0.7703064084 0.9583106041
0.7697831988 0.9592443109
0.7688355446 0.959706068
0.7675427198 0.9589089751
0.7676837444 0.957860589
0.7668716311 0.9575428367
0.7654728293 0.9572057724
0.7640781999 0.957167089
0.763663888 0.9570155144
0.7637238503 0.9579894543
0.7633615732 0.9611424208
0.7626433372 0.9667181969
0.7315729856 0.9641084671
0.7317073345 0.9598969221
0.7325179577 0.9559935331
0.7335371971 0.9519953728
0.7352581024 0.9481431246
0.7367483377 0.9456230402
0.7386876345 0.9425793886
0.7416026592 0.9393960238
0.7444769144 0.9362773895
0.7476652861 0.9332883954
0.7508285046 0.9306093454
0.7538505793 0.9287000895
0.7564021349 0.9271370173
0.7594909668 0.9257292151
0.7624662519 0.9248284101
0.765073657 0.9241214991
0.7675765753 0.9246048927
0.7706843019 0.9255259633
0.7736663818 0.926646471
0.7760705948 0.9289480448
0.7782295942 0.9316388369
0.7797641754 0.9350946546
0.780844748 0.9392755032
0.781262517 0.9432864189
0.7803933024 0.9473408461
0.7793068886 0.9516471028
0.7768673897 0.954767704
0.773321867 0.9580091238
0.7695249915 0.960742712
0.7645174861 0.9633532763
0.760281682 0.9647761583
0.7556008101 0.9666302204
0.7500597835 0.9675349593
0.7456619143 0.9662690163
0.7417999506 0.9635045528
0.738545537 0.9602048397
0.7357424498 0.9564900398
0.7342019081 0.9531928301
0.7333371043 0.9495122433
0.7321947813 0.9484342933
0.73135221 0.9482336044
0.7315561175 0.9474810958
0.7318923473 0.9463427663
0.7320820689 0.9449088573
