0.84232831 0.2136647999
0.849620223 0.2170900851
0.8514761925 0.2198260576
0.8503717184 0.2244141102
0.8446967602 0.228541106
0.8374889493 0.2300893515
0.8283315897 0.227858007
0.8189203739 0.2234934866
0.8110537529 0.2183441222
0.8057028055 0.2130197883
0.8028205633 0.2075470984
0.8026384115 0.2012325078
0.8052337766 0.1968732476
0.8102157712 0.1943327188
0.8162944913 0.1924703419
0.8225960732 0.191727072
0.8298748732 0.1972681731
0.8373447061 0.2047278881
0.8445941806 0.21367836
0.8502644897 0.2236053497
