0.9277213812 0.8782298565
0.9290485978 0.8810738921
0.9317364097 0.8847578168
0.9297535419 0.8848369718
0.923494339 0.8843263388
0.9174690843 0.8828347921
0.9104350805 0.8787600994
0.9028389454 0.8754866719
0.897166729 0.8718116283
0.8946557641 0.866754353
0.8939970732 0.8610772491
0.8956550956 0.8559188843
0.8990495801 0.8515729904
0.9029324651 0.8470154405
0.9069846869 0.8442134857
0.9129118919 0.8438036442
0.9191761017 0.8459287882
0.9231283665 0.8503861427
0.9268372059 0.8557417393
0.9312828779 0.8634715676
0.9336752892 0.8718291521
0.9313462377 0.8788929582
0.9291027784 0.8821905255
0.9245868325 0.8855649233
0.9166926146 0.8878108263
0.9105913639 0.8876092434
