0.8444800973 0.1026220769
0.8439793587 0.1049745306
0.8437671661 0.1091864184
0.8405602574 0.1128477901
0.8326963186 0.1129263863
0.8238301873 0.1111718491
0.8146260977 0.1081420928
0.8057141304 0.1033491194
0.7984910011 0.09782856703
0.7937991023 0.0928952992
0.7912632227 0.08674284816
0.7909296155 0.08043838292
0.7936475277 0.07429567724
0.8001957536 0.07185205072
0.8076549172 0.06943777949
0.8162566423 0.06713780016
0.8257365823 0.06744740158
0.8363545537 0.07466676831
0.8431231976 0.08346853405
0.844594121 0.09060625732
0.8411427736 0.0966245234
