0.6205707788 0.966493845
0.6194781065 0.968900919
0.6030424833 0.9679472446
0.6011635065 0.965636611
0.5995093584 0.9636751413
0.5984498262 0.9617374539
0.5984432697 0.9584425688
0.5989214182 0.9553411603
0.5998083353 0.9517069459
0.601798296 0.9472680688
0.6040438414 0.9425432682
0.6071553826 0.9393208623
0.6100478172 0.9365050793
0.613045454 0.9346727729
0.6157159805 0.9332588911
0.6187211275 0.9322414398
0.6219370365 0.931743443
0.6244950891 0.9321616888
0.6271452308 0.9325925708
0.6298754215 0.9338899851
0.632081151 0.9362521768
0.6339733601 0.9382570386
0.6351796389 0.9410017729
0.6358405352 0.944771111
0.6354452372 0.9487319589
0.6342645884 0.9536998272
0.6324385405 0.9578617811
0.6294981837 0.9607300162
0.6259333491 0.9631535411
0.6220385432 0.9649523497
0.6176929474 0.9646658897
0.6131891608 0.9638711214
0.6095407605 0.9627223015
0.605799675 0.9609124064
