0.9280831218 0.6088004112
0.9266163111 0.610589087
0.922898531 0.6129729152
0.9190446138 0.6143397093
0.9108300209 0.6149719954
0.9019728899 0.613918066
0.8956400752 0.6108424664
0.8903157711 0.6063818932
0.8858066797 0.6001256704
0.8826254606 0.5933810472
0.8812150955 0.5867137313
0.8800472021 0.5811510086
0.8816993833 0.5757157803
0.8833062649 0.5698586106
0.8864582777 0.5652273297
0.8911474347 0.562392354
0.8967375755 0.5621905923
0.9018418789 0.5652783513
0.9065746069 0.5704752207
0.9110761285 0.5771403313
0.9167196751 0.587190032
0.9186221361 0.5967566967
0.916264236 0.6034664512
0.9119321108 0.6073702574
0.905585587 0.6092284322
