0.7763463259 0.8069822788
0.7762967944 0.8090069294
0.7751333714 0.8103929758
0.7729997635 0.8119192123
0.7693212032 0.8135192394
0.7656006813 0.8145720959
0.7629609108 0.8153749704
0.7592753768 0.816386044
0.7544309497 0.8174358606
0.7494915128 0.8178731799
0.7452940941 0.8179197311
0.740844667 0.8174576759
0.7366408706 0.8163276911
0.7334927917 0.8137772083
0.7311234474 0.8111024499
0.7290365696 0.80818367
0.7274327278 0.8041371107
0.7264838219 0.7999966145
0.7266467214 0.7949621677
0.7269907594 0.7900686264
0.7285399437 0.785584569
0.731056273 0.781260252
0.7347689271 0.7783148289
0.7399871945 0.7762884498
0.7460821867 0.7749717236
0.7515220642 0.774302721
0.7564448714 0.7742951512
0.7614962459 0.775416255
0.766723156 0.777215004
0.7706044316 0.7793005705
0.7736057639 0.7817985415
0.7761355639 0.7851623893
0.7782322168 0.7880836725
0.7791583538 0.7912950516
0.7795474529 0.793818593
0.7794979215 0.7962858677
0.7783854604 0.798383534
0.7766126394 0.7998907566
0.7745945454 0.8012355566
0.7718638182 0.8016945124
