0.6984887719 0.7784281373
0.700858593 0.7803416252
0.701367259 0.7824171782
0.700478673 0.7831401825
0.6985171437 0.7836961746
0.6956621408 0.7848818302
0.6920295358 0.7862083912
0.688056469 0.7867562771
0.6847251654 0.7867894769
0.681117177 0.7869502306
0.6776884198 0.786644578
0.6742793918 0.7852610946
0.6709392071 0.783795774
0.6676493287 0.7823646665
0.6643618941 0.78042835
0.6611915827 0.7779756188
0.6586312056 0.7754999399
0.656460166 0.7738372087
0.6547513604 0.7718704343
0.6525921226 0.7686901093
0.6517316699 0.7660494447
0.6517760158 0.7642502785
0.652905643 0.7626287937
0.6546837687 0.7602490187
0.6573710442 0.7579748034
0.6607856154 0.7563361526
0.6646212339 0.7541280985
0.6685749292 0.7516056895
0.672924757 0.7499947548
0.6770321131 0.749650836
0.680598557 0.7497874498
0.6837761998 0.7504726052
0.6872030497 0.7529495955
0.6902603507 0.7555098534
0.6925337315 0.7575641274
0.6944346428 0.7604759932
0.6957452297 0.7648338675
0.696566999 0.7688447237
0.6964938641 0.7714626193
0.696652472 0.7744109035
