0.5984274149 0.09545587748
0.599785924 0.09518615901
0.6030194163 0.09588686377
0.6058844328 0.09612970799
0.6059347987 0.09576632082
0.6059606075 0.09611332417
0.6042819619 0.09869538248
0.6008445621 0.1004088297
0.5964234471 0.1006430537
0.5931047201 0.1009035632
0.5898881555 0.1011918262
0.5855177641 0.1009723768
0.581619978 0.09987390786
0.5785446167 0.09823378921
0.5755594969 0.09534117579
0.5725110173 0.0919745788
0.5699615479 0.08876106143
0.568243742 0.08542332798
0.5669683814 0.08114659786
0.5664502382 0.07723994553
0.5666424036 0.07306743413
0.5675315857 0.06928964704
0.5697760582 0.06570412219
0.572706759 0.0623338595
0.5771534443 0.06011662632
0.5822948217 0.05847467482
0.588178277 0.05742201209
0.5937019587 0.05727191269
0.5992923379 0.05801213533
0.6047026515 0.05972599983
0.6102090478 0.06192067266
0.6151682138 0.06455889344
0.6190416217 0.06859949231
0.6226376295 0.07261818647
0.6246632934 0.07663462311
0.626003921 0.08052478731
0.6257138848 0.08492265642
0.6240172982 0.0884789452
0.6202387214 0.09096057713
0.6163275242 0.09298183769
0.6106404662 0.09360355884
