0.804705739 0.2249931842
0.8089522719 0.2343292832
0.8022504449 0.2366105169
0.7841224074 0.2366746813
0.7628245354 0.2349375188
0.7443009615 0.2323489487
0.7246205807 0.2285457253
0.6997660995 0.2271011919
0.6783810258 0.2234808356
0.654466033 0.2153990567
0.6304154396 0.2083290219
0.6113533378 0.2015408576
0.5984216928 0.1929311454
0.5879318714 0.1815150231
0.5819528699 0.1692329645
0.5789464712 0.1565344036
0.5807021856 0.1450248808
0.5889481306 0.1344324946
0.6002812386 0.1245074272
0.6153512001 0.1142265424
0.634250164 0.1050796583
0.6602690816 0.09841820598
0.6854327321 0.09816003591
0.7096212506 0.1035380289
0.7392677069 0.1183496863
0.7639654875 0.1427243948
0.7763619423 0.165507555
0.7854222655 0.1883186847
0.7898398638 0.2081089616
0.7839779854 0.224145174
0.7748280764 0.2346989512
0.7640177011 0.2406058758
