0.7592006922 0.09777641296
0.7642524242 0.09786568582
0.7676221132 0.09895957261
0.7664821148 0.1000610143
0.764847517 0.1024863049
0.7635759115 0.1048243046
0.75903368 0.1064168662
0.7511922121 0.1058314592
0.744517684 0.1048967764
0.7380803823 0.1030077562
0.7321590185 0.1002801806
0.7272865176 0.09569099545
0.7231638432 0.0904442817
0.719802022 0.08538973331
0.715970695 0.08015052974
0.713491261 0.07560254633
0.7121047974 0.07175806165
0.7123218775 0.06737135351
0.7134978771 0.06345763803
0.7162432671 0.06082397699
0.7197373509 0.05853967741
0.7244366407 0.05703977868
0.7310293913 0.05582933128
0.7380582094 0.05500121042
0.7447993755 0.05474616587
0.7525297403 0.05616128445
0.7603486776 0.05818415433
0.7664868236 0.06121702865
0.7710935473 0.06554850191
0.7748730779 0.07183477283
0.7776120901 0.07985664159
0.7773497105 0.08691677451
0.7734578848 0.09214283526
0.7686723471 0.09568144381
0.7615143657 0.09677049518
