0.5681227446 0.883169651
0.5694361925 0.8854771852
0.5696014166 0.8859745264
0.568862319 0.8875827789
0.5675689578 0.888287127
0.5658545494 0.888220191
0.5634679794 0.8890898228
0.5610464811 0.8896695971
0.5584557056 0.890532136
0.556090951 0.8908381462
0.5535646677 0.8910095096
0.5507721305 0.8918498158
0.5487033129 0.8927063942
0.5469434857 0.8930209875
0.544668138 0.8931661844
0.542129755 0.8941209912
0.5399611592 0.8948221803
0.5375162959 0.8949733973
0.5353167057 0.8950544
0.5328822732 0.8948193789
0.5304103494 0.8943449855
0.5286408663 0.8931731582
0.5269806981 0.8917410374
0.525372088 0.8899526
0.5245057344 0.8881855011
0.5241245031 0.8858447075
0.5237507224 0.8830986619
0.524649322 0.8795599937
0.5259647369 0.8764691353
0.5274045467 0.8737047911
0.5292776823 0.8714407682
0.5314077139 0.8696117401
0.5335564613 0.8677788973
0.536177218 0.8659647703
0.5396723747 0.8654680252
0.5427064896 0.864623487
0.5457711816 0.8639233708
0.5492407084 0.8640467525
0.5519531369 0.8641386032
0.5541901588 0.8637189269
0.5571538806 0.8637958765
0.5603063107 0.8650237322
0.5623041987 0.8658826947
0.5639727116 0.8674698472
0.5654135346 0.8693133593
0.566501379 0.8709828854
0.5667993426 0.873421371
0.5668244362 0.8766310215
0.5669664145 0.8792163134
