0.6887505054 0.3897286057
0.6912477016 0.3920854628
0.6925319433 0.3936901987
0.6915970445 0.3934203982
0.6899760962 0.3938975334
0.6896233559 0.3953305483
0.6889186502 0.396826148
0.6875550747 0.397803098
0.6865602136 0.3994445801
0.6856158972 0.4011499882
0.684145093 0.4023759067
0.6817110181 0.4032516181
0.67944175 0.4042363763
0.6772248149 0.405187577
0.6743646264 0.4053648114
0.6713151932 0.4053186178
0.6688426137 0.4054189324
0.6664776206 0.4049806595
0.6636686325 0.4038072526
0.6613938808 0.4019708633
0.6593820453 0.3998751044
0.6571421027 0.397867769
0.655462265 0.3957392573
0.6538220644 0.393502444
0.6526740789 0.390560925
0.652048111 0.3876776695
0.6520515084 0.3845546544
0.6528195143 0.3814811409
0.6541293859 0.3785641789
0.6554120779 0.3755960763
0.6568362117 0.3729319572
0.659316361 0.3706090152
0.6614866257 0.3685282171
0.6633843184 0.3675398231
0.6657248139 0.3678904772
0.6690730453 0.3683188856
0.6723695397 0.3692076802
0.6755055785 0.3704151213
0.678479135 0.3720881641
0.6809442043 0.3736144602
0.6830358505 0.3761274815
0.6850094199 0.3797420263
0.686620295 0.383109808
0.6866372228 0.3864973187
0.6859871745 0.3905931413
0.6845148206 0.3947492838
