0.6876761317 0.4418474734
0.6876761317 0.4418474734
0.6885487437 0.442645371
0.6902272105 0.4443879426
0.691380024 0.4467195868
0.6928526163 0.4505390525
0.693423748 0.4528781474
0.6938759685 0.4555189013
0.6938439012 0.4568117857
0.693659544 0.4589940906
0.6931507587 0.4603610933
0.6923546195 0.461745441
0.6918112636 0.4619974196
0.691560328 0.4615752697
0.6915969849 0.4614936113
0.6911984682 0.4622716606
0.6904655099 0.4630430937
0.6894214153 0.464805305
0.6889967322 0.4668631256
0.6881790161 0.4700616896
0.6875003576 0.4719030857
0.6865025759 0.4742000401
0.6856307983 0.4754936397
0.6835973263 0.476839304
0.6821497679 0.4775018394
0.6805419922 0.4777934253
0.6775794029 0.4770887494
0.6755063534 0.476795733
0.6720141172 0.476634264
0.6695041656 0.4764152169
0.6669803858 0.4759491384
0.6635002494 0.475181818
0.6612745523 0.4748139381
0.6591066122 0.4742763937
0.6561008692 0.4727206826
0.6543776989 0.4713396728
0.6528719664 0.4697495103
0.6511582136 0.4673961401
0.6504552364 0.4657534361
0.6501137018 0.4637340903
0.6501099467 0.4605840445
0.65028584 0.4587234855
0.6514341831 0.4563280642
0.6524698138 0.4546093047
0.6540974379 0.4526661038
0.6558157206 0.4506008625
0.6574189663 0.4486128688
0.6597687006 0.447081089
0.6624420881 0.4458933175
0.6654321551 0.4452827573
0.6684384346 0.4450357556
0.6711571217 0.4444296956
0.675013423 0.44387573
0.6790060401 0.4447932243
0.6825190783 0.4469118118
0.6825190783 0.4469118118
0.6853864789 0.449521184
0.6877836585 0.4523809552
0.6895372868 0.4549437165
0.6901322603 0.4568577409
0.6897078156 0.4589944184
