0.5923364758 0.1856825948
0.5797739029 0.1996160597
0.5797739029 0.1996160597
0.5797739029 0.1996160597
0.574977994 0.2039732635
0.5710728765 0.2087962627
0.5676851273 0.2117156833
0.5636936426 0.2169846147
0.5606785417 0.2236556113
0.5596207976 0.2297740877
0.5610960722 0.2334614992
0.5614108443 0.2389370948
0.5633196235 0.245558545
0.5667670965 0.249915421
0.5709539652 0.2529656887
0.5742110014 0.2581324577
0.5789608955 0.2651872635
0.584851861 0.271894604
0.5891165137 0.2760930657
0.5956841707 0.2822083235
0.6016010046 0.2905764878
0.6089769602 0.2951860428
0.6162614822 0.2962018847
0.6235283017 0.3015683889
0.6323752999 0.3060857356
0.6420940161 0.3055845499
0.6511579156 0.3022420108
0.663787365 0.3041695356
0.6738939881 0.3075012267
0.6808046699 0.3048493564
0.6892879605 0.3013494611
0.6998403668 0.2979842722
0.7057733536 0.2913012505
0.7084482908 0.2860489786
0.7159161568 0.2816024125
0.7214629054 0.2760181725
0.7239427567 0.2700101435
0.7283044457 0.2624607384
0.7334511876 0.2544674575
0.7328073382 0.2499831021
0.7312775254 0.2440038919
0.731585741 0.2381875366
0.7297894955 0.2332413048
0.7268357277 0.226429522
0.7236008048 0.2211593688
0.7203345895 0.2170626074
0.7151288986 0.2126802653
0.7097359896 0.2101070434
0.7042927146 0.2069393545
0.6987351179 0.2034586221
0.6926378012 0.2025851458
0.6870074272 0.202712357
0.6804585457 0.2016031742
0.6746761799 0.2001538873
0.6687266231 0.2005339563
0.662350893 0.2027640492
0.6549469829 0.2015922964
0.6481232643 0.200975284
0.64110744 0.2012992799
0.6349794865 0.2020014077
0.6296098828 0.2044173479
0.6232129335 0.2064274251
0.6172014475 0.2093117684
0.6102234721 0.210290581
0.6029688716 0.2098408043
0.5946700573 0.2100986242
0.5865885019 0.2107075155
0.5787931085 0.2120346427
0.5701730251 0.2146164328
0.5633103848 0.2186915278
0.5564576387 0.2224943489
