0.8788617849 0.6494617462
0.8745368719 0.6411355734
0.8734369278 0.6344791651
0.8695013523 0.6247644424
0.8683526516 0.6158097386
0.8668820858 0.6093665361
0.8656666279 0.6031340361
0.8652757406 0.6002195477
0.8696504831 0.6034588218
0.8765073419 0.6105011702
0.8792207241 0.6154133677
0.8847333789 0.6231476068
0.8932858706 0.6339179873
0.905531168 0.6442656517
0.9077826142 0.6427481174
0.9124064445 0.6423648596
0.915668726 0.6403272152
0.9171557426 0.6356557608
0.9162319899 0.6283828616
0.9180042744 0.6245805025
0.918454051 0.6183947921
0.9172785878 0.6122280359
0.9171281457 0.6097196937
0.916435957 0.6077538133

0.8481523991 0.6231718063
0.8484476805 0.6258575916
0.8502312899 0.627615273

