0.6572152972 0.2462131232
0.6565223932 0.2378856689
0.6557264924 0.2279798687
0.6538190842 0.2169714272
0.6515220404 0.2048385292
0.6524848938 0.2005306929
0.6550137997 0.2002903819
0.6574410796 0.2005314231
0.6590721011 0.2004732341
0.662296772 0.202387616
0.6660773754 0.2060951144
0.6684154272 0.2117517442
0.6719304323 0.2189460546
0.6775505543 0.2273083329
0.6816271544 0.2334639132
0.6860570312 0.238955453
0.6910609007 0.2441070676
0.6936452389 0.2437761575
0.6936827898 0.239387244
0.6932009459 0.2347269654
0.6939309239 0.2287983149
0.6949567795 0.2160994411
0.6952267885 0.2054617852
0.6968382597 0.1976192743
0.6977039576 0.1917651147

0.6299812794 0.2240631878
0.6313431263 0.2259087414
0.6307887435 0.2232349813
0.6301658154 0.2227776349

