0.5535781384 0.1008277237
0.5538188815 0.09636426717
0.5552577972 0.08644264936
0.5519137383 0.07300051302
0.5459491014 0.0641143173
0.5502715707 0.06762873381
0.5520002842 0.06807219982
0.5530350208 0.06735506654
0.5550957322 0.06932844967
0.5613423586 0.07846016437
0.5671436787 0.08426067233
0.5705994964 0.09106960893
0.5753895044 0.1000413895
0.5804674625 0.1112564132
0.5834058523 0.113795191
0.5856256485 0.1133768186
0.5855583549 0.1062654331
0.5838466883 0.09745547175
0.5814628601 0.08352583647
0.5812498927 0.07711420208
0.5813452601 0.07220117748

0.5250376463 0.07819989324
0.5240288973 0.08202237636
0.5255627036 0.08406472951

