0.7643532753 0.180003643
0.765673399 0.1821115911
0.7666537166 0.1755177826
0.7645907998 0.165779978
0.7640719414 0.1620005667
0.763857007 0.1585418135
0.7621369362 0.150898993
0.7600001693 0.1417807639
0.7586679459 0.1350897849
0.7585439682 0.1312874854
0.7597588301 0.1290328503
0.7617374659 0.1286304295
0.7646132112 0.1307789087
0.7673531771 0.1349631697
0.7702197433 0.1395471394
0.7735754251 0.1448614299
0.7771496773 0.1519595981
0.7809212208 0.1578059494
0.7859317064 0.1620651931
0.7902277708 0.166585356
0.7946002483 0.171860218
0.7987382412 0.1764334291
0.8010568619 0.1775738597
0.8030512333 0.1784094125
0.8052450418 0.179582119
0.8055499792 0.1775171459
0.8066997528 0.1745648235
0.8077622056 0.1719439477
0.8085044622 0.1686436087
0.8093467951 0.1640997082
0.8100635409 0.1579930484
0.8112888336 0.1526484489
0.8126614094 0.1469759494
0.8130772114 0.1401441544
0.8133045435 0.1345276684

0.7427674532 0.1538458169
0.7444215417 0.1557888836
0.7463033199 0.1567857862
0.7460823059 0.154911682

