0.5462441444 0.5881685615
0.5461415648 0.5856119394
0.5456896424 0.5847594738
0.5457143784 0.5828561783
0.5459276438 0.581359446
0.5456537008 0.5785934329
0.5453211069 0.570600152
0.5452510715 0.5661970377
0.5451669097 0.5626519322
0.5446386337 0.5588964224
0.5445094109 0.5552325249
0.5445104241 0.5525614023
0.545650363 0.5524582863
0.5461806655 0.5522837043
0.5470468998 0.5545145273
0.5478842854 0.5556795597
0.5493007898 0.557674408
0.5508085489 0.5599086285
0.5530227423 0.5633691549
0.5585314631 0.5714476705
0.561113596 0.5747673512
0.5635847449 0.5780149698
0.5657637715 0.5806723833
0.5671472549 0.5819385052
0.5686545372 0.5826796293
0.5713642836 0.581253767
0.5725701451 0.5802116394
0.5732662082 0.577711463
0.5736204386 0.5748105049
0.5726394653 0.5703750849
0.5721927881 0.566382587
0.5721233487 0.5593098998
0.5721233487 0.5593098998
0.5713085532 0.5514433384
0.5712055564 0.5445664525
0.5715554357 0.5398359299

0.5155183077 0.5734927654
0.515178442 0.5723026991
0.5180723667 0.5732946396
0.5207945108 0.5718054771

