0.7576729059 0.4787299633
0.7578801513 0.4728745222
0.7579432726 0.4649746418
0.7584220171 0.4562181532
0.7592827082 0.4483202696
0.760163188 0.4406628311
0.7602689862 0.4331557751
0.7615924478 0.4321700931
0.7646974921 0.4338596463
0.7678285241 0.4365604222
0.7708808184 0.4413252473
0.7751659155 0.4480468929
0.7820507288 0.4586728811
0.7877646685 0.4673841596
0.7906975746 0.4711796641
0.7915530205 0.4678080678
0.7914239168 0.4599767029
0.790265739 0.4514589608
0.7896395922 0.4425406456
0.7885115147 0.4331807792
0.7884275913 0.427854836

0.7286105752 0.4503712952
0.7261316776 0.4481703043
0.7291010022 0.4467727244

