0.5461668968 0.2059815079
0.5442121625 0.2007600516
0.5442121029 0.2007601261
0.5422507524 0.1989794374
0.5398045778 0.1948149204
0.5387653112 0.1889839917
0.5386493206 0.1835479736
0.5376322269 0.1771871448
0.5373705029 0.1698486507
0.5374445319 0.1638669372
0.5382562876 0.1598388404
0.539908886 0.1573749334
0.5433831215 0.1598924845
0.5451552272 0.1626710296
0.5480340123 0.1661342084
0.5503451824 0.1713076532
0.5526299477 0.1764366776
0.5551817417 0.184127152
0.5580842495 0.1904645264
0.5608699322 0.1958226264
0.5641906261 0.2002855986
0.5657473803 0.2024679482
0.5669801235 0.203445673
0.568490386 0.2042969465
0.56902349 0.2012737542
0.5685702562 0.1963924319
0.5676380396 0.1905199885
0.5679095387 0.1844064891
0.5678991675 0.1761167049
0.5684126616 0.1678667367
0.5701797009 0.1619807929
0.571420908 0.1553720385
0.5720442533 0.1498302221

0.5165755153 0.1733822227
0.5164979696 0.1733519286

