0.7197211981 0.4962647557
0.7300349474 0.49725613
0.7434712052 0.496810019
0.7513148189 0.4963250756
0.7631517649 0.4969015121
0.7762284279 0.4971100092
0.7801937461 0.4958491921
0.7794152498 0.4901359677
0.7785761356 0.4846870303
0.7712533474 0.4776512682
0.7564307451 0.4670860469
0.7425980568 0.4593310654
0.7291958928 0.4532057345
0.7161800861 0.4492307305
0.7064588666 0.4461406171
0.7028708458 0.4459644258
0.7020932436 0.4460110068
0.7026286721 0.4469569027
0.7054565549 0.4477101564
0.7100417614 0.4477240741
0.7185017467 0.4478752613
0.726428628 0.4476225078
0.7349828482 0.4484728277
0.7446642518 0.449090451
0.7556608915 0.4492929578

