0.7215899825 0.8273589611
0.7733359337 0.8409462571
0.7733359337 0.8409462571
0.7733359337 0.8409462571
0.7823765278 0.8427174091
0.7901451588 0.8429279923
0.7956735492 0.8412786722
0.7985129356 0.837880075
0.7965849042 0.8313018084
0.7962013483 0.8268361092
0.7937161922 0.8222384453
0.7892256975 0.8175373077
0.7817866206 0.8123651743
0.7757582664 0.8078176975
0.7692521214 0.8035807014
0.7625519633 0.7995821238
0.7559033632 0.7960864305
0.7492918372 0.7933170199
0.7434913516 0.7911747694
0.7379311323 0.7897857428
0.7324620485 0.7887424231
0.7278465033 0.7876204252
0.7239435911 0.786900878
0.7223336101 0.7865048647
0.72281003 0.7868571877
0.7242314816 0.7875542641
0.7268688679 0.7872388959
0.7295963764 0.7870512009
0.73288697 0.7873354554
0.7396401167 0.7873485684
0.7468076944 0.7876008153
0.754087925 0.787733078
0.760902524 0.7879582047
0.7683632374 0.7883729935
0.776735425 0.788497448
0.7844545841 0.7888929844
0.7904151678 0.788882494
0.7944284678 0.7879265547

