0.6199935079 0.4686414003
0.6268225908 0.4712696671
0.6355285645 0.4731655717
0.6452335119 0.4755703211
0.6532075405 0.4767286181
0.6594902277 0.4772100449
0.66631037 0.4775801897
0.6734060049 0.4769945145
0.6787885427 0.4751210809
0.6835509539 0.4733393192
0.6840387583 0.4692842364
0.6815831065 0.4646162987
0.6778004169 0.4588663578
0.672662735 0.4534564316
0.6668097973 0.4481575489
0.660733223 0.4439554214
0.6533116698 0.4399098754
0.6450964212 0.4358090162
0.6379511356 0.4322247505
0.6306003928 0.4280241132
0.6229653955 0.4251279831
0.616532445 0.4234505296
0.6112709045 0.4220567346
0.6093657017 0.4223512411
0.6116695404 0.4224870205
0.6146535873 0.4217774272
0.6179622412 0.421374023
0.6224434376 0.4216455519
0.6289389729 0.4222833514
0.6385489702 0.4228618443
0.6480847001 0.4232625961
0.6564748883 0.4231062233
0.6633275747 0.4232683182
0.6700130701 0.4229669571
0.6761612296 0.421797812
0.6809661388 0.4205462039
0.6831284165 0.4196919203

