0.7273077369 0.623057127
0.7283177376 0.6243492961
0.732462883 0.6251257062
0.7383420467 0.6250993013
0.7433761954 0.6256729364
0.7484553456 0.6261697412
0.7566258311 0.6269848347
0.767316103 0.6286381483
0.7803717256 0.6307749748
0.7906066179 0.6320719719
0.7981840968 0.6310727
0.8012466431 0.6251942515
0.8027095795 0.6200166941
0.8033059239 0.6156527996
0.7981969118 0.6107034683
0.79158324 0.6057611704
0.7833485007 0.6008689404
0.7735407352 0.5961387753
0.7654655576 0.5921107531
0.7565051317 0.5886138678
0.7485722899 0.5858827233
0.7423770428 0.583483696
0.7371830344 0.5811887383
0.7340544462 0.5796755552
0.7319615483 0.5784426928
0.7333866358 0.5785921216
0.736956954 0.5787191391
0.7405000925 0.5785337687
0.746080637 0.5782307982
0.7533159256 0.5783396959
0.7636038661 0.5779674053
0.7735053301 0.5779309273
0.7833770514 0.578242898
0.7925618887 0.5787309408
0.8025659323 0.5793857574
0.8112889528 0.5799307227
0.8178529143 0.5795860887

