0.7162934542 0.3053736985
0.7218151689 0.3053779006
0.731217742 0.3056687713
0.744584322 0.3065918088
0.7566020489 0.3073042631
0.7691588402 0.3084513843
0.7756544352 0.3070699871
0.781506598 0.3058374822
0.7837967873 0.3023739457
0.7848813534 0.2981359065
0.783567071 0.2932152748
0.7801063061 0.2887454033
0.7743365765 0.2841236889
0.7696688175 0.2797493339
0.7630771995 0.2750109136
0.7547587156 0.2708762288
0.7470994592 0.266898334
0.7408018112 0.2638235092
0.7349693775 0.2613785565

0.7239444256 0.2604108751
0.7277907133 0.2610625327
0.7355595827 0.2616993785
0.7444224358 0.2627537251
0.7553930283 0.2632185519
0.7654622793 0.2637564838
0.7735561132 0.2644089758
0.7817469835 0.2644676864

