0.5119438767 0.2493273467
0.5197008848 0.2473769635
0.5197008848 0.2473769635
0.5245344639 0.2469055653
0.5315507054 0.2464210391
0.5375397205 0.2468321919
0.5432244539 0.2482796907
0.5526463389 0.2499640286
0.5526463389 0.2499640286
0.5630406141 0.2507381439
0.5685838461 0.2462594509
0.5686776042 0.2402350903
0.5654962063 0.2331223786
0.5574371219 0.2243203223
0.5468892455 0.2164298296
0.5338360071 0.2109513432
0.5230356455 0.2070851326
0.5121512413 0.204905659
0.5060427189 0.2034720927
0.5041639805 0.2051632255
0.5039880276 0.2042174637
0.5154381394 0.2029237747
0.5277054906 0.205178991
0.5428180695 0.2067135423
0.5604176521 0.2061961442
0.5729835629 0.2061498314
0.5838772058 0.2054873854

