0.9014732838 0.723916173
0.900306046 0.7344751358
0.8999230862 0.7372140288
0.8992345333 0.7385771275
0.8988411427 0.7415944934
0.9002027512 0.7491879463
0.9002026916 0.7491879463
0.904484868 0.7589324713
0.9117619991 0.7656773329
0.9204583168 0.7633603811
0.9273453355 0.7586524487
0.9351834655 0.7523157597
0.939221561 0.7444434166
0.942558527 0.7354266644
0.9443906546 0.7285981774
0.9411349297 0.7225996852
0.9356409311 0.7190029621
0.9299971461 0.7198162079

0.8727641106 0.7281563282
0.8659607172 0.7209861279
0.858615756 0.7131717801
0.8532650471 0.706268549
0.8488100767 0.7014557123

