0.5436559319 0.5576444864
0.54645437 0.5635642409
0.5470312834 0.5657891631
0.5452870727 0.5641996861
0.5451537967 0.5625013709
0.5477178097 0.5601416826
0.54618752 0.5529727936
0.5468844175 0.5455134511
0.5478380322 0.5394244194
0.5477710962 0.5307043791
0.5469517112 0.5222657919
0.5478940606 0.5153740644
0.5469171405 0.5050595403
0.5466189384 0.4949460328
0.5467907786 0.4865428209
0.5470378995 0.4787046015
0.5445954204 0.4691156745
0.545370698 0.4627034366

0.5678299665 0.5085822344
0.570922792 0.5081595182
0.5710815191 0.5067096949
0.5706044436 0.504419744
0.5682675838 0.4956173897
0.565405786 0.4881005287
0.5618062615 0.4821767211
0.5589529872 0.4771719873
0.557775557 0.4706195295
0.5573439598 0.4645849168
0.55554986 0.458732903
0.5542056561 0.454534471
0.5526222587 0.4530499578
0.5505773425 0.4529689252
0.5483517647 0.4528058469
0.546562314 0.4540086985
0.5450104475 0.4568603933
0.5428046584 0.460472703
0.5405418873 0.463898778
0.5392947197 0.4687436819
0.5363153219 0.4722191989
0.5318682194 0.4760898352
0.5288879871 0.4805763364
0.5256973505 0.4835905433

0.5062596798 0.43268013
0.5065515041 0.433224082
0.5090153217 0.4342630506
0.5134161115 0.4340101779
0.5182695985 0.4362493157
0.5241119862 0.4369610548
0.5311118364 0.4390181601
0.5391163826 0.4423782825
0.5471445322 0.4446115792
0.5539485216 0.4445929527
0.5626128316 0.4468834698
0.5688199401 0.4475377202
0.5745903254 0.4484086335
0.5801541209 0.4486890435
0.583237052 0.4477123618

