0.5494280457 0.123367168
0.5501266122 0.1167491153
0.5491179228 0.112197198
0.548822999 0.1069888696
0.5468007922 0.09890018404
0.5456094146 0.09111912549
0.5455874801 0.08487789333
0.5455005765 0.07751743495
0.5455697775 0.06956798583
0.5454117656 0.0630236268
0.5460035205 0.06029555947
0.5453312397 0.05747918785

0.5302400589 0.08674550056
0.5328490734 0.08510541916
0.5336382985 0.08025747538
0.5329341888 0.07219887525
0.5350359678 0.06722129881
0.5378830433 0.06228728965
0.5375512838 0.05295410752
0.5375624299 0.04539188743
0.5386217833 0.04198585451
0.5405015349 0.0396001339
0.5413235426 0.03934120387
0.5437018871 0.04173887521
0.5467228293 0.04630827531
0.5514687896 0.05167262629
0.5566061139 0.05882944167
0.5620664358 0.06595006585
0.5665895343 0.07159056515
0.5708038211 0.076493375
0.5741139054 0.08103968203
0.5751309395 0.08329637349

0.5152301788 0.03669859841
0.5224877 0.0383791402
0.5306463838 0.04177102819
0.5353004932 0.03871737421
0.542026639 0.03818297014
0.5515993834 0.04230949655
0.5597635508 0.04020729288
0.5641796589 0.03781706095
0.5691213608 0.04082959145
0.5714396238 0.0431971699

