0.8087289929 0.4381461143
0.8059620857 0.4300482869
0.8049936891 0.4240446091
0.8047448993 0.417062819
0.8045790195 0.408926487
0.8040565848 0.3986611962
0.8038755655 0.3920303285
0.8043898344 0.3853217065
0.8048184514 0.37949875

0.7879955769 0.4025973082
0.7899315953 0.4011543393
0.7913960814 0.3963859379
0.7907356024 0.3865126967
0.7910773754 0.3785296082
0.7919147611 0.3734205365
0.7923676968 0.3676355183
0.7932925224 0.3630674183
0.7956680059 0.3625198603
0.797978878 0.3625264466
0.8010561466 0.3648535907
0.8047373295 0.3702848256
0.8079922199 0.3750652075
0.8123829365 0.3799678683
0.8168798685 0.3871196508
0.8221761584 0.3940081
0.8258032799 0.397495836

0.7750941515 0.3501189351
0.7817498446 0.3505761623
0.7901026607 0.3510737419
0.7992779016 0.3511008918
0.808944881 0.3519746363
0.8177453279 0.3525148034
0.8264371157 0.3530302048
0.8350507021 0.3525942266

