0.893558681 0.8284488916
0.8900657892 0.8220638633
0.8886511922 0.8175313473
0.8897333145 0.8136060834
0.888228476 0.8073401451
0.8864730597 0.7993849516
0.8863918781 0.7930630445
0.8859660625 0.7856525779
0.8856599331 0.7782193422
0.8863001466 0.7715229988
0.8872211576 0.7657750845
0.8880968094 0.761641264

0.8656052947 0.7815562487
0.8653993011 0.7795138359
0.8680811524 0.7771674395
0.869032979 0.7740706205
0.8693605065 0.7701280117
0.8711303473 0.767208457
0.8722314835 0.7633341551
0.8731226921 0.7595227957
0.8746070862 0.7565783858
0.8765771985 0.7545616627
0.8778764606 0.7526639104
0.8797199726 0.7516043186
0.8825265169 0.7524521947
0.886046648 0.7540678978
0.8889009953 0.7566342354
0.8928698301 0.7606598139
0.8973792195 0.7648167014
0.901969552 0.7696062326
0.906468451 0.7735776901
0.9113309383 0.777936995
0.9135203362 0.7806274295
0.9158026576 0.7830372453

0.8567727804 0.7409066558
0.860388279 0.7426202893
0.8610473871 0.7416420579
0.8647837639 0.7410536408
0.8701666594 0.7424820662
0.8765109777 0.7425629497
0.883328557 0.7424628735
0.8915364146 0.7438709736
0.899225533 0.7443715334
0.9055094719 0.7444720268
0.911801815 0.7452880144

