0.6280896068 0.3729236126
0.6260290742 0.3666059673
0.6273244619 0.3667823076
0.6288917065 0.3644326329
0.6289521456 0.3558191955
0.6280103922 0.3465591073
0.6278360486 0.3377834558
0.6278523207 0.3264512718
0.6286311746 0.3175222278
0.6301144958 0.3102072477
0.6301814914 0.3044081926

0.6131116152 0.3294788003
0.6142315269 0.3242331445
0.6163620949 0.3203829527
0.6183142662 0.3156386614
0.6195031404 0.3089718223
0.6217369437 0.3028929234
0.6229193211 0.2978121638
0.6239858866 0.2947400808
0.6256025434 0.2940616906
0.626732111 0.2953768373
0.6286042929 0.2987083793
0.6305426359 0.3022075891
0.6334059238 0.3083584607
0.6367809176 0.3138278723
0.6402637959 0.3190384209
0.6446377039 0.3229923546

0.5959733725 0.2879582644
0.6015000343 0.2868575454
0.6071142554 0.2857874334
0.6150807142 0.2857267857
0.6222082376 0.286306262
0.6302065253 0.2870382667
0.6380277872 0.286700666
0.6443950534 0.2867571414
0.6500271559 0.287833035

