0.643981576 0.708494246
0.6409739852 0.7022516727
0.6410496831 0.6994795203
0.6401978731 0.6956729889
0.6371976137 0.6875535846
0.6354824901 0.680727005
0.6351037025 0.6736526489
0.6350765228 0.667032361
0.6362944841 0.6618843675
0.6378430128 0.6582937837
0.63841784 0.6550863385

0.6209087372 0.6766428947
0.621817708 0.6713083386
0.6230738163 0.6657957435
0.6239383817 0.6596304178
0.625084579 0.6533162594
0.6269125938 0.6474558115
0.6280246377 0.6429412961
0.6292364001 0.6411615014
0.6305199862 0.6423591375
0.6326006651 0.6448111534
0.6347364783 0.6479228735
0.6371890306 0.6520233154
0.6400923133 0.6588666439
0.6435131431 0.6649060845
0.6472477317 0.6690213084
0.650170207 0.672895968
0.6535194516 0.6767244339
0.6565855742 0.679487288

0.5934002399 0.6355130076
0.5981171727 0.6355872154
0.6038411856 0.6354030371
0.6086333394 0.6348593235
0.6151249409 0.63424927
0.622595191 0.6360436678
0.6288818121 0.6358757615
0.6366276741 0.6361247897
0.6442135572 0.637029469
0.6504495144 0.6376242042
0.6555185914 0.6380655766
0.6597329378 0.6386697292

