0.714784503 0.5911053419
0.7148884535 0.5899201632
0.7159917951 0.5837150812
0.7140982747 0.5741077662
0.7134775519 0.5666496754
0.7143266201 0.5588564873
0.7152854204 0.5486094952
0.7166345716 0.5386204123
0.7178740501 0.5313395858
0.7183826566 0.5274438262

0.6952018738 0.5544070005
0.6970896721 0.5520986319
0.6986523867 0.5452989936
0.7002272606 0.538190484
0.7026916146 0.5321375728
0.7058845758 0.5261862278
0.7085106373 0.5207641721
0.7107567191 0.5183172226
0.713508904 0.5185915232
0.7160776854 0.5195719004
0.7187942863 0.5236970782
0.7224116325 0.5300707221
0.7265113592 0.5366393924
0.7306408882 0.5420504212
0.733653307 0.5455721617
0.7355082631 0.5489314795

0.6866109371 0.5091363788
0.6918619275 0.5084148049
0.6978838444 0.508554101
0.7046394944 0.5079931617
0.7132126093 0.5071066618
0.7214393616 0.5079501867
0.7299646735 0.5100692511
0.7378799319 0.5095405579
0.7425392866 0.5085538626
0.7463589907 0.5083472133
0.746532023 0.5079553723

