0.5414611101 0.9510908723
0.5403320789 0.9469043016
0.5409940481 0.9463472366
0.5449960232 0.939938128
0.5453699231 0.9307441711
0.5451082587 0.9267372489
0.5450202227 0.9197397828
0.5450025797 0.9098537564
0.5452193618 0.9025959373
0.5454905629 0.8963568211
0.5446268916 0.8869700432
0.5437176228 0.8792950511
0.5431333184 0.8738464713
0.5432854891 0.8678444624
0.5445385575 0.8621373773
0.54594028 0.8603527546

0.5617413521 0.8923062682
0.5622448325 0.8972100019
0.5603761673 0.8946231604
0.5610132813 0.8918089867
0.5613675714 0.8859016895
0.5602331758 0.8815513253
0.5566522479 0.8756462336
0.5531557798 0.8687973022
0.5508554578 0.8604777455
0.5488743782 0.8533778191
0.5474129915 0.8472626209
0.5466163754 0.841889739
0.5458527207 0.8382329941
0.5454733372 0.8367863297
0.5445019007 0.8383648992
0.542938292 0.8394813538
0.5409439206 0.8438764811
0.5384391546 0.8490871787
0.533759892 0.8554453254
0.5305058956 0.8581935167
0.5289212465 0.8635326028
0.5272898674 0.8683595061
0.5259492993 0.8715387583
0.5238656402 0.8755354881
0.5224212408 0.8784203529
0.5214546919 0.8814448118

0.5045343637 0.8290979862
0.5050590038 0.8305746317
0.509896636 0.8314479589
0.5128303766 0.83098948
0.5178212523 0.8306862116
0.5244657397 0.832536459
0.5308796167 0.8335655928
0.536506772 0.8336256146
0.5433287621 0.8353431225
0.5506490469 0.8369717598
0.5574159026 0.8347503543
0.5622239113 0.8341329098
0.5676297545 0.8346246481
0.5711062551 0.8357024789
0.5734547973 0.8345570564
0.5742551088 0.8340719938

