0.8860327005 0.7047049999
0.88314116 0.6989185214
0.8840507865 0.6971301436
0.8851499557 0.6938670874
0.8841599822 0.6876138449
0.8834668398 0.680298388
0.8842799067 0.6747867465
0.8851255178 0.6675230265
0.8861535788 0.6597979069
0.8877073526 0.6531859636
0.889731884 0.6476426721
0.8905383348 0.6415846348

0.8689564466 0.6534005404
0.8704792261 0.6531491876
0.8725138903 0.6508761048
0.8735238314 0.6450018883
0.8743155003 0.6390814781
0.8758214712 0.6341524124
0.8767799139 0.6296685934
0.8779832125 0.6263647079
0.8798789978 0.6246346235
0.8823459148 0.6241645813
0.8844181299 0.6243225336
0.887408793 0.628443718
0.8910335302 0.6327669024
0.8950489759 0.6385795474
0.8986282945 0.6441854835
0.9028515816 0.6506204009
0.9061325788 0.6550582647
0.90985322 0.6589909792
0.9112837315 0.6599597931

0.8572142124 0.6133785248
0.8621435165 0.613925457
0.8656725883 0.6130589247
0.8697195053 0.6117436886
0.877181828 0.6123813391
0.8858118057 0.6128406525
0.8929635286 0.6126214862
0.9022628665 0.6139838099
0.9124471545 0.6147749424
0.9202566743 0.6141524315
0.9268001318 0.6127923727

