0.6455168724 0.4567053914
0.6407887936 0.4590212107
0.6387331486 0.4642208219
0.6367765665 0.4692166448
0.6348733306 0.4768663645
0.6324239969 0.4849848449
0.6313798428 0.4943202138
0.6336604357 0.5015243888
0.6373295784 0.5088586211
0.6423860788 0.5138247013
0.646433115 0.516079545
0.6504634619 0.5172340274
0.6551146507 0.5186477304
0.6607218981 0.5151639581
0.6659595966 0.5098932385
0.6707854271 0.5034605265
0.67461586 0.4952951372
0.6801732183 0.4859842658
0.6871486902 0.4788151085
0.695230782 0.4724810123
0.7021610737 0.4689186811
0.7071149349 0.4678764045
0.7107579708 0.4706113636
0.7135642767 0.4789112806
0.7150962353 0.4879561365
0.7141147256 0.4979052246
0.7129814625 0.5073524117
0.7100921273 0.5162548423
0.7064355016 0.5225772262

