0.8769557476 0.2810011804
0.8759768605 0.2807818651
0.8749998212 0.2832538486
0.8715829253 0.285556078
0.8667526841 0.2867963314
0.8612375259 0.2893361747
0.8571948409 0.2927906215
0.8543977737 0.3007552326
0.8527388573 0.3081842363
0.851601243 0.31461972
0.8516919613 0.3205141127
0.8530955315 0.3258168697
0.8561593294 0.3313233852
0.8602064252 0.333617121
0.8631527424 0.335108161
0.8672087193 0.3341756463
0.8713787794 0.3330405056
0.8751498461 0.3298820257
0.8787842989 0.3247653842
0.8834598064 0.3186150491
0.8898266554 0.3134322762
0.8962791562 0.3083688021
0.9030817747 0.3028013706
0.9095528722 0.2964159846
0.9171543121 0.2915591598
0.9248331785 0.288335979
0.9315296412 0.286908865
0.9365326166 0.2871744633
0.9404066801 0.2915314138
0.9421731234 0.2994357646
0.9434966445 0.3067471385
0.9425070286 0.3154254854
0.9404274821 0.3250336051
0.9368482828 0.3345003128
0.9318027496 0.3424042463

