0.727219522 0.54343009
0.7264126539 0.5423610806
0.7258402109 0.5414735079
0.7241957784 0.5414656401
0.7220603824 0.5422393084
0.7200083733 0.5430486202
0.7176433802 0.5471611619
0.7163695097 0.5537077188
0.7166612744 0.5629907846
0.7178294659 0.5709137917
0.7212300897 0.5791358352
0.7212300897 0.5791358352
0.724460721 0.5892822146
0.7294922471 0.5954807997
0.7345483899 0.5943588614
0.7387422323 0.5900666714
0.7422707677 0.5830183029
0.7480202913 0.5732868314
0.7556456327 0.5644016266
0.7659218311 0.557220459
0.7766199112 0.5532861352
0.7876106501 0.5562287569
0.7942870259 0.5705007315
0.7969489098 0.5847296119

