0.5124710798 0.09130548686
0.5086843371 0.09304372966
0.5088918805 0.09699784219
0.5104262829 0.1016820818
0.510719955 0.1103104576
0.5095930099 0.1214411408
0.5095459223 0.1342953146
0.5102962255 0.1396479756
0.5173657537 0.144399479
0.5196650028 0.1483234763
0.5220328569 0.1521953344
0.5268706083 0.1523155123
0.5323239565 0.1473104209
0.5376512408 0.1439771801
0.5465167761 0.138213411
0.5465167761 0.138213411
0.5560674667 0.1321913898
0.5669146776 0.1239410937
0.5747705698 0.1107029691
0.5807077885 0.1020917892
0.5875794291 0.106798701
0.5915428996 0.1189629138
0.591357708 0.1312519461
0.5864304304 0.1413603723
0.5847819448 0.155630827

