0.6511828899 0.8500743508
0.6474434137 0.8514828682
0.6435180306 0.8540430069
0.6400141716 0.8603683114
0.6365118027 0.8674782515
0.6326918602 0.8753527999
0.6300605536 0.8839452267
0.6324282885 0.8907243013
0.6366522312 0.895944953
0.6383932829 0.9006371498
0.6413974762 0.9050637484
0.6457691193 0.907972157
0.6520599723 0.9085661769
0.6602150202 0.9071717858
0.6676418781 0.9046056271
0.6741306782 0.9004790783
0.6805211902 0.8962036371
0.6867280006 0.8920089006
0.6927903295 0.8862029314
0.698612988 0.8806090355
0.7036683559 0.8763312697
0.7078376412 0.8735440969
0.7117728591 0.8742749691
0.7161554694 0.8773568869
0.7196260691 0.8831378222
0.7219491005 0.8910206556
0.7228212357 0.9000356197
0.7227957845 0.9088588953
0.7218382955 0.9180268049
0.7217564583 0.9264469743
0.7213308811 0.9338102341
0.7187422514 0.9370347857

