0.8702368736 0.4742219448
0.8658373952 0.4795424342
0.8622061014 0.4877927899
0.8580190539 0.4971353412
0.8581975698 0.5071336627
0.8641748428 0.5196784139
0.8717976213 0.5305376649
0.8769391775 0.5343042016
0.8847829103 0.5318803787
0.8929129243 0.5289545059
0.9006721377 0.5203601122
0.9071386456 0.507645905
0.918274045 0.495448947
0.9288152456 0.4853247702
0.9363517761 0.4785954952
0.944308579 0.4774777591
0.9505544305 0.4851157069
0.9481993914 0.5000579953
0.9459712505 0.51725173
0.9427621365 0.5412183404

