0.6561618447 0.3186842501
0.6592922807 0.319106847
0.6627177596 0.3144853115
0.6667550206 0.3142938018
0.675237298 0.3172235489
0.6866516471 0.321609199
0.6947325468 0.3210917115
0.7035754919 0.3211120069
0.7117524147 0.3238096535
0.7149101496 0.3253549039
0.7142105103 0.325237453
0.7094854712 0.3240741491
0.7033551335 0.3240906
0.6944244504 0.3226675987
0.6838604808 0.3192210197
0.67519629 0.3161987066
0.6661282182 0.3109713793
0.6589490175 0.3054806888
0.6531229019 0.2985018194
0.6512607932 0.291435957
0.6517234445 0.2864087224
0.6546482444 0.2824903131
0.6591579318 0.2791049778
0.6655256748 0.2779432535
0.672002852 0.2814623117
0.67722404 0.2881804705
0.6809099913 0.2955867648
0.6820690632 0.3019811511
0.6798251867 0.3058273792

