0.8424203992 0.8608702421
0.8453878164 0.8597989678
0.8500076532 0.8590294719
0.8570935726 0.8592085838
0.8657303452 0.859862268
0.8755990267 0.8597539067
0.8849425912 0.8601938486
0.8955433369 0.8621814251
0.9047871828 0.8629555702
0.911621213 0.8638814688
0.91669029 0.8646134138
0.9194089174 0.8654375076
0.9222631454 0.8662007451
0.924890995 0.8669376373
0.9268032908 0.8684371114
0.9286634326 0.8692755699
0.9296042323 0.8685783148
0.9296537638 0.8685039282
0.9282875061 0.8674906492
0.9244753122 0.8656976223
0.9193836451 0.8649986386
0.9118567705 0.8647739887
0.8990901709 0.8621221781
0.8879713416 0.8598668575
0.8783624172 0.8589143157
0.867572546 0.8559967279
0.8577027321 0.8523372412
0.8508628011 0.8485131264
0.8460388184 0.8443502188
0.8435541987 0.839173317
0.8438950777 0.8328891993
0.8480275869 0.8280578852
0.8539108634 0.8237775564
0.8605823517 0.8207752109
0.8690685034 0.8194255829
0.8791919947 0.8217298388
0.8855191469 0.8267134428
0.887417078 0.8325749636
0.8826177716 0.8386490941
0.8781386614 0.8468913436
0.8744462132 0.8528575897

