0.850413084 0.9206881523
0.8560944796 0.9237878323
0.859456718 0.9232058525
0.8628290892 0.9207098484
0.8719313145 0.9222740531
0.8844690323 0.9255430698
0.8951924443 0.9255206585
0.9057245255 0.9247598052
0.9175987244 0.9281210303
0.9232195616 0.9287239909
0.9244577885 0.9286576509
0.9203829765 0.9282043576
0.9155349731 0.9280593395
0.908742547 0.926882267
0.8999965191 0.9239228964
0.8910577297 0.9200743437
0.8817458153 0.9156084061
0.8740597963 0.9115638733
0.8681887984 0.9070919156
0.863371551 0.901902914
0.8609958887 0.8971222043
0.8611052632 0.8926177025
0.8647497296 0.8901981115
0.8715775013 0.8896018267
0.8779035211 0.8903573751
0.8849915266 0.893992424
0.8899642229 0.9006410837
0.8897114396 0.9084559083
0.8873007298 0.9146736264

