0.7503486872 0.7973137498
0.752827704 0.7958709002
0.7610169649 0.7959859967
0.7695955038 0.7950932384
0.7777602077 0.7957407832
0.7879993916 0.7983015776
0.7981747389 0.7998019457
0.804623723 0.7982856631
0.8099293709 0.7996916175
0.8122143745 0.8028801084
0.8099908233 0.8044867516
0.8012242317 0.800847888
0.7929600477 0.7984775901
0.784470439 0.796938777
0.7747607231 0.7932676077
0.7654021978 0.7880496979
0.7586390376 0.7833049297
0.7531237006 0.7781780362
0.7496902347 0.7728236318
0.7485755086 0.7677274346
0.7499727607 0.7647662759
0.7535218596 0.7629388571
0.7587454319 0.7620142698
0.7649149895 0.7645907998
0.7709711194 0.7701712251
0.7750601768 0.7770062685
0.7765005827 0.7834588289
0.7748712301 0.787927866

