0.7637390494 0.7015454769
0.7788261771 0.7045505643
0.7788261771 0.7045505643
0.7874807119 0.7059069872
0.7975421548 0.7082902193
0.8094410896 0.7116099
0.8209617138 0.7142109871
0.8301769495 0.7176495194
0.8367177844 0.7218939066
0.8370271921 0.7228987813
0.8352793455 0.7237394452
0.8284782171 0.7226550579
0.8169559836 0.719843924
0.8047385216 0.7159309983
0.7930862308 0.7125517726
0.7816101313 0.7079464793
0.7715392113 0.7025854588
0.7635895014 0.697072804
0.7582424879 0.6911846995
0.7548544407 0.6847862005
0.7547261715 0.6786626577
0.758713603 0.6740431786
0.7636091709 0.6708103418
0.7706679106 0.6701442003
0.7801067233 0.6741809249
0.7874649167 0.6801760793
0.7915806174 0.6880793571
0.7916381955 0.6955516338

