0.8497475386 0.4193302691
0.8511490822 0.4201471508
0.853763938 0.4214665592
0.8561650515 0.4221454263
0.8561650515 0.4221454263
0.8605375886 0.4243786335
0.8684422374 0.4272418916
0.8772697449 0.4313566089
0.8879519105 0.4354949892
0.8981273174 0.4401603937
0.9103793502 0.4444392323
0.922465682 0.4488846362
0.9316978455 0.4526413381
0.9381763935 0.454251945

0.8469493389 0.3836245537
0.85148561 0.3848971725
0.8569215536 0.3864243627
0.8633742332 0.3868145943
0.8725473285 0.389493674
0.8845669031 0.3943521976
0.8940951824 0.3978808224
0.904833436 0.4022507071
0.9172504544 0.4072681963
0.9265215993 0.4108690619
0.9360195398 0.4145484269
0.9446973205 0.4171774387
0.9507462382 0.4170383513
0.9513660669 0.4167439938

0.8766538501 0.4586380124
0.8773524761 0.456436038
0.8769805431 0.4510264695
0.8768932223 0.4445460141
0.8775190711 0.4373604655
0.8776832223 0.4295789599
0.8779144287 0.4214023054
0.8781120777 0.4128914773
0.8786658049 0.403819114
0.8793070316 0.3948317468
0.8799215555 0.3867127895
0.8803737164 0.3788201809
0.8807876706 0.3726806641
0.8813315034 0.3672284782

0.9042383432 0.4659045339
0.9042906165 0.4654357433
0.9044066072 0.4625463486
0.9039657116 0.4573185444
0.9035118818 0.451698184
0.9044532776 0.446089983
0.9050760269 0.4385359585
0.9059439301 0.4306138456
0.9077397585 0.4234493971
0.9094913006 0.4156683683
0.9107393622 0.4074530005
0.9124172926 0.4000285566
0.9140140414 0.3926256001
0.9145261049 0.3851182461
0.9150996208 0.3791568279

