0.855027914 0.5357310772
0.8615629673 0.5383020043
0.8669748902 0.541174233
0.8726363778 0.5454102159
0.8821730614 0.5506257415
0.8931643367 0.5565422177
0.903010726 0.5616852045
0.9133976102 0.5667503476
0.9222422242 0.5722481608

0.862449944 0.4974941313
0.8679897785 0.5001229048
0.8755210042 0.5048991442
0.8830447793 0.5108283758
0.891494453 0.5178326964
0.9006633759 0.5256366134
0.9107221365 0.5343907475
0.9191936255 0.540812552
0.92590487 0.5452530384
0.9305966496 0.5475652814
0.9299488664 0.5487553477

0.8808879256 0.5717400908
0.8811732531 0.5639341474
0.8813970089 0.5542057753
0.8800323606 0.5415104032
0.8792002201 0.529527247
0.8800008297 0.5184810758
0.8805809021 0.5072333217
0.8814544678 0.4972364008
0.8841534257 0.4901602864
0.8857389092 0.4845570326
0.8865924478 0.4813959897

0.9015283585 0.5841661692
0.902697444 0.5823328495
0.9024673104 0.5754776597
0.9028452635 0.5673899055
0.9037328959 0.558496654
0.9047788382 0.5478656292
0.9056730866 0.5368565321
0.9072541595 0.525993824
0.909438014 0.5156443715
0.9109262228 0.5064747334
0.9121544361 0.4988888204

