0.8395531178 0.5124580264
0.840439558 0.5107504129
0.8446851373 0.5098081827
0.8471978307 0.5091922879
0.8523405194 0.5108503103
0.8616505861 0.5143424869
0.8716981411 0.5180607438
0.880474627 0.5221580267
0.8909198642 0.5263834
0.9025703073 0.5301974416
0.9091031551 0.5322531462
0.9159244299 0.5337295532
0.9241420031 0.5361409187
0.9280302525 0.5366733074

0.8546580672 0.4730766118
0.8572177291 0.4755744338
0.8662393689 0.4780637324
0.8753525615 0.4809087813
0.8860459328 0.4837959707
0.8969983459 0.4880738258
0.9075590968 0.4925487638
0.9166811705 0.496691972
0.9237570763 0.4998273849
0.9295370579 0.501673162
0.9320510626 0.5016217232

0.8641342521 0.5361133814
0.8638190031 0.5321589708
0.8675259352 0.5245534182
0.8670138121 0.5158441067
0.8660785556 0.5054607391
0.8672017455 0.4962517321
0.8682603836 0.4858548641
0.8684411645 0.475564152
0.8699470758 0.4666645527
0.8715114594 0.4591329694
0.8730076551 0.4522399902
0.8750678897 0.4475948215
0.8763097525 0.4447335303

0.8964982033 0.543243885
0.897428751 0.5408346653
0.8979176283 0.5346888304
0.8972812891 0.527674973
0.8981052041 0.5205371976
0.8999740481 0.513019383
0.901099503 0.5040539503
0.9031349421 0.4947788715
0.9063718319 0.4860765636
0.908031106 0.4767392278
0.909517169 0.4685336351
0.9100253582 0.4622766972
0.9097589254 0.4565035999

