0.8403028846 0.7066417336
0.8445402384 0.7094525099
0.8490402699 0.711222887
0.854016006 0.7124310732
0.8611191511 0.7156979442
0.8692079782 0.7192171812
0.8772221804 0.7219766974
0.8851389885 0.72417593
0.8924443126 0.7263661623
0.8988294005 0.72819978
0.9028776884 0.7290834188
0.9043624997 0.7291930914

0.8411012888 0.6708066463
0.8433783054 0.6730560064
0.8474212885 0.675303936
0.8503303528 0.6767727733
0.8545404673 0.6790868044
0.8610258102 0.6827370524
0.8685783744 0.6856919527
0.8757698536 0.6884065866
0.8842617869 0.6913149357
0.8915461898 0.693883419
0.897870183 0.6954088211
0.9035836458 0.6970271468
0.9073764086 0.6979517937

0.8591346145 0.7325310111
0.8600107431 0.7315986753
0.8604243994 0.7276428938
0.8598909378 0.7217094898
0.8594942093 0.7145834565
0.8604352474 0.7070983052
0.8609229326 0.6987684369
0.8616791964 0.690402627
0.8627004623 0.6825594902
0.863615036 0.6753302813
0.8644228578 0.6679598093
0.8655506372 0.6615080237
0.8663489819 0.6560101509
0.8668648601 0.6509372592

0.8806790113 0.7486273646
0.8809964657 0.7469058037
0.8813008666 0.7418757081
0.8813557625 0.7350738049
0.8814002275 0.7279355526
0.8823843598 0.7184449434
0.8829741478 0.7092126608
0.8843927383 0.6988083124
0.8855946064 0.6888201237
0.887010932 0.6785115004
0.8880045414 0.6687662601
0.8890039921 0.6603839993
0.889834702 0.6529545188

