0.623415947 0.4045911133
0.6281268597 0.4063731134
0.6340123415 0.407749474
0.6405770779 0.4107114375
0.6485671997 0.4156355262
0.6570592523 0.4213440418
0.6653420329 0.4263129532
0.6730329394 0.4311941862
0.680660665 0.4366234839
0.6886034608 0.4406991005
0.6928680539 0.4418365657

0.6283219457 0.365278095
0.6333836913 0.3675261438
0.6381881237 0.3699638247
0.6440013051 0.3738390207
0.6508163214 0.3780099154
0.6584011912 0.3820851445
0.6659466028 0.3864834905
0.6734493375 0.3909068406
0.6806696653 0.3951695263
0.686439693 0.3988515437
0.6898840666 0.4010229707
0.6913737059 0.4017389119

0.6487845778 0.4371726513
0.6480815411 0.4316526353
0.6480392218 0.426428169
0.6466394067 0.4189101458
0.6454997063 0.4102356732
0.6446648836 0.4002346992
0.6437462568 0.3901084065
0.6433765292 0.3810860217
0.6433739662 0.3713319302
0.6434958577 0.3626249135
0.6438539028 0.354634583
0.6447167993 0.3484193683
0.6453241706 0.3451603055

0.6749607325 0.4462019503
0.6746790409 0.4422015548
0.6746159792 0.4363763332
0.6740611196 0.4284065366
0.6728181839 0.4193637371
0.6717492938 0.4081570208
0.6707419157 0.3974329829
0.6699290276 0.3866996169
0.6693680882 0.3766169846
0.6694052219 0.3677453399
0.6693801284 0.3600342274
0.6695643067 0.3549996316

