0.6125934124 0.2400544584
0.6142044067 0.2410468906
0.6168439388 0.2416532934
0.6209248304 0.2432200313
0.6254650354 0.2450368404
0.6314184666 0.2480897605
0.6388532519 0.2512639463
0.6466144919 0.2543168664
0.6538859606 0.2571812272
0.6615865231 0.2615589797
0.6688601375 0.2661239207
0.6754763722 0.2696878016
0.6802676916 0.2725239098
0.6850154996 0.2757917047
0.6890342832 0.2780985534
0.6917623281 0.2795773745

0.6141229272 0.199323833
0.616035223 0.2009285837
0.6185802817 0.2022224367
0.6227474809 0.2043556273
0.6267650127 0.206406489
0.6324504614 0.209225893
0.6393125057 0.2123577297
0.6460456848 0.2156211436
0.653203845 0.2197289318
0.6607193947 0.2240957618
0.6676371694 0.2279352099
0.674280107 0.2320942581
0.6801165342 0.2359047532
0.6851918697 0.2389736027
0.6892066002 0.2413197756
0.6914958358 0.2424852401
0.6940081716 0.2437533885

0.633236587 0.2813899517
0.6321583986 0.278116256
0.6327688098 0.2753509879
0.632902503 0.2713935375
0.6321307421 0.2653974295
0.6317181587 0.2593356669
0.6322033405 0.2528368831
0.6320742369 0.2452973425
0.6320165396 0.2366793156
0.6323775053 0.2285443544
0.6328276396 0.2204079628
0.633494556 0.2123007476
0.6339252591 0.2045108825
0.6348385811 0.197301954
0.6355566382 0.1905058473
0.6364637017 0.1844296157
0.6374157667 0.1797578186

0.665574193 0.2886330485
0.6658619642 0.2890167832
0.6661860347 0.2876481414
0.6662263274 0.2837413847
0.6662474275 0.2783918977
0.6664103866 0.2733658552
0.6664125919 0.2661975026
0.6663140059 0.2587747574
0.6665753722 0.2503816485
0.6668079495 0.2422522306
0.6668431163 0.2338744849
0.6669085622 0.2254713774
0.6668962836 0.217317
0.6669180393 0.2093311548
0.6669655442 0.2023262978
0.6674054861 0.1962441802
0.6681168079 0.1921170056

