0.8460374475 0.4513393342
0.8463730812 0.4512731135
0.8492549062 0.4525366127
0.8527920842 0.4543165565
0.8562422991 0.4557471275
0.8605383635 0.4575607777
0.8670137525 0.4607566893
0.8727382421 0.4636338949
0.8788792491 0.4659255147
0.8852735758 0.4686618447
0.8914225101 0.4712101519
0.8967313766 0.4728277922
0.9021586776 0.4740492105
0.9072629809 0.4755072296
0.9111002088 0.4769841433
0.914167285 0.4776902497

0.8396526575 0.4215416908
0.8422811627 0.4225060642
0.846355617 0.4238720536
0.8524236083 0.4267119169
0.858111918 0.4290387034
0.8654465675 0.4320428371
0.8733793497 0.4355576336
0.8814130425 0.4393891394
0.8895546794 0.4428784549
0.8964073062 0.4456398487
0.9028843045 0.4485465288
0.9080147743 0.4507297873
0.911411047 0.4522503614
0.9128529429 0.4534483552
0.9131651521 0.4540811181

0.8676965237 0.4865640998
0.8677749634 0.485437721
0.8679272532 0.4810035825
0.8650358915 0.4720080793
0.8627224565 0.4633643329
0.8612741232 0.4546484649
0.8601638675 0.4447372854
0.8592450619 0.4337078333
0.8593676686 0.4238817394
0.8597030044 0.4155684412
0.8606063128 0.4085026681
0.861123383 0.4038520753
0.8620054722 0.4007489681
0.8624742031 0.399612397
0.8623310924 0.3997585773
0.861784935 0.4007838368

0.8868963718 0.4954926074
0.8862167597 0.4917472899
0.8873645067 0.4879645109
0.8863537908 0.4816800356
0.88537395 0.4747549295
0.8850390315 0.4654040635
0.8843960762 0.4553857446
0.8838586807 0.4438788593
0.8835552931 0.4327182174
0.8843129873 0.4224787652
0.8850438595 0.4129779339
0.886161983 0.4052158892
0.8872949481 0.3993756771
0.8878620863 0.3958185017

