0.6265190244 0.7998505831
0.628269732 0.8006526232
0.6318548918 0.8017006516
0.6374082565 0.8046725988
0.6428781748 0.8077784777
0.6491982937 0.8116972446
0.6571715474 0.8162284493
0.6649899483 0.8204932213
0.6719901562 0.8237017989
0.6788130403 0.8272387385
0.6847110391 0.8302300572
0.689055562 0.832490325

0.6208962202 0.7658061981
0.6227247715 0.7666813135
0.6257791519 0.7677615285
0.62961483 0.7685978413
0.6336254478 0.7699838281
0.638312161 0.7725622058
0.6442512274 0.7752436399
0.6497748494 0.7776741982
0.6560996175 0.7809091806
0.6622573733 0.784504652
0.6685525775 0.7878907919
0.6741759181 0.7909346819
0.679695487 0.7943462133
0.6847321391 0.7975339293
0.6886328459 0.8003058434
0.6917577982 0.8021562099
0.6938142776 0.8035529852

0.643299222 0.8344368339
0.6440933943 0.833974719
0.6431450844 0.8308797479
0.6423348784 0.8261434436
0.6421929598 0.822424531
0.6419666409 0.8175877333
0.6410716772 0.81047225
0.6407618523 0.8035985231
0.6407828927 0.7965570688
0.6406547427 0.7890218496
0.6409358978 0.7816852331
0.6415436268 0.7736287117
0.6420279741 0.7668921947
0.6425956488 0.7606024742
0.6426135302 0.7546874881
0.6429970264 0.7480994463
0.6428105235 0.7430386543

0.6701208949 0.8450332284
0.6704055071 0.8453879952
0.6709602475 0.8404482603
0.6710712314 0.8362767696
0.6711109877 0.8310753703
0.6713653207 0.8246756196
0.6718326211 0.8173627257
0.6721783876 0.8083872199
0.6726299524 0.7986516953
0.6732745767 0.7900195122
0.6742770076 0.7805953026
0.6749845743 0.7714104056
0.6758919358 0.763976872
0.676874578 0.7572926283
0.6774621606 0.7527248859

