0.7086448669 0.3123319745
0.7110704184 0.3137795925
0.7149061561 0.3159242868
0.7201509476 0.3170564771
0.7255403996 0.319263339
0.7339251041 0.3237167001
0.7424573898 0.3273408711
0.7509613037 0.3300042152
0.7601292133 0.333191514
0.7688481808 0.3368789852
0.7763170004 0.3398468792
0.7824473381 0.3418864012
0.7875156403 0.3433679044
0.7900422215 0.3436846435

0.7096039057 0.2842819691
0.712624073 0.2853466272
0.7171144485 0.2872620225
0.721460402 0.2879025042
0.7266626358 0.2892781496
0.7339934707 0.2916662097
0.741204083 0.2935781479
0.748845458 0.2956156731
0.7567514181 0.298781991
0.7647209167 0.3028801382
0.7721792459 0.3064540625
0.7787351608 0.3088383675
0.7848410606 0.3111093044
0.7889773846 0.3125706911
0.7922149897 0.3137842715

0.7324471474 0.3423390985
0.7323622704 0.3393318057
0.7317812443 0.3343630135
0.7306118011 0.3270614743
0.7298468351 0.3204658926
0.7296175957 0.3126270771
0.7295191288 0.3041580319
0.7296774983 0.2955465615
0.7305710316 0.2873697877
0.7313720584 0.2798954844
0.7319177389 0.2728062272
0.7325492501 0.2675772309
0.7331166267 0.263733983

0.7615479231 0.3552287519
0.7614347339 0.3543067575
0.7615730762 0.3497689962
0.7614482045 0.3427544236
0.7613620162 0.3341550827
0.7618143559 0.3264183998
0.7623488903 0.3173598051
0.7630776167 0.3070530593
0.7640594244 0.2976920903
0.7655339241 0.2889635563
0.7667053938 0.2807777822
0.7675747871 0.2729800344
0.7678365707 0.2670426369

