0.6044273376 0.3315960765
0.6065007448 0.3322181702
0.6111211777 0.3331842721
0.6151278019 0.3351374269
0.6203487515 0.3370834887
0.6258102655 0.3398708999
0.6328418255 0.3430417776
0.6397451758 0.3456449807
0.6469162703 0.34869048
0.6541580558 0.3515965044
0.6605468392 0.3540596366
0.6664319634 0.3561172783
0.6709772944 0.3573169112

0.6063625216 0.2900956869
0.6093375683 0.2926220596
0.6130567789 0.2947699726
0.615948081 0.2960145473
0.6207062602 0.2987682223
0.6259145141 0.3018334806
0.6313641071 0.3043678403
0.6375161409 0.3070597947
0.643758297 0.3107353747
0.6502951384 0.3141348958
0.6557887197 0.3171854615
0.6614527106 0.3203826249
0.6663652658 0.3231433034
0.6703528762 0.3251526058

0.6226572394 0.3596782088
0.6230852008 0.3588230312
0.6234835386 0.3568712473
0.623930037 0.3542032242
0.6238549352 0.3510083258
0.6240926981 0.3477934003
0.62381953 0.3438151777
0.6233544946 0.3389242887
0.6229966283 0.3342576623
0.6231746674 0.3293603659
0.6230419874 0.3244216442
0.6226681471 0.3191313148
0.622399509 0.3142015338
0.6220450401 0.3091451526
0.621741116 0.3040253222
0.6217397451 0.299203366
0.6218526959 0.294657886
0.6220135093 0.2900479734
0.6223999262 0.2857685983
0.6222947836 0.2816202044

0.6509580016 0.3701115549
0.6504825354 0.3684093058
0.6504254341 0.3674981594
0.6500480771 0.3655602336
0.6494288445 0.3617804646
0.6490787268 0.3584202528
0.649165988 0.3546974361
0.6492945552 0.34953022
0.6493751407 0.3439058959
0.6498200893 0.3386785686
0.6503790617 0.3330652416
0.6506218314 0.3272029757
0.6509522796 0.3213638067
0.6510313153 0.3158205152
0.6511626244 0.3102823198
0.6512163877 0.3049331605
0.6513411999 0.3004674911
0.6515501738 0.2964030504
0.6519335508 0.292960912
0.6524490118 0.2902947366

