0.7249532938 0.2256966978
0.7279264331 0.2262945026
0.7317658663 0.227374658
0.7370497584 0.2300866842
0.7440623045 0.2334109694
0.7531539202 0.2371098697
0.762920022 0.2415708899
0.7733739614 0.2462540716
0.783420682 0.2511602044
0.7926238775 0.2558544278
0.7989173532 0.2590444088

0.7234151363 0.1949991435
0.7269374132 0.1965789646
0.7319324017 0.1981902421
0.737490952 0.1989809573
0.7441623807 0.2011798769
0.7528506517 0.2061041594
0.7617590427 0.2101520896
0.7707393169 0.2138022482
0.7794337869 0.2179204226
0.7880014181 0.2222854644
0.7949222922 0.2261967361
0.8004847169 0.2285279632
0.8026471734 0.2288534343

0.747538209 0.2560831904
0.7476104498 0.2531436384
0.7476692796 0.2490103096
0.7465505004 0.2425540686
0.7462522984 0.2367858887
0.7463929653 0.2301431298
0.7463459969 0.2218949646
0.7468681335 0.2125654519
0.7481219172 0.2041578442
0.7490497828 0.1960811317
0.7499290705 0.1883005053
0.7505761385 0.1821680665

0.7747232914 0.2677149177
0.7745831609 0.2674617469
0.7744245529 0.2649620771
0.7735800743 0.2590099573
0.7731208205 0.2529762089
0.7733550072 0.2462216318
0.7736275792 0.2375104725
0.7739347219 0.2279227823
0.7751059532 0.2186102569
0.7764593363 0.2103237212
0.7772283554 0.2022466809
0.7775731087 0.1946945488

