0.7177901864 0.9106687903
0.7211737633 0.9116642475
0.7258341312 0.9126239419
0.7305893898 0.9143214822
0.7365506887 0.9175490141
0.7455325127 0.9236085415
0.7545528412 0.9287393093
0.7630703449 0.9333643913
0.7715705633 0.9380877018
0.7788323164 0.9418110847
0.7836828828 0.942629993

0.7157093883 0.8744713068
0.7194446921 0.8768460751
0.7232413292 0.8792535663
0.7272852659 0.8814361095
0.7316529155 0.8844234943
0.7376794219 0.8892151713
0.743468523 0.8933662176
0.7492699623 0.8976477385
0.7550886869 0.9019972086
0.7607688904 0.9064613581
0.7667568922 0.9110351205
0.7719805837 0.9145622253
0.777031064 0.9174879193
0.7808494568 0.9196115732
0.7840675712 0.9218447208

0.7313425541 0.9393588305
0.7327426672 0.9389072657
0.7337917089 0.9371075034
0.7338241339 0.9334181547
0.7338801622 0.9299773574
0.73368752 0.9251203537
0.7334825993 0.919410944
0.7336088419 0.913482666
0.7340495586 0.9072917104
0.734752059 0.900323391
0.7356170416 0.8929792643
0.7365112305 0.8860529661
0.7373583317 0.8788416386
0.7381008863 0.8720272183
0.7389420867 0.8665053248
0.7395355701 0.8615759611

0.7609072924 0.954648912
0.7617569566 0.9544228315
0.7616072893 0.9508484602
0.7606281042 0.944299221
0.7600315213 0.938488245
0.7599074841 0.9324190021
0.7602047324 0.9243034124
0.7604626417 0.9161567688
0.761262536 0.9082043171
0.7623618841 0.90061903
0.7634733915 0.8932276964
0.7642210126 0.8863809109
0.7646883726 0.8806217909

