0.5204809904 0.3014912903
0.5193952322 0.3000434339
0.5218865871 0.3031523228
0.5257879496 0.3059509695
0.5292989612 0.3063344657
0.5328199267 0.3070027828
0.5374513865 0.3092506528
0.5428900719 0.3115074635
0.5474197865 0.3132937849
0.5518286824 0.3157986999
0.5567018986 0.3186937273
0.5616393089 0.3202704489
0.5657827258 0.3217284381
0.5698398352 0.3235346079
0.5740437508 0.3247340918
0.5771996975 0.3260630667
0.5800075531 0.3272269964
0.5821392536 0.3276826143

0.5170353651 0.2640221417
0.5194000006 0.2656112909
0.5230699778 0.2667587698
0.5264214873 0.267885536
0.529981792 0.2690861821
0.5343157649 0.2711881697
0.5390207767 0.2731038928
0.5431441069 0.2751559615
0.5478371382 0.277107209
0.5525880456 0.2786905468
0.5569244623 0.2801369429
0.5608084202 0.2815150023
0.564781785 0.2827070355
0.5683397055 0.2840769291
0.5715870857 0.2853602469
0.5741445422 0.2864784896
0.5763562918 0.2871837318
0.5779048204 0.2873060703

0.5344344378 0.3326952755
0.5355148315 0.332201004
0.5362078547 0.3312314153
0.5355229378 0.3282850981
0.5351830721 0.3232902288
0.5357023478 0.3195828795
0.5355138779 0.3151935339
0.5352506042 0.3096627593
0.5354381204 0.30376634
0.5356601477 0.2979592681
0.5356326103 0.2916823328
0.5359115601 0.2848938704
0.5357198119 0.2780565321
0.5358366966 0.2712596059
0.5362110734 0.2647981048
0.5367988348 0.2582011819
0.5373173356 0.2518684566
0.5379264951 0.2461471558
0.5379993916 0.2412053049
0.53788656 0.2371157557

0.5602750182 0.3408277631
0.5602975488 0.3403523564
0.5606883764 0.3376774788
0.5611048937 0.3338479102
0.5614823103 0.3303978741
0.5617394447 0.3261202276
0.5617194772 0.3212648928
0.5612871051 0.3157823384
0.5614771247 0.3103166819
0.5616579056 0.304543376
0.5616408587 0.2979307771
0.5617809892 0.2911197543
0.5618540645 0.2842667401
0.5627244115 0.2784879804
0.563177228 0.2724036574
0.5632001162 0.2658705115
0.5630931258 0.2599105239
0.5635694265 0.2554793656
0.5632674694 0.2514599264
0.5624203682 0.2474924177

