0.720017314 0.6921779513
0.724229455 0.6935051084
0.7277969122 0.6946180463
0.7323288918 0.6964825392
0.7399015427 0.7011437416
0.748835206 0.7059217691
0.7574131489 0.7098118067
0.7667211294 0.7138710022
0.7760320306 0.718931973
0.7835926414 0.7230503559
0.7878572941 0.7244585752
0.7888483405 0.7238373756

0.7140238881 0.6583231688
0.7181982398 0.6588573456
0.7245670557 0.6594129801
0.7317056656 0.6613801718
0.7404205203 0.6648613214
0.7488585711 0.6682478189
0.7581085563 0.6719722748
0.7661926746 0.6751675606
0.7739399672 0.6785734892
0.7801861763 0.6816029549
0.7838303447 0.6831444502
0.7850794792 0.683126688

0.7366635799 0.7211734056
0.7376710176 0.7168933749
0.7383007407 0.7082090378
0.7377173305 0.6965901852
0.7382175326 0.6847246885
0.7387868166 0.6741297245
0.7392234802 0.662263751
0.7393715382 0.6515978575
0.740183413 0.6444194317
0.7405546904 0.6372255683
0.7400374413 0.6324925423

0.7650401592 0.7306093574
0.7663538456 0.7279106379
0.7667135 0.7215329409
0.7669469118 0.7135953903
0.7664625049 0.702693224
0.766628623 0.6921756864
0.7669742107 0.6806994677
0.7678707838 0.670214355
0.7688711882 0.6600433588
0.7697775364 0.6504696012
0.7708895206 0.6431186199
0.7712097764 0.6380206943

