0.9209788442 0.1886669099
0.9226777554 0.1974238753
0.917640686 0.2024120986
0.9084006548 0.2059573829
0.8998531103 0.2081201971
0.8916226625 0.2093767822
0.8848544359 0.2062492669
0.8765753508 0.2020975947
0.8706975579 0.1971192509
0.8689805269 0.1891875416
0.8688630462 0.1826971322
0.8717019558 0.1778740883
0.8785554767 0.1758164912
0.8858379126 0.1736695468
0.8936297894 0.1743451357
0.9027872086 0.1778515875
0.9107506275 0.1840076894
0.9115564823 0.1904366612
0.9119209051 0.1967387199

0.8467512727 0.1814298183
0.8442555666 0.1763610095
0.8396959305 0.1700121015
0.8381426334 0.1661175638
0.8361945748 0.1634433717

