0.701828599 0.3633851409
0.6977888346 0.3681177795
0.6914111376 0.3724864721
0.6829719543 0.37444067
0.6739237905 0.3696793914
0.6651551723 0.363550216
0.6614098549 0.3570767939
0.6609981656 0.3485908508
0.6644504666 0.3407100141
0.6816126108 0.3392497003
0.6816126108 0.3392497003
0.6898139119 0.3420037031
0.6956138015 0.3482434154
0.7002752423 0.3579100072
0.7015544772 0.3654889464
0.6991509199 0.3691992164
0.6939458847 0.3700359464

0.6446686387 0.3564803302
0.6362988353 0.3492079377
0.6327903271 0.3427527249
0.6291190386 0.3381014466
0.6237223148 0.3361064792

