0.5886135697 0.5877549648
0.5892137289 0.5922654271
0.5901316404 0.5976297855
0.5887413621 0.6011981964
0.5825728178 0.6042298079
0.5772676468 0.6041523218
0.573505044 0.6048067212
0.5691289902 0.6045635939
0.5648494363 0.6047244072
0.5601825714 0.6045342088
0.5559623241 0.6036113501
0.5517656207 0.6021209955
0.5481709838 0.5982219577
0.5448173285 0.5946125984
0.5429822206 0.5899164081
0.5426114202 0.5851826668
0.5404016972 0.5779540539
0.5404016972 0.5779540539
0.5457373857 0.5723378658
0.5524745584 0.5674496293
0.5619860888 0.5645278692
0.5710755587 0.5656024218
0.5786165595 0.572591424
0.5847475529 0.5832964182
0.5862280726 0.5939824581
0.585169673 0.5996334553

0.5257252455 0.5901178122
0.5192366838 0.5798161626
0.5116702318 0.5703243017
0.5045146942 0.5657023191
0.5010825396 0.5621450543

