0.5710269809 0.3070529699
0.5704246759 0.3104634285
0.5666693449 0.3121242523
0.5619962811 0.3172532916
0.5599455237 0.3187517822
0.5576984882 0.320268333
0.5551313758 0.3209301829
0.5517580509 0.3196796477
0.5452451706 0.3132852018
0.5436178446 0.3097341359
0.5420516133 0.3073351681
0.5407944322 0.3044809699
0.538761735 0.2965891957
0.5390806198 0.292403996
0.5399742126 0.2880851924
0.5423792601 0.2836586237
0.5439586639 0.2814892232
0.5505601764 0.2790337801
0.5541737676 0.2775590122
0.5585407615 0.2771531641
0.5618206263 0.2768702209
0.5642912984 0.2783165872
0.5668691993 0.279166609
0.5689656734 0.2831036448
0.5712261796 0.2858384848
0.5737621188 0.2917007506
0.5714979172 0.2983238399
0.5714979172 0.2983238399

0.5134122968 0.280724436
0.5063494444 0.2713367045
0.5009992123 0.2639282048

