0.58627069 0.2004225552
0.5835511088 0.2003403306
0.5801785588 0.2022911012
0.5767948031 0.2070502043
0.5714901686 0.2023477852
0.5621759892 0.1958092898
0.5561386347 0.1902675182
0.5537628531 0.1838546395
0.5535604358 0.1778317392
0.5546889901 0.1711113155
0.5582509041 0.1647800505
0.5654483438 0.1591343731
0.5722180009 0.1569482237
0.5802180767 0.1570769846
0.587931633 0.160046488
0.5929403305 0.1657930315
0.5961760283 0.1757959425
0.5978261828 0.1888518333
0.5967216492 0.2000453472
0.5935519934 0.2069827616

0.5338687897 0.1758656949
0.529176712 0.169267416
0.5258669853 0.1623695046
0.5201553106 0.1554363668
0.51660496 0.1534383893

