0.9340831041 0.3216497302
0.9317002892 0.3262428641
0.9275822043 0.3343157172
0.9195588827 0.3380399942
0.9119731784 0.3370874822
0.9067114592 0.3354914188
0.9018857479 0.3327150345
0.8974109888 0.3260986209
0.8959043026 0.3190789223
0.8977876306 0.3115364313
0.9008406401 0.3037527204
0.9066799879 0.2988983095
0.9152214527 0.2966923416
0.923312366 0.2985349596
0.9286077619 0.3015965819
0.9360010028 0.3089052439
0.9394491911 0.3192301095
0.9402939081 0.3274107277

0.8589285612 0.2999384701
0.8529892564 0.2978234887
0.8484252691 0.2953615785

