0.9165904522 0.08125494421
0.9173808098 0.08803287894
0.9113420248 0.09544505179
0.9032865763 0.0968966186
0.8957182169 0.09883885086
0.8911570311 0.1005053446
0.8860861659 0.09796361625
0.8822767735 0.08998937905
0.8810348511 0.08516922593
0.8820596933 0.0783842206
0.8851988316 0.06917115301
0.8911173344 0.06242806837
0.8977015018 0.06098569557
0.9050428867 0.06102623791
0.9100390673 0.06295655668
0.9133461714 0.06974095106
0.9157871008 0.08065141737
0.9123359323 0.08743900061

0.8573297262 0.07962363213
0.8542615175 0.07861164957
0.8505679369 0.07054696977
0.8428912163 0.06274988502

