0.547116816 0.7068778276
0.5457621813 0.7054688334
0.5490869284 0.7124679089
0.5524361134 0.7177322507
0.5520279408 0.7194681168
0.5535732508 0.7239944935
0.5573041439 0.7314627171
0.5594863892 0.7356981635
0.5594440699 0.7394106388
0.5590777993 0.7441979647
0.556476593 0.7481981516
0.5513960123 0.7488154769
0.5450826883 0.7494100928
0.5394474268 0.7500337362
0.5342360139 0.747860074
0.52914083 0.7434660792
0.5254179835 0.7385190129
0.5234469771 0.7344273329
0.5240263939 0.7280783653
0.5247626305 0.721881628
0.5280964971 0.7168432474
0.5338118076 0.7143276334
0.540292263 0.7129130363
0.5469993353 0.7114582062
0.5558498502 0.713177681
0.565695405 0.7155070305
0.572961092 0.71816957
0.5798718929 0.7223929167
0.585575819 0.7285961509
0.5887018442 0.7348954082
0.5884518623 0.7411427498
