0.756714344 0.3258810937
0.7571105957 0.3237891197
0.7570573092 0.3227154613
0.7571046352 0.3203814626
0.756408453 0.3148228526
0.755338788 0.3078979254
0.7553366423 0.3024693131
0.7554702759 0.2964662611
0.7558602095 0.291379869
0.7565616369 0.2872553766
0.7576094866 0.2845646143

0.7859001756 0.3325098455
0.786049962 0.3299936652
0.7868896723 0.3244893253
0.786345005 0.3178427219
0.7860753536 0.3112036288
0.7866837978 0.3055483103
0.7873767614 0.2992957234
0.7874066234 0.2932707965
0.7872550488 0.2890706062
0.787365675 0.2858462334
0.7871311307 0.2834289372

