0.5377069712 0.3320073783
0.5376638174 0.3319555223
0.5376078486 0.3309502006
0.5366680622 0.3304237127
0.5359088778 0.3295173049
0.5362411737 0.3236480951
0.5359783173 0.3191829622
0.5356088281 0.3148745
0.5356170535 0.3112561703
0.5356370211 0.3065702617
0.5350243449 0.3017916381
0.5348213315 0.2974538803
0.5350660086 0.2931650281
0.5356446505 0.2891035378
0.536192894 0.2860292494

0.5620865822 0.3372095227
0.5635507107 0.3378291726
0.5648880005 0.3335743546
0.5647303462 0.3272548914
0.565295577 0.3225357831
0.5663200021 0.3181707859
0.5668185949 0.3119900525
0.5671114922 0.3055577874
0.5678193569 0.2998306751
0.5683159232 0.2941679358
0.5688500404 0.2889930606
0.5692282915 0.285138756
0.569062829 0.2823853493

