0.8551062346 0.3601554632
0.8547638655 0.3587308526
0.8542453051 0.3560157716
0.8545817137 0.3514104187
0.8533990383 0.343518734
0.8532577157 0.3376806378
0.8538323641 0.331977725
0.8542188406 0.3263577819
0.8550881147 0.3213805556
0.8566836715 0.3185907304
0.8576062918 0.3164528608

0.8891379237 0.3586329222
0.8913608193 0.3575461805
0.8909207582 0.3520630598
0.8902888298 0.3451187909
0.8904302716 0.3385440111
0.8912563324 0.3328131437
0.8912267089 0.3261521459
0.8921772838 0.321272254
0.8933643103 0.3172997832
0.8941863775 0.3152823746

