0.7715255618 0.5147268176
0.7704617977 0.5119576454
0.770558238 0.5067960024
0.7700116038 0.4996311069
0.7692952156 0.4918399453
0.7693402767 0.485645622
0.7698141336 0.4794799089
0.7693489194 0.473205626
0.7688714266 0.4680136442
0.7691063285 0.4653521776

0.7999135852 0.513081491
0.8002626896 0.5109462142
0.7997714281 0.5060963631
0.7996262908 0.5005743504
0.7993401289 0.4934260547
0.7994656563 0.4864119887
0.800180912 0.4797255695
0.8006137609 0.4729596376
0.8009296656 0.466674149
0.8010417819 0.4619769156

