0.613442421 0.912997067
0.613345623 0.9143762589
0.6139945984 0.9174111485
0.6106824875 0.9189124107
0.603228569 0.9194177389
0.5940031409 0.9173932076
0.5860290527 0.9161262512
0.5793774724 0.9165388346
0.5714198351 0.9175778627
0.5621907115 0.9183576107
0.5540444255 0.9181135893
0.5481051207 0.917824626
0.5432275534 0.9196825027
0.5390645266 0.9184441566
0.5347463489 0.9179224968
0.5312011242 0.9167521
0.5305315256 0.916051805
0.5304008722 0.9155122638
0.5313358307 0.9136275053
0.5298328996 0.9099382162
0.5299833417 0.9035208225
0.5315867066 0.8976439834
0.5343061686 0.8908413649
0.5356647968 0.8835502863
0.5346080065 0.8770211935
0.5336981416 0.8697583079
0.5337917209 0.8631694317
0.5347026587 0.8582951427

0.5854196548 0.9135078192
0.5853054523 0.9108170271
0.5859262347 0.9073240757
0.5862256289 0.9039155245
0.5858812332 0.8982063532
0.5822850466 0.8855389953
0.5815680027 0.8783396482
0.5831498504 0.8747106194
0.5836173296 0.8688582182

