0.8543361425 0.2710524797
0.8594095111 0.2724874318
0.8629366159 0.2731580436
0.8691900969 0.2749254405
0.8790534735 0.2753544152
0.8891631365 0.2772087157
0.8991607428 0.2783075571
0.9109342098 0.2790959179
0.9245291948 0.2806498408
0.9397413731 0.2825599611
0.9521461129 0.2847344577
0.9602483511 0.2848925889
0.9603393674 0.2856140137
0.959412992 0.2856969535

0.8707647324 0.2672832012
0.8662278056 0.2603845298
0.862261951 0.252269268
0.8575873375 0.2439212352
0.8537225723 0.2325979918
0.8534276485 0.2255773842
0.8544381857 0.2203248888

0.9021342993 0.2697472572
0.9046318531 0.2625212967
0.9025657177 0.2525349557
0.9026805162 0.2453320026
0.9040445685 0.2380911708

