0.7478101254 0.6998151541
0.7506356835 0.7002236247
0.7524889112 0.7004712224
0.7570918202 0.7011617422
0.7570918202 0.7011617422
0.7643318772 0.7014356256
0.7719954252 0.7021896839
0.7793283463 0.7030512094
0.7861779928 0.7027800679
0.7967808247 0.7023622394
0.8090357184 0.7036707401
0.8229806423 0.7049513459
0.8313851953 0.7049761415
0.8324925303 0.703849256
0.8346511126 0.704873085

0.7620868087 0.6979767084
0.7568541765 0.6888544559
0.7534103394 0.6782398224
0.7501757145 0.6679608822
0.7473775148 0.6581850052
0.746855855 0.6527843475
0.7477806807 0.6502307057
0.7506374717 0.6520527601

0.7899298668 0.6920801997
0.7903519273 0.6875446439
0.7911219001 0.6814643145
0.7895550728 0.6723641753
0.7881523371 0.6643534303
0.786694169 0.6556497812
0.786542654 0.6477726698
0.7865157723 0.6402983665

