0.6070017219 0.826751709
0.6103380919 0.8289122581
0.612965405 0.8294254541
0.6130228639 0.8283333182
0.6117748022 0.8262016773
0.6088373065 0.8240532279
0.6036841869 0.8236789703
0.5992338061 0.8248522878
0.5940497518 0.8262119293
0.5858681202 0.8271238208
0.5762741566 0.8273676634
0.5672561526 0.8259735703
0.5584092736 0.824555099
0.5508224368 0.825132668
0.545204103 0.8258814812
0.5410807133 0.8266692162
0.5376904607 0.8267424703
0.5365988016 0.824765563
0.5338825583 0.8229112625
0.5303820372 0.8218933344
0.5288733244 0.8220477104
0.5300107598 0.8205021024
0.5319983959 0.8193600774
0.5330444574 0.8166595101
0.5317773819 0.8110216856
0.5324345827 0.8062950373
0.5331246853 0.8004763126
0.5336585641 0.794323504
0.5338484049 0.7865563035
0.5308061838 0.7768324614
0.5273259878 0.7670778036
0.5260635018 0.7588144541
0.5250509381 0.7505518198

0.5691247582 0.8243508339
0.5687991977 0.8218484521
0.5690826774 0.8147847652
0.5676506162 0.8058004975
0.567004323 0.7968450785
0.5675987005 0.7900973558
0.5682136416 0.7836306691

