0.6347919106 0.4162489474
0.6417876482 0.4185244441
0.6502283812 0.4188216925
0.6576247215 0.4188750982
0.663726747 0.4174705744
0.6715177894 0.4149875045
0.6810919046 0.4151655138
0.6927222013 0.4175774157
0.701190114 0.4184890091
0.7077611089 0.4178367257
0.7133190036 0.4155608118
0.7185948491 0.4155726135

0.639338851 0.4126407504
0.6390720606 0.4054373205
0.6404139996 0.3995934725
0.6408723593 0.392547071
0.6390727162 0.3844740689
0.6380124092 0.3779568672
0.6383814216 0.3719108701
0.6393539906 0.367246151

0.6853426099 0.405882448
0.6841861606 0.4026208818
0.6827741861 0.3999257088
0.6834656596 0.3966461718
0.6841802001 0.3913601041
0.6838452816 0.3843141794
0.6826760769 0.3753862977
0.6818875074 0.3670543134
0.6824352741 0.3613655567
0.6827992201 0.3550560772

