0.6375373602 0.6505941749
0.6380368471 0.6464729905
0.6420807242 0.649002552
0.6499971151 0.6532015204
0.6585173011 0.6518407464
0.6636376977 0.6497285366
0.6725157499 0.6482160091
0.6842876673 0.6500686407
0.6979499459 0.6526664495
0.7100875378 0.6545510292
0.7181550264 0.6536078453
0.7235085368 0.6505154371
0.7304384112 0.6502452493
0.7348031998 0.6507327557

0.6481314301 0.6460709572
0.6479418874 0.6403702497
0.6467394829 0.6305494905
0.6458102465 0.6216851473
0.6461055279 0.6142188311
0.6473494768 0.6074049473
0.6486519575 0.6012278199
0.6496378183 0.5966567993
0.6507921815 0.5948524475

0.6845353842 0.6354620457
0.6850634217 0.63016361
0.6855828762 0.6250786781
0.6862120628 0.618834734
0.6863776445 0.6104319096
0.6854460239 0.6023061872
0.6858485341 0.5965108871

