0.7641918659 0.4431527555
0.7638230324 0.4450378716
0.7639389038 0.4474574625
0.7647860646 0.4515920877
0.7662602067 0.4560434818
0.7681440115 0.4600804448
0.7703991532 0.4630639851
0.7736999989 0.4657908678
0.7769880295 0.4669635892
0.780115664 0.466086328
0.7829940319 0.4645269215
0.7851281762 0.4613525271
0.7861571908 0.4576714039
0.7861458659 0.4538125992
0.7854129672 0.4503843486
0.7831921577 0.447327435
0.7805246115 0.444863379
0.7775754929 0.4432325959
0.774641037 0.441813767
0.7713711262 0.4412050843
0.7686104774 0.4409177303
0.7665928602 0.4413348138
0.7657895088 0.4423464537
0.7660332918 0.4426340759
0.7674216032 0.4428138137
0.7704439759 0.4427387118
0.7743705511 0.4423371255
0.7784693241 0.4410541952
0.7827984095 0.4389752746
0.7858688831 0.4362624288
0.7876238823 0.4334419966
0.7874279618 0.4303587973
0.7854777575 0.4274711013
0.7819569111 0.425178498
0.7775506973 0.4232371151
0.7722144127 0.4217007756
0.7664882541 0.4210842848
0.7605249286 0.4218497276
0.754794836 0.4233126044
0.7496564388 0.425945878
0.7456112504 0.429363668
0.7431572676 0.4338279366
0.7410215139 0.4385991096
0.7406319976 0.4442778528
0.741487205 0.4501339793
0.7433532476 0.4561392963
0.746096015 0.4619939327
0.7495954633 0.4675226808
0.7537571788 0.4723005295
0.7592802048 0.4764156044
0.7651570439 0.4808200598
0.7714707255 0.4844239354
0.7781507969 0.4869054556
0.7856471539 0.4877696037
0.7930284739 0.4882606268
0.8000860214 0.4871903062
0.8066877127 0.4836307764
0.8121474981 0.4792858362
0.8170962334 0.4739952683
0.8207393885 0.4676830471
0.822650671 0.4604567885
0.8233691454 0.4530663788
0.823168993 0.4463324547
0.8221848011 0.4397976398
0.8190116286 0.4336849749
0.8158697486 0.4288238883
0.8128042221 0.4246052504

