0.5285304785 0.4856815934
0.5307229161 0.4890000224
0.5320612192 0.492004782
0.533364296 0.4960423708
0.5352597833 0.5003220439
0.5403401852 0.5058104992
0.5451250672 0.5097293258
0.5494789481 0.5098674893
0.5535589457 0.5098623633
0.5568912625 0.5083827376
0.5582788587 0.5047829151
0.5571689606 0.4995724559
0.5539364219 0.4947389364
0.550791204 0.490983367
0.5460622311 0.4879344106
0.542001605 0.4861428142
0.5387331247 0.485676825
0.5362980962 0.4850850105
0.536768496 0.4848930836
0.5377672315 0.4851353765
0.5399912596 0.4850676954
0.5427517891 0.4849866629
0.5461907983 0.4837814569
0.5494177341 0.4817353487
0.5521419644 0.479298234
0.5530599356 0.4749818444
0.5520996451 0.4697915316
0.5496712923 0.4649725556
0.545234561 0.4609485269
0.5392528772 0.459243536
0.532925427 0.4592122734
0.5262258053 0.4607631564
0.5199657679 0.463717103
0.5154096484 0.4685387015
0.5131673217 0.4770928621
0.512168169 0.4862369895
0.5131007433 0.4954350591
0.5161889195 0.5044909716
0.5207163095 0.5127667785
0.5256898999 0.5199486613
0.5305630565 0.5263103247
0.5370420218 0.5308395028
0.5439264178 0.5328108668
0.5516033173 0.5340898037
0.5583190322 0.5329868197
0.5649946332 0.5297090411
0.5718528032 0.5259273052
0.5771753788 0.5206995606
0.579710722 0.5137547255
0.5799270272 0.5058681965
0.579204917 0.498419106
0.5766153932 0.4911943078
0.5733458996 0.4839339554
0.5697805285 0.4772972465
0.566511333 0.4710745215

