0.8601199389 0.7804629803
0.8610172272 0.7843461633
0.862824142 0.7901015878
0.8642960191 0.7935708165
0.8665134907 0.7973974943
0.8698732853 0.8015680909
0.8739511371 0.8051225543
0.876998961 0.8063950539
0.8811553717 0.8052713871
0.8846367002 0.8039095998
0.88694489 0.8009339571
0.8881082535 0.7966742516
0.8877394795 0.7925816774
0.8855306506 0.7886868715
0.8824710846 0.785839498
0.87854743 0.7838802338
0.8744385242 0.7829447985
0.870513916 0.7831757069
0.8669866323 0.7837179303
0.8651354313 0.7842457294
0.8650554419 0.7846955657
0.8659131527 0.7849243283
0.8687152863 0.7847758532
0.8720661998 0.7847337723
0.8764773607 0.7839076519
0.8818843961 0.7821770906
0.8859699965 0.7788760066
0.8888367414 0.7750219107
0.8902907968 0.7713100314
0.8890631199 0.7675049305
0.8863583207 0.7639231086
0.8805007935 0.761285305
0.8735673428 0.7596207857
0.8672704101 0.7587519884
0.8608241081 0.7588598132
0.8545552492 0.7597298622
0.8482100964 0.7619965076
0.8429531455 0.7647233009
0.8386312723 0.7683868408
0.8350484967 0.7726160288
0.8325070143 0.7771565914
0.8317580819 0.7822832465
0.8316091895 0.7868602276
0.8316576481 0.7914904356
0.8335511684 0.7959727645
0.836619854 0.80039078
0.8403241038 0.8043761253
0.8437842131 0.8080612421
0.8491553664 0.8118614554
0.8543658257 0.8157376647
0.8591409326 0.8188487291
0.8654271364 0.8213433027
0.8725491762 0.8228732347
0.8790922165 0.8228903413
0.8855071068 0.8213694096
0.8934258819 0.8202008605
0.9013932943 0.818092823
0.9087010622 0.8146465421
0.9157088995 0.8100984097
0.9227272272 0.8055465817
0.9274089932 0.8004791737
0.9300703406 0.7946459055
0.9319246411 0.7885470986
0.9319913387 0.7829011083
0.9288591743 0.777182281
0.9255094528 0.7720953822
0.9211015701 0.7679265141
0.9159904122 0.7636015415

