0.5474982262 0.800822556
0.5460419059 0.8022850752
0.5451290607 0.804682076
0.5444563627 0.8070326447
0.5438191295 0.8088611364
0.5439238548 0.812153697
0.5451537967 0.8161580563
0.5475655198 0.8202208877
0.5524884462 0.8236780167
0.5571799874 0.8274358511
0.5616013408 0.8303402066
0.5666280985 0.8322693706
0.5706679225 0.8325749636
0.5732284188 0.8310349584
0.5750024319 0.8286705613
0.575645864 0.8250424862
0.5753535032 0.8208221197
0.5749793053 0.8167073727
0.5730710626 0.8123363853
0.5705378056 0.8083126545
0.5673156977 0.8056619763
0.5629315376 0.8044039011
0.5578228235 0.8043776751
0.5536713004 0.8047310114
0.5493016839 0.8045204282
0.5460297465 0.8036091924
0.5437455773 0.8036276102
0.5442360044 0.8047564626
0.5470497608 0.8062855601
0.5510821342 0.8059420586
0.5547760129 0.8054882288
0.5588930845 0.8049592972
0.563724041 0.803460598
0.5685191154 0.8000694513
0.5719700456 0.7956922054
0.5741107464 0.7914358377
0.575674355 0.7873529196
0.5749447346 0.7832672
0.5739015341 0.7797694206
0.5706499815 0.7759507298
0.5669808388 0.772734642
0.5608642697 0.7711610794
0.5543857217 0.7700564265
0.5480594635 0.7708424926
0.54145509 0.7726924419
0.5357986093 0.7763291597
0.5299556255 0.7800110579
0.5237870216 0.7836162448
0.5190768242 0.788061738
0.5179144144 0.7934477329
0.5165991783 0.8004639149
0.5164034367 0.8071945906
0.5181213617 0.8131044507
0.5221696496 0.8189243078
0.5259665251 0.8258551955
0.5301137567 0.8317790031
0.5373092294 0.8364895582
0.542969048 0.8403323889
0.5494909286 0.8443803787
0.5576483607 0.847843945
0.5654565692 0.8498960733
0.5730013847 0.8497549891
0.5805560946 0.8495972157
0.5878026485 0.8488208055
0.5955513716 0.8465491533
0.6021459103 0.8434566259
0.608041048 0.8390238285
0.6126926541 0.8337953091
0.6165190339 0.8281365633
0.6181228161 0.8217508793
0.6181745529 0.8155105114
0.6178161502 0.8092743754
0.616274178 0.8026309013
0.6133877635 0.7964582443
0.6107263565 0.7912713289
0.6081466675 0.7867816687
0.6049029231 0.7827318907
0.6011555195 0.7787918448
0.597985208 0.7764293551

