0.6490430236 0.6976159811
0.649730444 0.7046602964
0.6512238979 0.7123083472
0.6549238563 0.7183221579
0.6588288546 0.7236463428
0.6659557223 0.7278290987
0.6724210978 0.7296555638
0.6769285798 0.7271994352
0.6799734235 0.7229958773
0.6804549694 0.7164742947
0.6772581339 0.708009243
0.67228055 0.7015310526
0.6678148508 0.6984553933
0.6619109511 0.6982437968
0.6570123434 0.698268652
0.6538314819 0.7004477978
0.6538314819 0.7004477978
0.6562966704 0.7014602423
0.6597915292 0.7008901834
0.6637608409 0.6997645497
0.6683926582 0.6988424063
0.6731823087 0.6969965696
0.6760596633 0.6928812861
0.6774598956 0.6878032684
0.6764924526 0.68236655
0.6729080081 0.6777464151
0.6665843129 0.6735875607
0.6593645215 0.6709550023
0.6519792676 0.6699992418
0.6427457929 0.6726403236
0.6354980469 0.6771175265
0.6291846633 0.6817296147
0.6248125434 0.6879968643
0.623821795 0.6961720586
0.6249214411 0.7051151395
0.6270774603 0.7134624124
0.6310485005 0.7218734026
0.6382064819 0.7300696373
0.6469530463 0.7378833294
0.6563165784 0.7443779707
0.6670431495 0.7478843331
0.6771377921 0.7498754859
0.6866269112 0.7483734488
0.6933486462 0.7456860542
0.698323667 0.7408746481
0.7014712095 0.7344971895
0.7035642862 0.7271535993
0.7036596537 0.7181105614
0.7037401199 0.7094546556
0.7044859529 0.6977384686

