0.6325258017 0.4161498547
0.6328958273 0.4189503193
0.6334190965 0.4208841324
0.6331818104 0.4234931469
0.6339521408 0.4272201061
0.6360883117 0.4311249852
0.6391445994 0.4344341159
0.6428963542 0.4371784329
0.6470995545 0.4392300248
0.6516019702 0.4399462342
0.6551380157 0.4387537241
0.6578764319 0.4371350408
0.659815073 0.4347376227
0.6599494219 0.4311621189
0.6592903733 0.4273600578
0.6580327153 0.4237195253
0.6557128429 0.4203382134
0.6528647542 0.4180463552
0.6496794224 0.4165653586
0.6453519464 0.4155431688
0.641694665 0.4145200253
0.6381052136 0.4150770307
0.6351706386 0.4160030186
0.6347798705 0.4162029624
0.6349855065 0.4166136384
0.6371359825 0.4175375104
0.6400350332 0.4179302454
0.6437960863 0.4179071784
0.6484696865 0.4173923135
0.653221488 0.4163806438
0.6580874324 0.414005816
0.6621341705 0.4115299881
0.6654767394 0.4084580541
0.6674705148 0.4051243067
0.6669768691 0.4013003111
0.6659736633 0.3978780806
0.6630570889 0.3947307169
0.6573720574 0.3920069933
0.652037859 0.3901875317
0.6456739902 0.3892520964
0.6380547881 0.3886139989
0.6301245689 0.3890089393
0.6229690909 0.3905954361
0.6167932749 0.3934642076
0.611590147 0.3974616528
0.6077632904 0.4021512866
0.6048989892 0.4072787166
0.6029808521 0.4125620127
0.6015557051 0.417973578
0.6018326283 0.4240683913
0.6029558778 0.4300325811
0.6046147943 0.4349194765
0.6067972183 0.4393095374
0.6107034683 0.4431243837
0.6154676676 0.4463357925
0.6206767559 0.4488014579
0.6262559295 0.4513759613
0.6330430508 0.453178525
0.6404864788 0.4543008804
0.6476695538 0.4548858702
0.6549488306 0.4549003243
0.6622416973 0.4547787309
0.6692072153 0.4539613128
0.6758567095 0.4525250793
0.6814864874 0.4503427446
0.6860468388 0.446850121
0.6890326142 0.4425684214
0.6910485029 0.4377236962
0.6919775009 0.4324475527
0.6915511489 0.4271131754
0.6909734607 0.4216768146
0.6896648407 0.4163470566
0.6880761385 0.411229074
0.6862886548 0.406506598
0.6844801307 0.4014299512

