0.7406195402 0.3609056473
0.742023468 0.3649510443
0.742562592 0.3686227798
0.7427137494 0.37259835
0.7442398071 0.3771649003
0.7473801374 0.3817605972
0.7512583137 0.3842227459
0.7550022006 0.3837921619
0.758759141 0.3825471401
0.761928916 0.380485177
0.7644097209 0.3767174482
0.7655037045 0.3720338941
0.764692843 0.3677083254
0.7633046508 0.3645783663
0.7597663403 0.3621487021
0.7564151287 0.3602993488
0.7527843714 0.359837383
0.749453783 0.3600146472
0.7470076084 0.3602561951
0.7457946539 0.3605265319
0.7463099957 0.3613250852
0.748352766 0.3617938459
0.7508990765 0.3616784811
0.7544848323 0.3603520393
0.7578915358 0.3581725359
0.7602512836 0.3543138504
0.7605997324 0.3495693207
0.759503901 0.3458226323
0.7567908168 0.3426781893
0.7500076294 0.3396530747
0.7422542572 0.3381873369
0.7349518538 0.3385735154
0.7273845673 0.340510726
0.7206823826 0.3439053893
0.7156550288 0.3492689729
0.7120784521 0.3550274968
0.709924221 0.3614324927
0.709995389 0.3684423268
0.7134203315 0.3758456409
0.7182836533 0.3827536702
0.72435987 0.3890433311
0.7319375873 0.3938783407
0.7415932417 0.3966761827
0.7509378195 0.3988888562
0.7606077194 0.3994668722
0.7703062892 0.3973430395
0.7789510489 0.3937241137
0.7866941094 0.3899132013
0.7926146388 0.3838191628
0.7971277833 0.3776144385
0.7982785106 0.3706438541
0.7965929508 0.363722831
0.7937479615 0.3570469916
0.7893942595 0.3509202003

