0.7546899319 0.4107946157
0.7538588047 0.4147191942
0.7538388968 0.4197687209
0.7539591193 0.4235050082
0.7559798956 0.4285796881
0.7597777843 0.4326746464
0.764325738 0.4353191555
0.7698733807 0.4373104572
0.7759389877 0.4384407401
0.7811276913 0.4375569224
0.7842003107 0.4335687459
0.7853572369 0.4282774925
0.7845222354 0.4240869582
0.7817780375 0.4204681516
0.7771945 0.4172002673
0.7715591788 0.4147101045
0.7664762139 0.4132450223
0.7624088526 0.4130678177
0.7595716715 0.413915813
0.7585079074 0.4146845937
0.7598081231 0.4154224396
0.7622361779 0.4164276421
0.7655761242 0.4162696302
0.7704913616 0.4152644873
0.7745574713 0.4128072858
0.7779470682 0.4090344608
0.7800884247 0.4041798711
0.7798349857 0.3990443945
0.7777330279 0.3959932625
0.7729313374 0.3935647309
0.7653075457 0.3920633793
0.7580628395 0.3917319179
0.7502601147 0.3925195932
0.742795229 0.3941303492
0.7364830971 0.3976385593
0.732236743 0.4027060568
0.7300297022 0.4081068635
0.7287470102 0.4145700634
0.7295739055 0.4214731753
0.731487453 0.4277123511
0.7359831929 0.4341267943
0.7411170006 0.4390235543
0.747659564 0.4438494444
0.7546842098 0.4482210577
0.7625188828 0.4519559145
0.7713184953 0.4550493658
0.7800976038 0.4576041102
0.788826704 0.4582943022
0.7972774506 0.4570496082
0.8041424751 0.4525810182
0.8096982241 0.4466362
0.8140702248 0.4393526912
0.8164734244 0.4320148826
0.8171333075 0.423797965
0.8162299395 0.4155817926
0.813528657 0.4080715477
0.8099479079 0.4015196264

