0.6206851006 0.2965430319
0.6221553683 0.3000790775
0.6237053275 0.3040738106
0.6248667836 0.3077147603
0.6279466152 0.3120498657
0.632040441 0.315983355
0.6374439001 0.3190593421
0.6416560411 0.3207680583
0.6460593939 0.3201697767
0.6500473619 0.3192682266
0.652505815 0.3153790534
0.6535310149 0.3112267554
0.6530684829 0.3065280914
0.6514234543 0.3015564978
0.6483214498 0.2975205481
0.644346416 0.2949427068
0.6402791739 0.2942403257
0.6364750862 0.2945725024

0.6271545887 0.2979222238
0.6290649772 0.297868371
0.6331363916 0.2974561453
0.637722373 0.2967724204
0.6436356306 0.2945368886
0.6484823823 0.2916300893
0.6524175406 0.2875868082
0.6546086073 0.2828341722
0.65410918 0.277379185
0.6497932076 0.2720448673
0.6456877589 0.2683838308
0.6397612691 0.266697824
0.63198632 0.2659165263
0.6237154007 0.2653925419
0.6146020889 0.2665621042
0.6065750718 0.2683401108
0.5997956991 0.272582233
0.5944270492 0.2775368094
0.5894655585 0.2836021185
0.5858003497 0.2894145548
0.5827483535 0.296328485
0.5811754465 0.3030248284
0.5813276768 0.3104346693
0.5822331309 0.3173446059
0.5842363834 0.3235513568
0.5875185728 0.3289758861
0.5929036736 0.3337920308
0.5989567637 0.3374463916
0.6057721376 0.3403777778
0.6132316589 0.3427421451
0.6208129525 0.3445056379
0.629108429 0.3457012773
0.637717247 0.3459720314
0.6457509398 0.3445711732
0.6530011892 0.3429814279
0.6603345275 0.3409120142
0.6674446464 0.3386508226
0.6734406352 0.3348017633
0.6781680584 0.3300169706
0.6818198562 0.324264437
0.6850194335 0.3181993663
0.6867741346 0.3115419745
0.6872678399 0.3047073185
0.6872258782 0.2977671623
0.6859755516 0.2905772626
0.6840078831 0.2834625542
0.6811009049 0.2772565186

