0.5356779695 0.395583123
0.5347516537 0.4003250599
0.5347516537 0.4003250599
0.5344901085 0.4027072191
0.5346525311 0.4049603939
0.5366023779 0.4081401825
0.5389187932 0.4122464657
0.5423311591 0.4164120853
0.5455874801 0.4198134243
0.5493118763 0.4222986102
0.5531394482 0.4240214527
0.5566235185 0.4237067699
0.5587233305 0.4216659963
0.5608564615 0.4188186526
0.5626647472 0.4149084687
0.5631785989 0.410994947
0.5627545714 0.4069774449
0.5604737997 0.4023718238
0.5577353239 0.39933604
0.5544192791 0.397387594
0.5500926971 0.397516638

0.5372828841 0.4007868767
0.5402345061 0.4004586637
0.544084847 0.3991006613
0.5480162501 0.3976249695
0.5527849793 0.3975938559
0.5577766299 0.3958144486
0.5617210865 0.3928810954
0.5650041103 0.3895455003
0.5661677718 0.3854299784
0.5661318302 0.3815459609
0.5652588606 0.3779988587
0.562209487 0.3744463325
0.5582172275 0.3711905479
0.5515140891 0.3684958816
0.5440198779 0.3675790727
0.5371860266 0.3673856258
0.5292055011 0.3684138954
0.5215680003 0.370031178
0.5136792064 0.373627156
0.5075729489 0.379965663
0.5028072596 0.3857775927
0.5015528798 0.3915081024
0.501111269 0.3987646699
0.5033410788 0.4069103003
0.5068843365 0.4143519402
0.5097755194 0.4210012555
0.5155643225 0.4278904796
0.5213472247 0.4340296686
0.5279972553 0.4383291006
0.534516871 0.4417802989
0.5412995815 0.4436446726
0.5485186577 0.4432719052
0.5553573966 0.4423554838
0.5623264909 0.440032959
0.5691923499 0.436668992
0.5749255419 0.4321696162
0.5799486041 0.4271210134
0.5835868716 0.4212267399
0.5862588882 0.4153937697
0.5872511268 0.4089470506
0.5873798132 0.4022094607
0.5869772434 0.395595789
0.5866336823 0.3897035718
0.5853900909 0.383957088
0.5834972858 0.3786889315

