0.747063458 0.9003112912
0.7463142872 0.9015772939
0.7459527254 0.9037411213
0.7452586889 0.9071209431
0.7449110746 0.9101502895
0.7464507818 0.9168078303
0.7505646944 0.9228578806
0.7543510199 0.9267057776
0.7579338551 0.9302235842
0.7638496161 0.9347866774
0.7699358463 0.9364368916
0.7736117244 0.9342432618
0.7766231894 0.9316142797
0.7778763175 0.9259865284
0.7784823179 0.9205252528
0.776391983 0.9149473906
0.7738156319 0.9096186161
0.7698575258 0.904981792
0.7659548521 0.9022657871
0.761941433 0.9006426334
0.7583968639 0.899662137
0.7549547553 0.9006948471
0.7533379197 0.9011650681
0.7529144883 0.9020834565
0.7542966604 0.9038097262
0.7573313713 0.9052550793
0.7615039349 0.9046143889
0.7655711174 0.9030921459
0.770013392 0.9005485773
0.7732277513 0.8973630667
0.7757006884 0.8931027055
0.7764145136 0.8887822628
0.7755737901 0.8848850727
0.7716603279 0.8815690875
0.7673648596 0.8786692619
0.7611460686 0.8767877817
0.7552477121 0.8755451441
0.7484933138 0.8760454059
0.7423440218 0.8768104911
0.7370368838 0.8791897297
0.7326452136 0.8822211027
0.7299199104 0.887453258
0.7281463742 0.8926324844
0.727196157 0.8988431692
0.7268954515 0.9054172039
0.7276263237 0.9117190838
0.7286525965 0.918168664
0.7319052219 0.9251263142
0.7357586622 0.9312657118
0.7410937548 0.9365073442
0.7473063469 0.9410241842
0.7542738914 0.9438447356
0.7616487145 0.9460949898
0.7699145079 0.9478847384
0.7775371075 0.9487582445
0.7848002315 0.9470940232
0.7914423347 0.9450322986
0.7961778045 0.9404495955
0.8005726337 0.9352245927
0.8027653694 0.9289033413
0.8036839962 0.922832489
0.8031518459 0.9170082808
0.8012583256 0.9107688665
0.797532618 0.904437542
0.7945809364 0.8987158537

