0.5373175144 0.1407310218
0.5314923525 0.1423969865
0.5344144106 0.1492737085
0.5360111594 0.1555088162
0.5392438173 0.1597492099
0.5459547639 0.164547354
0.5554316044 0.1677682698
0.5621448159 0.1653168648
0.5662577748 0.1610324532
0.5690864325 0.154239133
0.5702296495 0.146949932
0.5661811233 0.1372078955
0.5620592237 0.130036816
0.5605882406 0.1296462417
0.555468142 0.129860267
0.5494900942 0.1296765357
0.5444400907 0.1313249618
0.5411204696 0.1348661929
0.5423594713 0.1375404298
0.5440584421 0.1394283324
0.5472897291 0.1407447904
0.5501217246 0.1406712532
0.5544272065 0.1384098679
0.558447957 0.1377409995
0.5625305176 0.1357449591
0.5654414892 0.1324690133
0.5681582689 0.1295219809
0.5701305866 0.1272574961
0.5707755685 0.1234218255
0.5697145462 0.1185944527
0.5678731203 0.1128133982
0.563318789 0.1074887291
0.5583848357 0.1030287966
0.5517061353 0.09964492172
0.5419425368 0.09731320292
0.5319897532 0.09527020901
0.5228147507 0.09713513404
0.5168806314 0.1047597975
0.5127024651 0.1126142442
0.5091753006 0.1209633499
0.5072623491 0.1307694167
0.5082407594 0.1418770999
0.5132475495 0.1531612575
0.5185338855 0.1634357125
0.524816215 0.1720693558
0.5310937762 0.1782819331
0.5384773612 0.1838739663
0.5474802256 0.1886256784
0.5554183722 0.1914243251
0.5638529062 0.1919120699
0.5723522902 0.1911125332
0.5807719231 0.1875366271
0.5866904259 0.1818986982
0.5912196636 0.1746714562
0.5936674476 0.1650114805
0.594366312 0.1552985758
0.593534112 0.1445420533
0.5916945934 0.1335323751
0.5885367393 0.1230806187
0.5839310884 0.1124245226
0.578147769 0.102422528

