0.6329420805 0.8007207513
0.6345309615 0.8060176969
0.6367251873 0.8125516176
0.6400274038 0.8179621696
0.6441349983 0.8231736422
0.6503187418 0.8260198236
0.6551551819 0.8263504505
0.6582245231 0.8239186406
0.6608469486 0.8202412128
0.6622030735 0.8156394958
0.6617805362 0.8093826175
0.6592997909 0.803467989
0.6564020514 0.7991515994
0.6527631283 0.7964193821
0.6484220028 0.7950002551
0.6446366906 0.7945458889
0.6411102414 0.7946419716
0.6385965943 0.7961879373
0.6383327246 0.7980838418
0.6401063204 0.7985341549
0.6421923637 0.7982237339
0.6453142166 0.7976201773
0.6491212845 0.7965864539
0.6531741619 0.7947994471
0.6574066877 0.7929833531
0.6609469652 0.7895721197
0.6635174751 0.7861759663
0.6636178493 0.7818744779
0.6621542573 0.7773855925
0.6593465805 0.7734717727
0.6550207734 0.7702054381
0.6496614218 0.768201232
0.6435390711 0.7671394348
0.6360019445 0.7670179009
0.6287432313 0.7673438787
0.6222323179 0.7702299356
0.6163026094 0.7740938067
0.6119458079 0.7805765271
0.6085526943 0.78647995
0.6079021692 0.7947209477
0.6072317362 0.8024869561
0.6086466908 0.8112095594
0.6103745103 0.8189196587
0.6135088801 0.826181531
0.6176143885 0.8327945471
0.6234591007 0.8377472162
0.6292140484 0.8421189189
0.6365315318 0.8455401659
0.6440775394 0.8479885459
0.6516305208 0.8483012915
0.6592908502 0.8478735089
0.6672903299 0.846713841
0.6742231846 0.8438257575
0.6792225242 0.8395946622
0.6839006543 0.8347985148
0.6872993112 0.8289743662
0.6897987127 0.8229939938
0.6895766258 0.8158453107
0.6892229319 0.8085123301
0.6874733567 0.8012129068
0.6857259274 0.7942684889
0.6838879585 0.7877963185
0.6817830801 0.7828700542

