0.8653920293 0.2975977361
0.8649933338 0.3038958907
0.8649933338 0.3038958907
0.8663764596 0.3105630279
0.8694094419 0.3152684867
0.8770816326 0.3203564286
0.8893368244 0.3242640197
0.8995338678 0.3218920827
0.90493536 0.3177867234
0.9088227749 0.3128227293
0.9087732434 0.3066054583
0.9002385736 0.2986699045
0.8942424059 0.2950697541
0.8882071972 0.2943421006
0.8810331821 0.2931732535
0.8752875328 0.2929731011
0.8735099435 0.2952758968
0.8726319075 0.296366632
0.8736549616 0.2967430353
0.8795541525 0.2970685363
0.8854452968 0.2968221307
0.8897016048 0.2930105627
0.894666791 0.2892229557
0.8972221017 0.2824184597
0.8981820345 0.2750738859
0.8901745081 0.2682605386
0.8833923936 0.2637424767
0.8738329411 0.2621788085
0.8609185219 0.2633954585
0.8507274389 0.2676228285
0.8424172997 0.2744664252
0.8366129398 0.2828935385
0.8349590302 0.2922072709
0.8360105753 0.3022421896
0.8384751081 0.3123950064
0.8443497419 0.3211162388
0.8525546789 0.328386724
0.863094449 0.3354808688
0.872071147 0.3418202102
0.8814170361 0.3444361091
0.8943685293 0.3463873267
0.9061310291 0.3457931578
0.9152991772 0.3414475918
0.9231802225 0.3344311714
0.9271588326 0.3236585855
0.9310181737 0.3145573139
0.9351027608 0.3051540256
0.9329279065 0.2946146131
0.9327902198 0.2850621045
0.9283728004 0.2754374743
0.9187005162 0.266479969

