0.5363035202 0.9130548835
0.5352193713 0.916888833
0.534493506 0.9237927794
0.5355728865 0.9280682206
0.5372624993 0.9338160753
0.5415246487 0.9406458735
0.5466179252 0.9444656372
0.5503793955 0.9461357594
0.5556585789 0.9472181797
0.5617709756 0.9483132362
0.5654425621 0.9461711049
0.5679902434 0.9420874715
0.5688536167 0.9379717112
0.5680925846 0.934898138
0.5648257732 0.9317632914
0.5605877638 0.927905798
0.5557872057 0.9247653484
0.5506376624 0.9228832126
0.5462198257 0.9213986993
0.5428088903 0.9202645421
0.5398012996 0.9194877744
0.5389640927 0.9189685583
0.5401648283 0.9194896817
0.543782413 0.9197464585
0.547126472 0.9197804332
0.5505579114 0.9196069241
0.5549907684 0.9188197255
0.5588670373 0.9180902839
0.562096715 0.9165928364
0.5644679666 0.9137619734
0.5653784871 0.90982759
0.5646880269 0.9041770101
0.5635496378 0.8997042775
0.5610218048 0.8955423832
0.5569664836 0.8920995593
0.5509964228 0.8896361589
0.5455992818 0.8883357644
0.5394460559 0.8897790313
0.5332192183 0.8920883536
0.528270185 0.8935354352
0.5235373378 0.8970502019
0.5208174586 0.9025986791
0.5196660757 0.907463491
0.5183182359 0.9127958417
0.5175526738 0.9196751118
0.5188705325 0.9268321991
0.5205216408 0.9340669513
0.524220705 0.9414052963
0.5279080868 0.947635293
0.5318164229 0.9533131123
0.5360954404 0.9563810825
0.5422164798 0.9577159882
0.5490370393 0.959333539
0.5567601323 0.9609849453
0.5651451349 0.9611907601
0.5733368993 0.9611442089
0.5804042816 0.9592232704
0.5868967175 0.9557710886
0.5921722651 0.9506126046
0.5942027569 0.9433416128
0.5947737694 0.9361525774
0.5943610668 0.9295873642
0.5929162502 0.9227436781
0.5892148018 0.9148980379
0.5849439502 0.9080811739
0.5821895599 0.9022023678
0.5792829394 0.8969125152

