0.8767130971 0.5225664377
0.876221776 0.5257468224
0.8753671646 0.5294510126
0.8734631538 0.5321696997
0.8731511831 0.5371334553
0.8748419881 0.5416162014
0.877196312 0.545158267
0.8814319372 0.547177434
0.8862878084 0.5496292114
0.892080605 0.5505589247
0.8978765011 0.5502648354
0.9024378657 0.5481345654
0.9062433839 0.5444690585
0.9081122279 0.539624691
0.9070388079 0.5353945494
0.9053179622 0.5314567089
0.9009642005 0.527320981
0.8968079686 0.5243787169
0.8919269443 0.5225613117
0.8871369958 0.5216171741
0.8827127814 0.5210788846
0.8794782758 0.52206707
0.8788624406 0.5231605768
0.8806145787 0.5228001475
0.8823850155 0.5221256614
0.8860044479 0.5211040974
0.8909988403 0.5189483166
0.8964532614 0.5148779154
0.9008548856 0.5100854039
0.9044174552 0.5038807988
0.9049293995 0.498862505
0.9028105736 0.4948233366
0.8982977271 0.4919778705
0.8911606073 0.4907444715
0.8819056749 0.491130352
0.873811841 0.4922786355
0.8662569523 0.4941054583
0.8595923781 0.4970044494
0.8532645702 0.5006991625
0.8487921357 0.5057820678
0.8452238441 0.5106342435
0.8423986435 0.5155264139
0.8407469988 0.5204476118
0.8413885832 0.5263084769
0.8412923813 0.5315722823
0.8426650763 0.5367606878
0.8458137512 0.5423394442
0.848855257 0.5477333665
0.8520286083 0.5527918339
0.8559888601 0.5565130711
0.8618034124 0.5597997308
0.8675308824 0.5624785423
0.8728858829 0.5645883083
0.8796601892 0.5651584268
0.8867080212 0.5652012825
0.8947562575 0.5649177432
0.9024869204 0.5643810034
0.9105699062 0.5627585053
0.9191613793 0.5601730347
0.9264045954 0.5567271709
0.9330505729 0.5524990559
0.9391756058 0.5479948521
0.9438815713 0.5423902273
0.9468291998 0.5359193087
0.9483850002 0.5292088985
0.948147893 0.5221208334
0.9474701285 0.5158849955
0.9459887147 0.5097498894
0.9427602887 0.5035083294
0.9398238063 0.4984603524

