0.7688096166 0.8952730894
0.7711072564 0.9004936218
0.7754021287 0.9056333899
0.7794816494 0.9112451077
0.7845917344 0.9152165651
0.7901637554 0.91683954
0.7944517136 0.9155649543
0.7967935801 0.9098126888
0.7978628874 0.9047324657
0.7965896726 0.8981744051
0.7938469052 0.8927565813
0.7900149226 0.8888632059
0.7853636742 0.886631012
0.7812930346 0.8864558935
0.7777714133 0.8872293234
0.7758375406 0.8890298009
0.7751722932 0.8903836012
0.7765319347 0.8924411535
0.7785943747 0.8935750723
0.7824851274 0.8932988048
0.7860819101 0.891949296
0.7896865606 0.88892591
0.7926089764 0.8850739002
0.7943333983 0.8803495765
0.7935766578 0.875033617
0.7906603813 0.8700399399
0.7855011225 0.8663406968
0.7784627676 0.8638159633
0.770186305 0.8625063896
0.761254251 0.862237215
0.7531333566 0.8641395569
0.7470606565 0.8694196939
0.7427233458 0.8747497797
0.7403156161 0.8813326359
0.7401162386 0.8894164562
0.7412236929 0.8984529972
0.7451731563 0.9074764252
0.7494927645 0.9159603119
0.7553645372 0.9241544008
0.7628005147 0.9314067364
0.7720342875 0.937076509
0.7813436985 0.9410881996
0.7913868427 0.9401298761
0.8012236357 0.9372861385
0.8100058436 0.9324245453
0.818349123 0.9264175892
0.8249553442 0.9188786149
0.8295441866 0.9092464447
0.8312577605 0.8992518187
0.8314146399 0.889701426
0.8290246725 0.8811668754
0.8245629072 0.8730316162
0.8188771605 0.8652948737

