0.5475742817 0.1014214978
0.546200633 0.1049377024
0.5452170968 0.1089834496
0.5460296273 0.1130285412
0.5478447676 0.1156645268
0.5497393012 0.1191466451
0.5529124141 0.1220500767
0.5564652681 0.1234372854
0.5599565506 0.1236458048
0.5626000166 0.1251913309
0.5660949945 0.1254069805
0.5694490671 0.1241380125
0.5716353059 0.1220083311
0.5733634233 0.1192558259
0.5748906136 0.1156742573
0.5750169158 0.1120570078
0.5737099648 0.1083830148
0.5717368126 0.1043878645
0.5692958832 0.1014992446
0.5670148134 0.1004234329
0.5640718341 0.1009637937
0.5613049269 0.1000661775
0.5584219098 0.09887502342
0.5558937788 0.09806123376
0.5528252125 0.09852281213
0.551276505 0.0996433422
0.5500127077 0.09992015362
0.5497721434 0.1002067924
0.5509570241 0.1009708792
0.5525482893 0.1020593196
0.5551887751 0.1015789062
0.5577853322 0.1001358777
0.5611066818 0.09952704608
0.5644865036 0.09816732258
0.5673404932 0.09565917403
0.5694922209 0.09276958555
0.5714820623 0.09057106823
0.5716751218 0.08703840524
0.5721013546 0.08334846795
0.5715510845 0.08033052087
0.5697883368 0.07785948366
0.5665014982 0.07505451888
0.5625898838 0.07232272625
0.5581634045 0.07043942064
0.5527472496 0.068098858
0.547241807 0.06668784469
0.5408917665 0.0661020577
0.5343809128 0.06576410681
0.5315686464 0.07034006715
0.5298434496 0.07672408223
0.5286222696 0.08216524124
0.5271120071 0.08611995727
0.5262155533 0.09117494524
0.5259406567 0.09685463458
0.5263742805 0.102828674
0.5272269845 0.1079339832
0.5278748274 0.1117205098
0.5287443399 0.1166763306
0.5308746099 0.1221816242
0.5338130593 0.1271703988
0.5359435081 0.1302086562
0.5382784605 0.1335343421
0.5431512594 0.1372318864
0.5479016304 0.1408849359
0.5533462167 0.1431858242
0.5584785938 0.1456335336
0.5639520884 0.1477910876
0.570432663 0.148911044
0.5770004392 0.1493364275
0.5824753642 0.1488064229
0.5879431963 0.1468052119
0.5944185257 0.145561412
0.5991895199 0.1430503726
0.6039879322 0.1398587078
0.6085666418 0.1360979229
0.6111923456 0.132274434
0.6135154366 0.1270876229
0.6141808629 0.121508278
0.6139073968 0.1165314913
0.6133517027 0.1111875921
0.6118217111 0.1042405516
0.609686017 0.09708088636
0.6071351767 0.08909158409
0.6052736044 0.08256398886
0.603996098 0.07848817855
0.6021911502 0.07595749199
0.5996488333 0.07365851104
0.5964116454 0.07172054797

