0.6593906283 0.901072681
0.6595621109 0.9043768048
0.6636382937 0.9078634977
0.6665617824 0.9118141532
0.6693611741 0.915651381
0.6736085415 0.921705842
0.6792942286 0.9261948466
0.6831701398 0.9283800721
0.6862178445 0.9285774827
0.6891415119 0.9271216393
0.6901560426 0.9236796498
0.6897220612 0.9186737537
0.6878013015 0.9131189585
0.6849296689 0.9069538116
0.6809452772 0.9012762904
0.6774995923 0.8976926804
0.6729301214 0.8961501718
0.6688835621 0.8958205581
0.6657962203 0.8972407579
0.6628789902 0.8983927369
0.6611562371 0.9005305171
0.6616634727 0.90206182
0.6630516052 0.9027691483
0.6658523083 0.9028517604
0.6693711877 0.9017366171
0.6732829809 0.8997853994
0.6774337292 0.897413373
0.6810452342 0.8944217563
0.6838276982 0.8907870054
0.6845661402 0.8864923716
0.6842835546 0.8827208877
0.6819415092 0.8798744678
0.6778683662 0.8773747683
0.6730148792 0.8761432171
0.6674710512 0.8759718537
0.6612683535 0.8771622777
0.6539597511 0.8808464408
0.6476095915 0.8843289614
0.6424131393 0.8888571262
0.637542367 0.8954560161
0.6339991093 0.9033565521
0.6325241327 0.9104670286
0.6324934959 0.9187811613
0.632884264 0.9275910854
0.6362568736 0.935975194
0.6402205825 0.9425735474
0.6455874443 0.948037982
0.6525500417 0.9516404867
0.6611220837 0.9537400007
0.6698188782 0.9550293684
0.6798385382 0.9550276399
0.6894466877 0.9533737898
0.6980342865 0.9488326311
0.7046563625 0.9439274073
0.7104125619 0.9378419518
0.7142446041 0.931225419
0.7153277397 0.9236912727
0.7150272727 0.9158376455
0.71489048 0.9083276987
0.7131964564 0.9008034468
0.7114036083 0.8940486908
0.7085712552 0.8877343535

