0.6011204123 0.4873970151
0.6049008369 0.4866451323
0.61184448 0.4892089069
0.6156612635 0.4853377938
0.6204946041 0.4830547571
0.6265730262 0.4850882292
0.6309537292 0.4852909446
0.6338472366 0.4849303961
0.6352192163 0.4861970544
0.6355115175 0.4887818694
0.636226058 0.4915106297
0.6343083382 0.4944438934
0.6323762536 0.5000559688
0.6316673756 0.5074968338
0.6313490868 0.5157487392
0.631121099 0.5252331495
0.6316890717 0.535326004
0.6328850389 0.5435938835
0.633539021 0.5491377115
0.6336779594 0.5535094738

0.6105591059 0.5318676829
0.6139828563 0.5349515676
0.6181429625 0.5396045446
0.6224675179 0.5448819995
0.6273989081 0.5502719879
0.6308434606 0.5527716875
0.633513391 0.553711772
0.6370947361 0.5543889403
0.6398160458 0.5525169969
0.6417108774 0.5488499999
0.6442425251 0.5448189974
0.6457268 0.5389814973
0.6464704871 0.5324761868
0.6482642889 0.5261663795
0.6501127481 0.5206973553
0.6525639296 0.5162360668

