0.8624307513 0.1110668257
0.8656269312 0.11116492
0.8706810474 0.1120944321
0.8755106926 0.1121856123
0.8818031549 0.1117100641
0.8907135725 0.1118570492
0.8979482651 0.1115136296
0.9026429653 0.1105075777
0.9074690342 0.1101151928
0.911007762 0.110217981
0.911239624 0.1106436625
0.9108819366 0.1122809798
0.9111073613 0.1145031676
0.9098795652 0.1174246967
0.9090617895 0.1214141324
0.9083599448 0.1264327615
0.9077063799 0.1317016184
0.9064772129 0.1375127584
0.906188488 0.1435077339
0.9059512019 0.1492732912
0.9055693746 0.1532858461
0.9041237235 0.1554706246

0.8837358952 0.1302142739
0.887901783 0.135202229
0.8890318871 0.1401044428
0.8907756805 0.1464926898
0.8940558434 0.1524806321
0.8963360786 0.1571116149
0.8989741802 0.1609920263
0.9010531902 0.1621311009
0.9033703804 0.1620638222
0.9055360556 0.1617936641
0.9079952836 0.1606559455
0.9103096724 0.1579883695
0.9125841856 0.1541725993
0.9153689146 0.1498543918
0.917373836 0.1444461197
0.9201570749 0.138770774
0.9237800837 0.1331011653
0.928145349 0.1271199733

