0.7709267735 0.2505941391
0.7740731239 0.2488651723
0.7794471979 0.2477569878
0.7855861187 0.2496476173
0.7913370132 0.2495125383
0.7985234857 0.2489786595
0.805611372 0.2501466572
0.8113948703 0.2515958846
0.8152264357 0.2522243857
0.8194535375 0.2526362836
0.8214402199 0.2530270219
0.8202033043 0.2545108795
0.8182759285 0.25762707
0.8164646029 0.2621304393
0.8140726089 0.2675852478
0.8119015098 0.2741157711
0.8101574779 0.2804672718
0.809538722 0.2868896723
0.809483707 0.2934966385
0.8096530437 0.3001974821
0.8102190495 0.3061272502
0.8103985786 0.310975641
0.8109126687 0.3145465255

0.7932503223 0.2853999734
0.7970181108 0.2915358841
0.7983725071 0.2982880175
0.8005403876 0.3058430851
0.8033135533 0.3127696216
0.8066530824 0.3166623414
0.8087304831 0.3151639998
0.8109176755 0.3144685924
0.8134784102 0.3113757074
0.8155478835 0.3071006536
0.8174573183 0.3023324013
0.8204428554 0.297852695
0.8229880333 0.292856425
0.8262000084 0.2881928086

