0.5198831558 0.6279759407
0.5234936476 0.6290611029
0.5270899534 0.6280831695
0.5319286585 0.6283262968
0.5361137986 0.6264640093
0.5400048494 0.6257773638
0.545866847 0.626072228
0.5488519669 0.6253857017
0.5529363155 0.624750495
0.557059288 0.6241444349
0.5605298281 0.6231300831
0.5632021427 0.6220667362
0.564743638 0.6218237877
0.565259099 0.6223423481
0.5635232925 0.6223028898
0.5607278347 0.6237387061
0.5581052303 0.6260617375
0.5558334589 0.6290709972
0.5539355278 0.6336631775
0.5528800488 0.6384145617
0.5522975326 0.6441732645
0.5530677438 0.6506437063
0.5535401106 0.6567830443
0.5544191599 0.6633859873
0.5547819734 0.6687287688
0.5550282001 0.6741084456
0.554926157 0.6795262098
0.5532973409 0.6835048199
0.5536116362 0.6878830194
0.5538475513 0.6916681528
0.5525630713 0.6937428713
0.5518962145 0.6954187751

0.5262880325 0.6628149152
0.5244202018 0.6620460749
0.5257701874 0.6635183096
0.5279316306 0.6685520411
0.5310955048 0.6741026044
0.5341205597 0.6794794798
0.537132442 0.6858927011
0.5390627384 0.6911841631
0.5426957011 0.6973491907
0.54712677 0.7020421028
0.5486018062 0.7052564025
0.549715817 0.7057152987
0.5513255596 0.7062629461
0.5520757437 0.7037955523
0.5503311157 0.7001568079
0.5511591434 0.6968717575
0.5520430207 0.6928585768
0.5543078184 0.6881415844
0.5571500659 0.6833372712
0.5604407787 0.6792073846
0.5635015965 0.6749171019
0.5667815208 0.6705910563
0.5687015653 0.6673466563
0.5699176192 0.665222764

