0.7753880024 0.8745943308
0.7765698433 0.8704710007
0.7823328376 0.8743298054
0.7871977091 0.872949481
0.7900651693 0.8715728521
0.7942647934 0.8707799911
0.7994237542 0.8719428778
0.8033145666 0.8717178702
0.8054934144 0.8711068034
0.808270216 0.871257484
0.8102793097 0.8711190224
0.8112542033 0.8716920018
0.8107658625 0.8720847964
0.8106337786 0.8726077676
0.8106558919 0.8737168908
0.8105674386 0.8748359084
0.810342133 0.8765185475
0.8114653826 0.8787584305
0.8128911853 0.8816369772
0.8139935732 0.8847725391
0.8154481649 0.8887882829
0.8159064054 0.8934280872
0.8159909844 0.8982296586
0.8150072098 0.9032981396
0.8154399395 0.9096412063
0.8152831793 0.9158200622
0.8153654933 0.9209378362
0.8146654367 0.9251537919
0.8154283762 0.9293783307
0.81619519 0.9335048795
0.815757513 0.9365525842
0.8159512281 0.9387041926
0.81616956 0.9412411451
0.8167241216 0.9435606003
0.8172361851 0.9456605911

0.7970753908 0.9073125124
0.7988728881 0.9113646746
0.7989118099 0.9135563374
0.7999798656 0.9169874191
0.8020168543 0.9233270884
0.8054227829 0.9309831858
0.8098625541 0.9371681213
0.8128344417 0.9431233406
0.8159214258 0.9498792887
0.8188928962 0.9550867081
0.8200851679 0.9556841254
0.820417583 0.9546543956
0.8200979233 0.952575922
0.8213569522 0.9470023513
0.8213903904 0.9400970936
0.8210141063 0.9331360459
0.8212339878 0.9248433709
0.8226492405 0.9186276197
0.824154377 0.9121693969
0.8263773322 0.9063776135
0.8291051388 0.9007142186

