0.5247159004 0.2551426291
0.5257062912 0.2544316649
0.5285426378 0.2542611063
0.5310818553 0.2536156476
0.5343381166 0.2532598078
0.538172245 0.2536065876
0.5417107344 0.2531100512
0.5444639921 0.2533216476
0.5473718047 0.2547667325
0.5502413511 0.2550132573
0.5513296723 0.2536417246
0.550994873 0.2532147169
0.551756084 0.2541750968
0.5519543886 0.2545561194
0.5514924526 0.2548541129
0.5515894294 0.2569903731
0.5524844527 0.2607057095
0.5527123809 0.2649343908
0.5530623794 0.2692440748
0.5531690121 0.2744539082
0.5531648993 0.2801511288
0.5531068444 0.2853310406
0.5532080531 0.2907921076
0.5533438325 0.2961418927
0.5528941751 0.3010594547
0.5519735217 0.3054262698
0.551692903 0.3096264899
0.5514731407 0.3136276007
0.5513345003 0.3166645169
0.5510163307 0.3181782365
0.5509467125 0.3195178509

0.5322742462 0.2924883664
0.533331573 0.2929475904
0.535191834 0.295842886
0.5371683836 0.3002619147
0.5391008258 0.3044522703
0.5407813787 0.3108941913
0.5424364209 0.3180390298
0.5435707569 0.3236745596
0.5448654294 0.3283283114
0.5476603508 0.3312630951
0.549595654 0.3307880759
0.5510830879 0.3291221261
0.5526348352 0.3275099099
0.554397583 0.3253675103
0.555147469 0.3213206828
0.5563397408 0.3170717657
0.5574189425 0.3122334778
0.5587646365 0.3072810769
0.5605136752 0.302668184
0.5625229478 0.2980635166
0.5641978979 0.2941064835

