0.6440714002 0.1192935407
0.6496104598 0.1190982312
0.6552922726 0.1174508035
0.6615604758 0.1184394062
0.6716480851 0.1224108189
0.681819737 0.1260565072
0.6932433248 0.1300704926
0.7029795647 0.1316302121
0.7122988701 0.1320275515
0.7193556428 0.132137835
0.7257248163 0.1332991421
0.7304774523 0.1345331371
0.7335961461 0.1345307529
0.7347416282 0.1331118047
0.7333077192 0.1300468147
0.7299349308 0.1230114996
0.726367414 0.1162043437
0.723408699 0.1074525788
0.7198625803 0.09807359427
0.7155481577 0.08689991385
0.711147368 0.07445269078
0.7091304064 0.06424416602
0.7088183761 0.05856536329
0.7075654268 0.05416406691

0.7040607929 0.143538028
0.695199132 0.128655076
0.6891982555 0.11630328
0.6822010279 0.1020031869
0.6753597856 0.0892193839
0.6671922803 0.07810539752

