0.5137563944 0.1728491485
0.5145940781 0.1748805195
0.51664114 0.1747124642
0.5190185308 0.174871847
0.5230640769 0.1739835888
0.5270513296 0.1739299595
0.5341463089 0.176959157
0.5415069461 0.1789324135
0.549315393 0.1788984388
0.5564076304 0.1790369898
0.5646413565 0.1805508286
0.5726826191 0.1826165915
0.5807116628 0.1846075505
0.5866863728 0.1838184893
0.5903949738 0.1813255996
0.5946598053 0.1806274951
0.5972760916 0.1796051413
0.5995855331 0.1787911206
0.5998633504 0.1780956835
0.6001212597 0.1762298346
0.6000261307 0.171021387
0.5987986922 0.1660869718
0.5975493193 0.1604550779
0.5964159369 0.154056415
0.5965777636 0.14882797
0.59760952 0.1446055919
0.5983983278 0.141182214

0.5741320848 0.1982935965
0.5712783933 0.1949759722
0.5677992105 0.189014405
0.5615284443 0.1813006103
0.5569006205 0.1755163819
0.5519971848 0.1696573496
0.5475033522 0.1642576605

