0.6300945282 0.2182451934
0.6326029897 0.220066309
0.6343326569 0.2203120887
0.6371785998 0.218557626
0.6420603991 0.2172540724
0.6475507021 0.2186281383
0.6543011069 0.2219123989
0.6623370647 0.2258428633
0.669944644 0.2299503088
0.6765654683 0.232067585
0.6839066744 0.2349485904
0.6900933385 0.2370341867
0.6956701279 0.2388728261
0.7004036903 0.239895612
0.7030320764 0.2387849689
0.7018542886 0.2341059893
0.7008189559 0.2294276059
0.7002435327 0.2250314355
0.6993861794 0.2192130387
0.697832644 0.2121924311
0.6969991922 0.204759866
0.6971324086 0.1970271319
0.6973490715 0.1887990087
0.6988822818 0.1822682023
0.7008006573 0.1777643412
0.7023075223 0.1750953346
0.7032769918 0.1741704494
0.703876853 0.1753340364

0.6690946817 0.2397200614
0.668254137 0.2348054796
0.6659268737 0.2286671847
0.6621924043 0.2212713361
0.6594032645 0.21187374
0.6573166251 0.2022509426
0.6563567519 0.1945411861

