0.7423267365 0.3247767091
0.7441894412 0.3274424672
0.7498019934 0.3294188678
0.7544423342 0.326692611
0.7586117387 0.3252324462
0.7649924159 0.325940609
0.7731592059 0.3278564215
0.7837786078 0.3305547535
0.7928216457 0.3310514987
0.7993287444 0.3298393488
0.8054657578 0.3300941586
0.811973393 0.3315507174
0.8179658055 0.334060818
0.8212925196 0.3348990083
0.8219224215 0.3351607323
0.8209105134 0.3354503512
0.8195174932 0.3342732787
0.8179193735 0.3322221935
0.8151706457 0.3289882243
0.8134922981 0.3250816762
0.8109148741 0.3190363646
0.8086545467 0.3120953143
0.8086970448 0.3051228821
0.8091409802 0.2984680533
0.8096483946 0.2924214602
0.810233891 0.2865666747
0.81120193 0.2828352749

0.7947321534 0.3510828018
0.7880496383 0.3442942202
0.7843455076 0.3384961784
0.7796466947 0.3300098777
0.7728956938 0.3196642399
0.7664830685 0.3097545207

