0.5201399922 0.1332627386
0.5220522881 0.1343878508
0.5274580717 0.136237964
0.5331700444 0.138687551
0.5384961367 0.139176935
0.5455815196 0.137726292
0.5532790422 0.137645483
0.5636978745 0.1400986612
0.5734325647 0.1420194358
0.5828132033 0.1438471079
0.5905458331 0.1448144615
0.5987029076 0.1456554085
0.605435133 0.1478199363
0.6113840342 0.1489028037
0.6143469214 0.1472502798
0.614108026 0.1455127597
0.6140288115 0.1441091299
0.6128299832 0.141531691
0.6114715934 0.1355403364
0.6086566448 0.1280085295
0.6046596169 0.1189184934
0.6019603014 0.1099788249
0.599578619 0.1015617177
0.5997420549 0.09107227623
0.600143075 0.08233359456
0.6007879972 0.0755687803
0.6022196412 0.06821167469
0.6046369076 0.06183849275

0.5767041445 0.1503811032
0.5713455081 0.1451459527
0.5663231015 0.1371432096
0.5598480701 0.1252450496
0.5542291403 0.1155226976
0.5493221283 0.1070707366

