0.6328565478 0.6197788715
0.6420134902 0.622416079
0.6503852606 0.6251217723
0.6574369669 0.6263982654
0.6631906033 0.6276955009
0.669406116 0.6285326481
0.6761885285 0.6294338703
0.6833106279 0.6306922436
0.6922010183 0.6317449212
0.6986818314 0.6327238679
0.7036743164 0.6338431835
0.7072146535 0.6337422729
0.7060028911 0.6312144995
0.7029668093 0.6264800429
0.6994564533 0.6212356091
0.6967967749 0.6150942445
0.6931817532 0.6050617099
0.6915512085 0.5961735249
0.6939456463 0.5870418549
0.6977109909 0.5807783008
0.7016804218 0.5772411823

0.6754923463 0.6465992332
0.6715969443 0.6414335966
0.6708083153 0.6359562278
0.6698961854 0.6285477281
0.6669896245 0.6188593507
0.663803041 0.6103603244
0.6620384455 0.6028453708

