0.6318926811 0.7205260992
0.6332573891 0.722158432
0.6376983523 0.7249714732
0.6411198378 0.7249828577
0.6427741051 0.7234473228
0.646468997 0.7224550247
0.6513342261 0.7232502699
0.6583707333 0.7259720564
0.6643185616 0.7271517515
0.6703819633 0.7265028954
0.6758912802 0.7262685299
0.6825742722 0.7275429368
0.6890276074 0.7291970253
0.6949838996 0.7294676304
0.6991554499 0.7295933366
0.702452898 0.7305263281
0.705440402 0.7309740782
0.7069178224 0.7314295769
0.7088196278 0.7321001291
0.7095861435 0.7330212593
0.7089772224 0.7315424681
0.7080364227 0.7307950854
0.7073608637 0.729876399
0.7060104609 0.7269874215
0.7040017843 0.7236813903
0.7024885416 0.7200258374
0.7010838985 0.715262413
0.7001090646 0.7103108168
0.6998445988 0.7049710155
0.6997933984 0.6995443106
0.7003081441 0.6945279837
0.7008272409 0.6891651154
0.7019153237 0.6839643717
0.7025365829 0.6787160039
0.7027453184 0.6747261882
0.7023370266 0.6725879312
0.701405108 0.6714645624

0.6855700016 0.7477709055
0.6835203171 0.7449272275
0.6806853414 0.7399396896
0.6754991412 0.7302091122
0.6701318026 0.7196050882
0.6642097235 0.7086662054
0.6600091457 0.6996471286

