0.8759073019 0.8055772185
0.8774130344 0.8069701195
0.8814123869 0.8089766502
0.8853741288 0.8090420961
0.8878864646 0.8088580966
0.8927205801 0.8107809424
0.8997908831 0.8148899078
0.9068354368 0.8184350133
0.9146419168 0.8217420578
0.9237425327 0.8247397542
0.9310736656 0.827149868
0.9384381175 0.828987062
0.9444725513 0.8299174309
0.9476540089 0.8294252753
0.9477671385 0.8271833658
0.9487893581 0.8267335892
0.9486593604 0.8253959417
0.9485481381 0.8216505647
0.9472972155 0.816460371
0.9443961382 0.8083772063
0.9426631927 0.8006743193
0.942715168 0.7920870781
0.942894578 0.7839273214
0.9436732531 0.775851965
0.9460300207 0.7690445185
0.9464499354 0.7627528906
0.9449617863 0.7570102215
0.9424770474 0.7539470196

0.9210404754 0.8369649649
0.9213734865 0.8336116672
0.9213689566 0.8287382722
0.9178259373 0.8183191419
0.9133980274 0.8078898191
0.9088099003 0.799423933
0.9073137641 0.7914084196
0.9069937468 0.783423543
0.9053379297 0.775175333
0.9022256136 0.7685670853
0.9003690481 0.763461709

