0.5481632352 0.2135677934
0.544937849 0.2074212134
0.5451614857 0.2066562325
0.5437818766 0.1962952465
0.538628459 0.1837402731
0.5382328033 0.1761329621
0.5381342173 0.168378666
0.5371896029 0.1608788073
0.5391877294 0.1611122489
0.5450102687 0.1653979272
0.5506251454 0.1705536246
0.5562261939 0.1776035577
0.5629328489 0.1880947053
0.5704840422 0.1960757077
0.5758036375 0.2025930583
0.5791059732 0.2054371834
0.5802332163 0.2057138085
0.5815396309 0.2032385767
0.5812433958 0.1994331628
0.5796170235 0.1928187013
0.5789415836 0.185985744
0.5795202851 0.1800666302
0.5798063874 0.1734369993
0.580594182 0.1686494797

