0.5486976504 0.2131096721
0.5481763482 0.2090281695
0.5483074188 0.2053104788
0.5483031273 0.1977544427
0.5474065542 0.1887494177
0.5476173162 0.1812927425
0.549351573 0.1767717451
0.5502254963 0.1721495241
0.5524019599 0.1719943583
0.5544548631 0.174224481
0.5571924448 0.1795587838
0.5607296228 0.1851628721
0.5655314922 0.1924371719
0.5701128244 0.19995974
0.5743774772 0.2049987465
0.5786951184 0.2090148628
0.5828015804 0.2125794441
0.5850609541 0.212870881
0.5863900781 0.2105994672
0.5864757299 0.2062469125
0.5858110189 0.1992000639
0.5845313072 0.1908739656
0.5847039223 0.184439227
0.5853770375 0.1785993576

