0.5490853786 0.6186447144
0.5464500785 0.6114310026
0.5462999344 0.608515501
0.5468239784 0.6035900116
0.5450539589 0.5947111845
0.543514967 0.5878977776
0.5440788865 0.5833209753
0.5444213152 0.5775173903
0.5447318554 0.573284626
0.5458257794 0.5734018683
0.5483410358 0.576851666
0.5517188311 0.5806852579
0.555116117 0.5854849815
0.5588091612 0.5921242833
0.5644378662 0.5992619991
0.5687966943 0.6051595211
0.5728294253 0.6098607183
0.5759734511 0.6143001318
0.5792565346 0.6177061796
0.5818127394 0.6197807789
0.5823605061 0.6197401881
0.5821118355 0.6173400283
0.5818905234 0.6140009761
0.5815636516 0.6088575125
0.580396831 0.6027112007
0.5799496174 0.5952187777
0.579333663 0.5880904794
0.5787832141 0.5811810493
0.578813076 0.5758388042

