0.6767163277 0.8226903081
0.6771430373 0.8216292858
0.6753719449 0.8123879433
0.6720955968 0.8028632998
0.6697472334 0.794037044
0.6689506173 0.7865256667
0.668715775 0.7804299593
0.6701039672 0.7791023254
0.6723877192 0.7795467377
0.6758946776 0.7815493345
0.6794069409 0.7845725417
0.6825953722 0.7878190279
0.6877576113 0.7946158648
0.6929100752 0.8013303876
0.6973818541 0.8062630892
0.7011260986 0.8103004694
0.7046567202 0.813554883
0.7074953914 0.8138246536
0.7092598081 0.8113251328
0.7100191712 0.8077954054
0.7113249302 0.8039001226
0.7125353217 0.7982597351
0.7126097679 0.7910351753
0.7126555443 0.7838059664
0.7123978138 0.7778109908
0.7122718096 0.7725542784
0.711343646 0.7679208517
0.7109519243 0.7648534775

