0.8860737681 0.3586773276
0.8853504658 0.3503496647
0.8851779103 0.3441389203
0.8836874366 0.3355321288
0.8824555278 0.3278535008
0.8817253709 0.323035419
0.8802460432 0.3192980886
0.8807218075 0.3176289797
0.8835411072 0.3193669021
0.8869814873 0.3239541054
0.8916221857 0.3296994567
0.8966388702 0.3353779316
0.9026851654 0.3421208262
0.9092645645 0.3516350985
0.9159017801 0.3589974642
0.9214681387 0.3646380305
0.9260730147 0.3667003512
0.9275015593 0.3657054007
0.9287297726 0.3625422716
0.9289824963 0.3584287167
0.9275734425 0.3511011004
0.9270963669 0.3440906405
0.9277688861 0.338724196
0.9276660681 0.3315174282
0.9270179868 0.3245322704
0.92631495 0.3194121122

