0.546416223 0.874876678
0.5474865437 0.8674877286
0.5477015376 0.8621869683
0.548104465 0.8574299216
0.5494929552 0.8520001769
0.5510157347 0.846778512
0.5516594052 0.8416598439
0.5526282787 0.8375865221
0.5540874004 0.8354204297
0.5561317801 0.8355223536
0.5584515929 0.8390747309
0.5604552627 0.8451978564
0.5633991957 0.8519867659
0.5663850904 0.8605722785
0.5700310469 0.8673517704
0.5728945732 0.8735846281
0.5757952929 0.8743684292
0.5779205561 0.8720513582
0.5798600912 0.8686084151
0.5801340342 0.863168478
0.5797764659 0.8568798304
0.5793949962 0.8511443138
0.5791224241 0.8448839784
0.578571856 0.8391370177
0.5782321095 0.8344204426
0.577555716 0.8310405612

