0.7605947256 0.6680290103
0.7597475052 0.6618334651
0.7597730756 0.655117631
0.7600941062 0.648094058
0.7596383691 0.6400542259
0.7600405216 0.6339287758
0.7608034015 0.6298911572
0.7619724274 0.6290795207
0.7639907598 0.6322728395
0.7672042847 0.6399689913
0.7704750896 0.6471159458
0.7748531699 0.6563490629
0.7801263332 0.6666829586
0.7855582833 0.6746270657
0.7891510725 0.6764792204
0.7907061577 0.6723727584
0.7919182181 0.6671894789
0.7923991084 0.6608077288
0.7926135659 0.652387321
0.7932952642 0.6429328322
0.7935230136 0.6338723898
0.7937218547 0.6279364824
0.7933833599 0.6235512495

