0.5330582261 0.5209115148
0.5335365534 0.517162919
0.5345922112 0.5124517083
0.5358247757 0.5062642097
0.537550807 0.4996726513
0.5396007299 0.4932913482
0.5400107503 0.4866485
0.5406048298 0.4824893177
0.5418623686 0.4807651639
0.5434184074 0.4806791842
0.5454865098 0.4826342463
0.5484840274 0.4864598215
0.5517545938 0.492269516
0.5548868179 0.4990919232
0.558780551 0.5068467855
0.5626863837 0.5151723623
0.5666915178 0.5207771659
0.5696105957 0.5237709284
0.5721943974 0.5258703232
0.5741196275 0.5251997709
0.5747135282 0.5216159225
0.5753535032 0.5166218281
0.575748086 0.5106493831
0.5758432746 0.5035780072
0.5763703585 0.4962015748
0.5772973895 0.4887954295
0.577930212 0.4822873771
0.5789142251 0.4770165384

