0.6496117115 0.8445636034
0.6489391327 0.8387658596
0.6493649483 0.8325479627
0.6490387917 0.8267704844
0.6490103006 0.8200961351
0.6500099897 0.81447047
0.6516087055 0.8100914359
0.6542521119 0.8089978099
0.6565780044 0.8110370636
0.6596256495 0.816180706
0.6627845764 0.8218327761
0.6658169627 0.827897191
0.6693727374 0.8346370459
0.6729857922 0.8407770991
0.6753169298 0.8439908028
0.6769695282 0.8431577682
0.6777586341 0.8387892246
0.6781291366 0.8319314122
0.6784242988 0.8240845203
0.6794326305 0.8167640567
0.6802918315 0.8091766834
0.6812567711 0.802126646
0.6813437939 0.7974179387
0.6806989908 0.7951230407

