0.8907777667 0.09869240224
0.8905668259 0.09432286769
0.8899570704 0.09296437353
0.8883426189 0.08560641855
0.8849348426 0.07801887393
0.8828902245 0.07244537771
0.8803267479 0.06792000681
0.87728405 0.0600232929
0.875357151 0.05275141448
0.8751298785 0.0508531183
0.8765928149 0.050368689
0.8787879348 0.05131475627
0.8811489344 0.05238515139
0.8837820292 0.05569069833
0.8881127834 0.05932444707
0.8932571411 0.06283638626
0.8976618052 0.06820973754
0.902495265 0.07330997288
0.9081166983 0.07907351851
0.9132136106 0.08214992285
0.9168163538 0.08676375449
0.920080781 0.0908280164
0.9222003222 0.0927151069
0.9244893193 0.09116497636
0.9256199002 0.09007208794
0.9268049002 0.08889564872
0.9270033836 0.08354239166
0.9277217984 0.07648207992
0.928940177 0.07057461143
0.929598093 0.06436499953
0.929525733 0.05674484372
0.9304084778 0.04976748675
0.9311116338 0.04640936852
0.9315284491 0.04169606417

