0.5576877594 0.5561661124
0.5576656461 0.5550155044
0.5576559901 0.5539399385
0.5568954945 0.5512794852
0.5564327836 0.5485829711
0.5552625656 0.5428897738
0.5548208356 0.5397930145
0.5548403859 0.5371975303
0.5548138022 0.5345785022
0.5548610091 0.5316185951
0.5555280447 0.5247477293
0.5560303926 0.5213124752
0.5566725135 0.5185592771
0.557631731 0.5163416266
0.5584602356 0.5145881176

0.5255538821 0.5336412191
0.5319541693 0.5349429846
0.5397111773 0.5355066657
0.5467433333 0.5353860855
0.5537222028 0.5360206962
0.5614937544 0.5382055044
0.5681371689 0.5394986868
0.5736721158 0.5396665931
0.5781406164 0.5398454666

