0.8913177252 0.2591625452
0.8890551329 0.2527389228
0.8896863461 0.2521138191
0.8903230429 0.2504619956
0.8902289271 0.2446656823
0.8896286488 0.2383186519
0.8910633922 0.2347586751
0.8921105862 0.2288690656
0.8916130066 0.2236424536
0.8916279078 0.2200092673
0.8909033537 0.2179754376
0.8901397586 0.216267705

0.8544059992 0.232057631
0.8597416878 0.234413147
0.8653613329 0.2358753532
0.869830668 0.2353501767
0.8767719269 0.2377180159
0.884122014 0.239950493
0.8904107213 0.2394402921
0.8980930448 0.2411234826
0.9061770439 0.2426866293
0.9122376442 0.2422505617
0.9180990458 0.2416306734
0.9230315685 0.241555348
0.9254140854 0.2414871454

