0.6745855808 0.6674193144
0.6747345924 0.6642255187
0.6743196845 0.6615707278
0.6742272973 0.6591112018
0.6743828058 0.6551782489
0.6745659113 0.6509743929
0.6745206118 0.6446955204
0.6751279831 0.6359571815
0.6751279831 0.6359571815
0.6761410236 0.6272207499
0.6767801046 0.6202940941
0.6765955091 0.6153681874
0.6757729053 0.612844944

0.6435244083 0.6467486024
0.6498985291 0.6470307708
0.6586385965 0.6474866271
0.6674346924 0.646951437
0.6778867245 0.6472200155
0.6893078089 0.6469290257
0.6993471384 0.6467029452
0.7075864077 0.6473504305

