0.5472152829 0.8401972651
0.5471975803 0.8384785056
0.5475447774 0.8341876864
0.54675138 0.8281737566
0.5453139544 0.8229060769
0.5459970236 0.8183647394
0.5464855433 0.8124093413
0.5462383032 0.806001842
0.5459942818 0.8015227914
0.5465500355 0.7977638245

0.5189343691 0.820402205
0.5224950314 0.8225448132
0.5295035839 0.8234952092
0.5359707475 0.8217270374
0.5419813395 0.8193602562
0.5483769774 0.8206153512
0.5557961464 0.8220801353
0.561886251 0.8230155706
0.5670542717 0.8237800598
0.5704788566 0.8244967461
0.5728901625 0.8239368796

