0.5510325432 0.2868655622
0.5524938703 0.285238564
0.5524938703 0.285238564
0.5512566566 0.2817963958
0.5512566566 0.2817963958
0.5516434312 0.2776411772
0.5520695448 0.2714488804
0.5522425771 0.2645372748
0.551510632 0.2553492486
0.5520173907 0.247699827
0.5527519584 0.2403258383
0.5527244806 0.2341160625
0.5524635911 0.2288310528

0.5198647976 0.2538060844
0.5260401368 0.2521622777
0.5318456888 0.2523570657
0.5383718014 0.2541933358
0.5457838178 0.2556909323
0.5530143976 0.2568425536
0.5598191619 0.2576669753
0.5675724149 0.2572017908
0.5744584799 0.257273972
0.5815740228 0.2570671439

