0.7990267873 0.1082672849
0.7969824672 0.08774474263
0.7969824672 0.08774474263
0.7969824672 0.08774474263
0.7967017293 0.08216819167
0.7973807454 0.07763039321
0.7971804738 0.07037333399
0.7976234555 0.06322360039
0.7978842258 0.05877171084
0.798584938 0.05561972409
0.7986712456 0.0514613688
0.7990788817 0.04942385107

0.7700133324 0.07354795188
0.7738912106 0.07623565942
0.7770041227 0.07623676956
0.7804905772 0.07275270671
0.7856769562 0.07520331442
0.7900993228 0.07733445615
0.7942605019 0.07656477392
0.7992216349 0.07713007927
0.803599894 0.0781436488
0.8078529835 0.07778327912
0.8122416735 0.077253066
0.8166137934 0.07679419219
0.8195092082 0.07627756894

