0.6183123589 0.7241875529
0.6246669292 0.7276371717
0.6300506592 0.7280083895
0.6343337893 0.7262352705
0.6404451728 0.7251137495
0.6472671032 0.7251634598
0.655467093 0.7269077897
0.664026916 0.7287619114
0.6715394258 0.7289530635
0.6783733368 0.7286446691
0.685084939 0.7288803458
0.6906250119 0.7296209335

0.6178507805 0.7271379232
0.6178590655 0.7232491374
0.6169142127 0.7156895399
0.6151520014 0.7072097659
0.6143898368 0.7009278536
0.6142451763 0.6950716972
0.6140522361 0.6900060177
0.6156162024 0.6872839332
0.6181811094 0.6871578693
0.6204806566 0.6887380481
0.6234334111 0.6919555664
0.6268121004 0.6948597431
0.6320940852 0.7016734481

0.6498329639 0.7171141505
0.6510546207 0.715400219
0.6520886421 0.7135906219
0.6544080973 0.7093583941
0.6572624445 0.7051919103
0.660456121 0.7007758617
0.6638749242 0.695892036
0.6679714918 0.691293478
0.6727277637 0.6866244674
0.677254498 0.6829516888
0.680516839 0.6805110574

