0.849065423 0.5858955383
0.8497503996 0.5870803595
0.8501054049 0.5890325308
0.8451133966 0.5888710022
0.8376704454 0.5866820812
0.82868433 0.5848645568
0.821587503 0.5857553482
0.8142520189 0.5862745643
0.8053562641 0.586403966
0.7975284457 0.5860177875
0.7891594172 0.5852423906
0.7824978232 0.5847814083
0.7766106725 0.5843998194
0.7723561525 0.5846127272
0.7692453861 0.5844177008
0.7664632201 0.5834564567
0.7647589445 0.5822833776
0.7637560368 0.5818047523
0.76324898 0.5814970136
0.7642453909 0.580816865
0.7657666802 0.5789577365
0.7670539618 0.5759298205
0.7680331469 0.5720576048
0.769572854 0.5674889088
0.7714600563 0.5618957281
0.7736868858 0.5561320782
0.7758803368 0.5499688387
0.779060483 0.5448616743
0.7822577357 0.5410050154
0.785471499 0.5396294594
0.7891068459 0.5419225097
0.793102026 0.5482363701
0.7956671119 0.5579081178
0.7972176075 0.5682442188
0.8001276851 0.576003015
0.802307725 0.581481874
0.8044148684 0.5862460136
0.8057214022 0.588105619
0.8068724871 0.5865197182
0.8087145686 0.5816065669
0.8120707273 0.5768669844
0.8174120188 0.5712913871
0.8234218359 0.5667571425
0.8312622309 0.5625348091
0.8392140865 0.5577010512
0.8477070928 0.5525887012
0.856652379 0.547309041
0.8651038408 0.5423591733
0.872086525 0.5387898684

