0.5098927021 0.1479321122
0.5125421286 0.1470993012
0.5202994943 0.1490074545
0.5300633311 0.1516027004
0.5401620865 0.1540212333
0.5512852669 0.155748412
0.5612223148 0.1579498947
0.5685584545 0.1597993076

0.5474892855 0.1828217655
0.5398240089 0.1781207323
0.5334101915 0.1744014472
0.5282876492 0.1705763638
0.5237268209 0.1657884866
0.5163204074 0.1581191272
0.509549737 0.1484006047
0.5055519938 0.1369244158
0.5066216588 0.1272401661
0.5090661645 0.1179963723
0.5114194751 0.1079530939
0.515378952 0.09907839447
0.5207850933 0.09241071343
0.5289617181 0.09581554681
0.5347648263 0.102302596
0.5386719704 0.111284934
0.5408676267 0.1202704906
0.5425027013 0.1308174431
0.5433673859 0.1436194479
0.543119669 0.1533083618
0.5404499769 0.1626843959
0.5394127369 0.1621225625
0.5377348661 0.1580934227
0.535428822 0.152901575
0.5360950232 0.1480716467
0.5402009487 0.1422313005
0.54605335 0.1346680373
0.5544295311 0.1246817037
0.5650397539 0.1126663685
0.5722131729 0.1047431454
0.5753347874 0.09941910207
0.5770076513 0.09612624347
0.5781483054 0.09508824348
0.5793349743 0.09266355634

