0.6144192815 0.1754435301
0.6191128492 0.1765930951
0.6244962215 0.1761776805
0.6299757957 0.1744534969
0.6357008219 0.1745340228
0.6429200172 0.17567572
0.651461482 0.1772946715
0.6606858969 0.1785538495
0.6685073972 0.1790606827
0.6749007106 0.1796417683
0.6806820631 0.180686295
0.6861972809 0.1817930192
0.6880100965 0.1823037863

0.6149995923 0.1871502995
0.6129258871 0.1810966134
0.6103607416 0.175077796
0.6087939143 0.1677778214
0.6082109809 0.1597335339
0.6087827682 0.1528959721
0.6110225916 0.1468219161
0.6148926616 0.1419571787
0.6181862354 0.1378561854
0.6219016314 0.1369305849
0.6263468862 0.139703393
0.6303321719 0.144832164
0.6344251037 0.1518829763
0.6379528642 0.1595122665

0.6470873952 0.1689681709
0.6493794918 0.1658765674
0.6533263922 0.1618448943
0.6584649682 0.1554210335
0.6631419063 0.1494060606
0.6697202921 0.1426467896
0.6761330366 0.1372533143
0.6834161282 0.1323640645
0.690386951 0.1274722368
0.6954631805 0.1232710779
0.6998081207 0.1199743524
0.7026872039 0.1172885746

