0.9469925165 0.7597552538
0.9465556145 0.7597510219
0.9488223195 0.7613842487
0.9499224424 0.7617725134
0.946959734 0.7618386745
0.9406397939 0.7617641687
0.9357763529 0.7619850636
0.9323718548 0.7628303766
0.9276274443 0.7631323934
0.9208711982 0.7621423602
0.9137686491 0.7615639567
0.9069940448 0.7613780499
0.9012598991 0.7613928318
0.8961473107 0.7616844773
0.8912879229 0.7622714043
0.8860793114 0.7624817491
0.8809411526 0.7626559734
0.8766531944 0.7627459764
0.873863101 0.7634065151
0.8718664646 0.7637640238
0.8707575202 0.7637293339
0.8695030808 0.7631492615
0.8680096865 0.7630529404
0.8686515093 0.7632166147
0.871799469 0.76391083
0.8738865852 0.7641795874
0.8759655952 0.764354825
0.8772054315 0.765137434
0.8791327477 0.7656674385
0.8819844127 0.7670263052
0.8844914436 0.7676246762
0.8844163418 0.7665221691
0.8812254667 0.7635695934
0.8801341057 0.7607628107
0.8807454705 0.757209301
0.8806459904 0.7531589866
0.8797057867 0.7479157448
0.8789349198 0.7424691916
0.8796857595 0.7370055914
0.8813544512 0.73158288
0.884139955 0.7263200283
0.8861026168 0.7216652632
0.8882197738 0.7182325125
0.8908517957 0.7165902853
0.8939937353 0.7156752348
0.8983531594 0.7175717354
0.9016937613 0.7206616402
0.9043601155 0.7249289751
0.9067364931 0.7302622199
0.9091485739 0.7379169464
0.9106997252 0.7442728281
0.9111079574 0.7497763634
0.9106810689 0.7544251084
0.9099916816 0.7579369545
0.9087302685 0.7581406832
0.9092177153 0.7580920458
0.9106596112 0.7557215691
0.9130644798 0.752086401
0.9161972404 0.7486801744
0.92087394 0.7437210083
0.9279135466 0.7381081581
0.9355319738 0.73385638
0.9451059103 0.7280836105
0.9538921118 0.7225631475
0.9600627422 0.7180474997

