0.9239037037 0.133202374
0.9273111224 0.1363423318
0.9250273108 0.1330315918
0.9179059863 0.132175073
0.912219286 0.1336724907
0.9062500596 0.1337901354
0.8961420655 0.1327973902
0.8889105916 0.132263273
0.8832539916 0.1332057267
0.8779690862 0.1312886477
0.8736147881 0.1301992834
0.8700797558 0.1301619411
0.8671131134 0.1307064891
0.8642426729 0.1315246522
0.8628576994 0.1314648688
0.8625999093 0.1311128289
0.8618338108 0.1311331987
0.8633814454 0.1327180415
0.8643296957 0.1341403276
0.8662711382 0.1351424307
0.8676583767 0.1354652196
0.8673865795 0.1347646713
0.866351366 0.1336515844
0.8660353422 0.1311215311
0.8661417961 0.1280536056
0.8652680516 0.1235702336
0.8629531264 0.1169773936
0.861214757 0.1110115871
0.8601003289 0.1043857709
0.8612246513 0.09904941916
0.8640072346 0.09443538636
0.867477417 0.09183506668
0.8716574311 0.09229218215
0.8757947087 0.09520308673
0.8811001182 0.102087386
0.8851322532 0.109146215
0.8876743317 0.1164460182
0.8892303705 0.1226119399
0.8895456791 0.1282375157
0.8895005584 0.1263424903
0.8890206218 0.1230138838
0.887919426 0.1212149337
0.8882852197 0.1211286187
0.8908275962 0.1211422384
0.8955288529 0.1189906299
0.8996796012 0.1146762818
0.9029519558 0.1105829403
0.9060205817 0.1050575972
0.9103593826 0.09846788645
0.9149077535 0.09271775931
0.9197826385 0.09027579427

