0.5813078284 0.9326475263
0.5835855007 0.9359716177
0.5843014121 0.9379361868
0.5823309422 0.9393620491
0.5793563128 0.9392848015
0.5754215121 0.9377087355
0.5693657994 0.9359499216
0.563832283 0.9351028204
0.5576987267 0.9330621958
0.5521566868 0.9312467575
0.5463873148 0.9317158461
0.542057097 0.9328012466
0.5361278653 0.9333522916
0.5305017233 0.9334338307
0.5258985758 0.9340791702
0.5214804411 0.9320502877
0.5168195963 0.9315001965
0.515152216 0.9326059222
0.5162080526 0.9338052869
0.517603159 0.9356970191
0.5189263821 0.9366223812

0.530194521 0.9543303251
0.5272222757 0.9517729878
0.5258556604 0.9458633661
0.5236347914 0.939317584
0.5196232796 0.9332484603
0.5153453946 0.927583456
0.5128558278 0.9227901101
0.5127766132 0.9182248116
0.5142433047 0.9131054282
0.5154487491 0.9082911015
0.5194756985 0.9051012993
0.5228602886 0.9023113251
0.5288749337 0.9007528424
0.5344048142 0.9002990127
0.5383167267 0.901301384
0.5430260897 0.9046210647
0.5466533303 0.9086627364
0.5486578345 0.9115332961
0.5474113822 0.9175863266
0.5447523594 0.9252970219
0.5450184345 0.9300893545
0.5454214811 0.9328712225
0.5452152491 0.9319970012
0.5458487272 0.9309968948
0.5477431417 0.9306571484
0.5514957905 0.9269647598
0.555809021 0.9219824672
0.559451282 0.9181399941
0.5647540092 0.9126480222
0.5700057745 0.9071113467
0.5742828846 0.9012857676
0.5757785439 0.8967481256
0.5768712163 0.894467473
0.5786685944 0.891957283
0.5793319941 0.8931429386

