0.9169727564 0.8321477771
0.9156160355 0.8295401335
0.9141913652 0.8282799721
0.9106350541 0.826423645
0.9061577916 0.8253507614
0.9002665281 0.8238658905
0.8922533393 0.8230317831
0.8817744255 0.8208881617
0.8724942803 0.8195300102
0.8643779755 0.8181598186
0.856261909 0.8164116144
0.8498001099 0.8150466681
0.8447012305 0.8141964078
0.840195775 0.8134685159
0.8372269869 0.81264323
0.8358489275 0.8122332096
0.8364139199 0.8123486042

0.8517178297 0.8302890658
0.8523097038 0.829231143
0.8504884243 0.8255890608
0.8467187881 0.8200221062
0.8428013921 0.813400507
0.8402413726 0.8080503941
0.8404210806 0.8028011322
0.84106493 0.7974056602
0.841629982 0.791936636
0.842107892 0.7866316438
0.8437851667 0.782435894
0.8464457393 0.780085206
0.8493680954 0.7795492411
0.8537963033 0.7829704285
0.8585243225 0.7881777287
0.8627884984 0.794479847
0.863776505 0.7990926504
0.863445282 0.8015930057
0.8639218807 0.8024899364
0.8653513193 0.8045679927
0.867228508 0.8067874908
0.8694808483 0.8082651496
0.872798562 0.8092604876
0.8763241768 0.8076529503
0.8806817532 0.8061355948
0.8867439032 0.804120183
0.8921306729 0.8003701568
0.8975211978 0.7968086004
0.9036445618 0.792186141
0.9092114568 0.786803484
0.9139252305 0.7822637558
0.9186019897 0.7790321112
0.9230315089 0.7767263055
0.926107049 0.7753899097

