0.8292985559 0.4745084643
0.8277685046 0.4735238552
0.8223074675 0.4723006487
0.8171538115 0.4700866938
0.8102722764 0.4680006504
0.8004703522 0.4667958915
0.7911061049 0.4656404257
0.7797193527 0.4643740058
0.770205617 0.4637842178
0.7616699934 0.4630797207
0.7543040514 0.4629688561
0.7475951314 0.462898761
0.7427814603 0.4629106224
0.7383633852 0.4630714655
0.7368993759 0.463457942
0.7362421751 0.46247527
0.7359623909 0.4617511034
0.7366372347 0.4604826272
0.7379229069 0.4584335685
0.7393581867 0.4543668628
0.7408970594 0.4483889043
0.7429923415 0.4424524903
0.7454345226 0.4380891025
0.7495547533 0.4333979487
0.7534526587 0.4303352237
0.7568411827 0.4288270473
0.7598864436 0.4298598766
0.763078928 0.4350921512
0.7660272717 0.4412662089
0.7687858343 0.4486081302
0.7711576223 0.4556406438
0.7728538513 0.4621285796
0.7734810114 0.4659069777
0.7737814188 0.4656786919
0.7723981142 0.4608178735
0.7725383043 0.4567993283
0.7741575241 0.4531101882
0.77854532 0.4470384121
0.7834539413 0.4413684905
0.7898476124 0.4371378124
0.7982780933 0.4331254363
0.806481719 0.4304801822
0.8156216741 0.4286366701
0.8248780966 0.4267398417
0.8315546513 0.4233051836

