0.7421025634 0.7914578319
0.7458840609 0.7917445898
0.7519841194 0.7922748923
0.7590942383 0.7927416563
0.7675082684 0.7934948802
0.7749851942 0.7950389385
0.7834308743 0.7967851162
0.7922173738 0.7981224656
0.7994258404 0.7993656397
0.8045620918 0.7990511656
0.8073772192 0.798314929
0.8079456687 0.7978972793

0.7466031909 0.805799365
0.7442427278 0.8009507656
0.7409451604 0.7927068472
0.7393653989 0.7867554426
0.7392597198 0.7804808021
0.7400376797 0.7733124495
0.7406243086 0.7667696476
0.7419322729 0.7613612413
0.744273603 0.756631732
0.7471513152 0.7538186908
0.7506970167 0.7528535128
0.7549164295 0.7540901899
0.7593585849 0.7585710883
0.7626869678 0.7634112239
0.7649683356 0.7683906555
0.7663696408 0.7739034295
0.7674099207 0.7795612812

0.7703157663 0.788992703
0.7725513577 0.7867439985
0.7760075331 0.7833331227
0.7804607153 0.7786679864
0.7862747312 0.7729907036
0.7919117212 0.7679793835
0.7978465557 0.7627871037
0.8039336205 0.7580105066
0.8101685047 0.752820313

