0.9357985854 0.6048464775
0.9330545664 0.6041832566
0.9295914769 0.6021205187
0.9245196581 0.6012576222
0.9166117311 0.6010032892
0.9072909951 0.6009185314
0.8990334868 0.6008294225
0.8915746212 0.6002501249
0.8847625852 0.5999866724
0.877984941 0.5999462605
0.8713467121 0.6004562378
0.8658183813 0.6019562483
0.8614323139 0.6038768291
0.8590364456 0.6057639122
0.8562763929 0.6070850492
0.8549664021 0.6091431379
0.8550641537 0.6106728911
0.8556126356 0.6129900217
0.8568767309 0.6152071357
0.8579266071 0.6159430742
0.8587111235 0.6162402034
0.8591756225 0.6129099727
0.8599434495 0.6099609137
0.8607906103 0.6066573858
0.8619875908 0.601862967
0.8631249666 0.5954195261
0.8647266626 0.5901093483
0.8670001626 0.5855364799
0.8702861071 0.5821262598
0.8740576506 0.578235805
0.878184855 0.5759539604
0.8821493387 0.5765590668
0.885815382 0.5789368153
0.8888652325 0.5839620233
0.8900219202 0.5895901918

0.8885055184 0.6046867371
0.8890297413 0.6030663252
0.8901698589 0.6002793312
0.8930767775 0.5965687037
0.8980315328 0.5927468538
0.9035183787 0.5879363418
0.909737885 0.5828122497
0.9155817032 0.5778266788
0.9213050604 0.5749269128
0.9271766543 0.5712060332
0.9319979548 0.5681404471

