0.645614028 0.757674396
0.6532419324 0.7626693249
0.6623786688 0.7686020732
0.6721544862 0.7783880234
0.6722975373 0.7837125659
0.6684692502 0.7893023491
0.6627150178 0.7943331003
0.655411303 0.7990316153
0.6481801271 0.8035242558
0.6361044049 0.8078499436
0.6361044049 0.8078499436
0.6164413691 0.8043962717
0.5939255953 0.8079730272
0.5803188086 0.8015505075
0.5740814209 0.7810667157
0.568200171 0.7646683455
0.567676425 0.7503063083
0.574652791 0.7384480834
0.5850983262 0.7337753177
0.6019614935 0.7362027168
0.6201662421 0.7385826707
0.6453268528 0.7535341978
