0.5040883422 0.1888571382
0.5046669841 0.189937368
0.5081840158 0.1954840422
0.509798944 0.1976927817
0.5111350417 0.2006779015
0.5132824779 0.2059622705
0.5176306367 0.2114707083
0.5230819583 0.2133005708
0.527974844 0.2127588838
0.5327464342 0.2124629021
0.5378878117 0.2131876647
0.5417364836 0.2142331153
0.5453029871 0.216922462
0.5470170975 0.2209870517
0.547634244 0.225150153
0.5469869375 0.2288116962
0.5456393957 0.2313009799
0.5437145829 0.2320792973
0.5425802469 0.2298981845
0.5419556499 0.2270547152
0.5440613031 0.2233275324
0.5465081334 0.2190066427
0.5505053401 0.2152251303
0.5546413064 0.2126137763
0.5591135621 0.2108784467
0.5638000965 0.2093812823
0.5686796904 0.2085999548
0.5734217167 0.2081567198
0.5780057907 0.2076480687
0.582162559 0.2071226388
0.5856809616 0.2067253441
0.5865850449 0.2038049251
0.5867429972 0.1998264641
0.5841845274 0.1934917271

