0.7448477745 0.1021821871
0.7438054085 0.1043023393
0.743000865 0.1046820804
0.7433474064 0.1061865985
0.7444547415 0.110446617
0.7461824417 0.1136284918
0.7480783463 0.1165518537
0.7512687445 0.1208766252
0.7545645833 0.1243889257
0.7577749491 0.1264641434
0.761058569 0.1279879212
0.7644302845 0.127900511
0.7676523924 0.1269299686
0.7710739374 0.125243172
0.7744809985 0.1243528277
0.7785133123 0.1228921115
0.7818217278 0.1235166788
0.7845506072 0.1252771914
0.7869035006 0.1279287636
0.78882128 0.1312099397
0.7892167568 0.1347829401
0.7887057662 0.1382124573
0.7882865071 0.1407063305
0.787789464 0.1416977793
0.7870622873 0.1420470923
0.7868750691 0.1414523721
0.7870086432 0.1405869424
0.7873788476 0.1392480582
0.7880648375 0.1371225417
0.7895044684 0.134700954
0.7916957736 0.1325573623
0.7942285538 0.1302936673
0.7970900536 0.1283282042
0.8009878397 0.1266487539
0.8057844639 0.1261171103
0.8107120395 0.1250818223
0.8157941699 0.1240919009
0.8211357594 0.1239234433
0.8256997466 0.1233046353
0.8300591707 0.1226208061
0.8332524896 0.1208779663
0.8348100185 0.1182761043
0.83490628 0.1156437472
0.8341137767 0.1131363362
0.8314007521 0.1098613665
0.8272121549 0.1057241857

