0.8474155068 0.9008651376
0.8487504721 0.9019172788
0.8488191962 0.9019880891
0.8471381664 0.9019821882
0.8459913135 0.9029951096
0.8458114862 0.9056551456
0.8456353545 0.9080455899
0.8460485339 0.9108329415
0.8473532796 0.9139620066
0.8496736884 0.9166733027
0.8520759344 0.9188649654
0.8558038473 0.9206797481
0.8602514863 0.9211903811
0.8651287556 0.9215354323
0.8693565726 0.9214992523
0.8734709024 0.9210987091
0.8786914945 0.9207159877
0.8840742707 0.9206552505
0.8881767988 0.9213209152
0.8917918205 0.9225286245
0.8951411247 0.9241964817
0.8974530697 0.9265170097
0.8978635073 0.9287319183
0.8968644738 0.9308412075
0.8958098888 0.9328371882
0.8955339789 0.9350738525
0.8941016197 0.9356225133
0.8926833272 0.9349671006
0.8914972544 0.9336733222
0.891054213 0.932074964
0.8913790584 0.9292464256
0.8929316401 0.9267030954
0.896181941 0.924362123
0.9003791213 0.9221522808
0.905186832 0.9194482565
0.9109027982 0.917139411
0.9175938368 0.9157443047
0.9243730307 0.914914012
0.9318156242 0.9157444239
0.9409879446 0.9189699292
0.9490536451 0.9214736223
0.9509849548 0.9189305305
0.9495853782 0.9124768972
0.9456560612 0.9050434828
0.9412226081 0.9005559683

