0.6485414505 0.9035825729
0.6478789449 0.9067165256
0.6495011449 0.9075738192
0.650257349 0.9103140831
0.6508458257 0.9136083722
0.6525391936 0.9170687199
0.6563958526 0.920330286
0.6602627039 0.9231039286
0.6639757752 0.924691081
0.6685245633 0.9255586267
0.6736448407 0.9257134795
0.6782941222 0.9250562787
0.6822856069 0.9247889519
0.686432302 0.9254699349
0.6909255385 0.9282869101
0.6948599815 0.9325625896
0.6982138157 0.9375142455
0.700835228 0.9423029423
0.7012549639 0.9448114634
0.7002592087 0.9441999197
0.6990721226 0.9423457384
0.6989040971 0.9390975237
0.7000639439 0.9360852242
0.702624917 0.9333987236
0.7066847086 0.9314283729
0.7124835253 0.9306132197
0.7191986442 0.9297231436
0.7261168361 0.9281106591
0.7314397097 0.9247584343
0.7344805002 0.9205060005
0.7354016304 0.9151643515
0.7345370054 0.9099354744

