0.5018575788 0.5998955965
0.5034508109 0.605804801
0.5022520423 0.6100143194
0.5022397041 0.6147046685
0.5052279234 0.6213573217
0.5104748607 0.6283843517
0.5165127516 0.633136034
0.5220504999 0.6351472735
0.5285993814 0.636508584
0.5360505581 0.6375570297
0.5418217778 0.6372650266
0.5464428663 0.6373158693
0.5512170792 0.6388688087
0.5539410114 0.6405940652
0.5567352176 0.6431546211
0.5582910776 0.6455193758
0.5583127737 0.6458562613
0.5576354861 0.6451072693
0.5576039553 0.6437828541
0.5585641861 0.6411275864
0.5600539446 0.6377625465
0.5634635687 0.6342554092
0.5675494075 0.6322401762
0.5730901361 0.631328702
0.5790811777 0.6313966513
0.5849161148 0.6317306757
0.5907951593 0.6330202818
0.5965034962 0.6331554055
0.599535048 0.62907058
0.6006845236 0.6226230264
0.6014450192 0.6167414188
0.5994910598 0.6105864048

