0.518881321 0.0411817506
0.516710639 0.04000919312
0.5176922083 0.0434733294
0.5157874823 0.04254795238
0.511633575 0.0432141684
0.5123669505 0.04768203944
0.5146471262 0.05364548787
0.5159335136 0.05747572705
0.5204744339 0.06250602752
0.5248114467 0.06546160579
0.5299244523 0.06827814132
0.5342137814 0.069708094
0.5387709737 0.07038065046
0.542547226 0.06993643939
0.5472252369 0.07063991576
0.551623404 0.07222440094
0.5556681752 0.0734750405
0.55900383 0.0760025084
0.561757803 0.07898418605
0.5639411211 0.08092936873
0.5649907589 0.08262180537
0.5648877621 0.08469896764
0.564273119 0.08481454849
0.5628255606 0.08175818622
0.5617917776 0.07936474681
0.5613170862 0.07681636512
0.5622137785 0.0737099573
0.5640844107 0.07137563825
0.5672715902 0.0702836886
0.5708885193 0.0697171092
0.5766657591 0.07117073238
0.5819985867 0.07216897607
0.5865641236 0.07340975851
0.5900392532 0.07860628515
0.5952746868 0.07736895233
0.5943959951 0.07122284174
0.5927604437 0.06169041246
0.5891083479 0.05428142473
0.585978508 0.05399608612

