0.8275431395 0.8851470351
0.8280359507 0.8866613507
0.8274465203 0.8880307078
0.8265222907 0.8899176121
0.825876534 0.8930296302
0.8261210322 0.8966492414
0.8286065459 0.8993006945
0.8318294883 0.9027293921
0.8351675272 0.905713439
0.8399276137 0.9076605439
0.8457657099 0.908645153
0.8513807654 0.9093801975
0.8575186729 0.9101478457
0.8650655746 0.9111043215
0.8725908995 0.9128218889
0.8784229755 0.9153627157
0.8830205798 0.9182783961
0.8847717047 0.9209188223
0.882838726 0.9230610132
0.8807823658 0.9241010547
0.8796002865 0.9234480858
0.8792896271 0.9218966365
0.8798779845 0.9190509319
0.880887866 0.9147692323
0.883276999 0.9119656086
0.8887383938 0.9103044271
0.8955772519 0.9091566801
0.9029647112 0.9091306925
0.9105015993 0.9101314545
0.9195085764 0.9102238417
0.9258016348 0.9065206647
0.9285752773 0.901907742
0.92939502 0.8979187012
0.9272708893 0.892549336

