0.7251888514 0.4653767347
0.7249737978 0.4698793888
0.7240437269 0.4724361002
0.722391665 0.4750086069
0.7231720686 0.480763644
0.725646317 0.4861145914
0.7295971513 0.4897817373
0.733425498 0.4924400747
0.7387807369 0.493684411
0.7444170713 0.49425295
0.7503857017 0.4931553602
0.755503118 0.4913214445
0.7607792616 0.4890753031
0.765947938 0.4874814451
0.7701200247 0.4882861376
0.7735208273 0.4914836287
0.7758908868 0.4964892268
0.7772980928 0.5025621057
0.776786685 0.506647408
0.7759891748 0.5084575415
0.774643302 0.5078589916
0.7742196918 0.5063616633
0.7752412558 0.5037717819
0.7775931358 0.5009045601
0.7821331024 0.5000553727
0.789326787 0.4999198318
0.7973700166 0.4993175268
0.8073464632 0.4986335039
0.816413641 0.4964863658
0.8243697882 0.492762208
0.8254511356 0.4845802486
0.8255642653 0.4773018062
0.8250857592 0.4719365537
0.8224313259 0.4671297669

