0.7188904285 0.3937312961
0.7182137966 0.3973110616
0.7183049917 0.4007526636
0.7183958292 0.404427588
0.7189010978 0.4080986977
0.7209547758 0.4127898514
0.7246323228 0.4171706438
0.7287623882 0.4197468162
0.7332059741 0.4214885831
0.7382338047 0.4223986268
0.7437677383 0.4218932688
0.748898685 0.4209645689
0.7538012266 0.4191943407
0.7591280341 0.4174182713
0.7645898461 0.4163492918
0.7697366476 0.4165019989
0.7748978138 0.4187510014
0.779304862 0.4228061438
0.7823428512 0.427811712
0.7833895087 0.4325739145
0.7834242582 0.4371021986
0.7825900316 0.4406526685
0.780931294 0.4423082471
0.7795958519 0.4422235191
0.7794374824 0.4403964281
0.7798823714 0.438247472
0.781770885 0.4357795715
0.7848000526 0.4331581891
0.788831234 0.4310786128
0.7943482995 0.4291445613
0.8014028072 0.4281472564
0.8091813326 0.4269815385
0.8171067834 0.425372988
0.8246974349 0.424475193
0.8300629854 0.4241693616
0.8334306479 0.4230721593
0.8364362717 0.4216265082
0.8366078734 0.4160112143
0.834508121 0.4103146791
0.8325312734 0.4058610499
0.8292464018 0.4018696547

