0.7043362856 0.2107238919
0.705588758 0.2144585848
0.7081105709 0.2178611308
0.7107578516 0.2201825827
0.7151544094 0.2236963362
0.7206060886 0.2272014916
0.7257994413 0.2300347835
0.7310116887 0.2299888879
0.7354509234 0.2289890349
0.7399601936 0.2268655449
0.7438832521 0.2235882282
0.7473497987 0.2204497755
0.7509811521 0.218995437
0.7542108297 0.2203531861
0.7567899227 0.2234668732
0.7584944367 0.228243053
0.7590393424 0.23363778
0.7587870359 0.2371932268
0.7583471537 0.23847045
0.757168293 0.2378434986
0.7573148608 0.2367102802
0.758818388 0.2348900735
0.7615247369 0.2326022387
0.7654675245 0.2303225398
0.7703690529 0.2279917896
0.7764174938 0.2263450772
0.7837440372 0.2259378284
0.7898533344 0.2250052243
0.7961566448 0.2232970893
0.8003394604 0.2206504345
0.8026044965 0.2173093855
0.801928401 0.213138476

