0.7626614571 0.9466931224
0.7655562162 0.9495112896
0.7703691721 0.942361176
0.769235611 0.9339290857
0.7635197639 0.9215791225
0.7609674931 0.9107510448
0.759509027 0.9015920162
0.7580994368 0.8926059008
0.7559821606 0.8826628923
0.7533501983 0.8731449842
0.7518450022 0.8657699823
0.7511584163 0.8608106375
0.7519389391 0.8577647209
0.7537013292 0.8564920425
0.7564593554 0.8577820659
0.7608942986 0.8627638817
0.7653460503 0.867103219
0.7720929384 0.8738359213
0.7808995247 0.8817418814
0.7907223701 0.8917164207
0.801682651 0.9012930989
0.8137674332 0.9110084176
0.8242236376 0.9185586572
0.8320794702 0.9225827456
0.8383230567 0.9249248505
0.8387427926 0.925070107

0.7974501848 0.9277819395
0.7949882746 0.9188712835
0.793874979 0.912810564
0.7945277095 0.9045286775
0.7927783728 0.8935310245
0.790977478 0.8824273348
0.7907941937 0.8729892373
0.79182446 0.8664268851
0.7927429676 0.85962677

