0.5476559401 0.1462115943
0.5446929336 0.1409655362
0.5409050584 0.1223896518
0.5327564478 0.1009517089
0.5271936655 0.08837834746
0.5245212317 0.07887550443
0.5196579099 0.06893814355
0.5170520544 0.06070797145
0.5214594007 0.06244076416
0.5307313204 0.0732216835
0.5383486152 0.08359072357
0.5560276508 0.09624750167
0.5737420917 0.1056729257
0.5865367651 0.1137519702
0.6014290452 0.1221100539
0.6097800732 0.1291369051
0.6121971011 0.131018579

0.5824531913 0.1328837126
0.5787091255 0.1154385582
0.5746204853 0.1053648666
0.5707376003 0.09287703037
0.5664702058 0.0747544691
0.5572679043 0.0536519289
0.5460504889 0.03412999213

