0.612179637 0.400762558
0.6094622612 0.3955195248
0.6090254784 0.3920583427
0.6094577909 0.3891772926
0.6090971828 0.3837156296
0.6064229012 0.376514256
0.603427887 0.3681728244
0.6015595198 0.361107409
0.6001867056 0.3541980386
0.5992556214 0.3480440974
0.5985065699 0.3437734246
0.5978057384 0.3412695527
0.5988299251 0.3421810269
0.6009196043 0.3434271514
0.6030422449 0.3445478678
0.6062499881 0.3475649953
0.6108185053 0.3524161875
0.6171678305 0.3577317297
0.6257857084 0.3638402224
0.6327515841 0.3679697514
0.6392909288 0.3722656667
0.6474964619 0.3765207231
0.655913949 0.3813943863
0.6621342897 0.386364162
0.6672822237 0.3898572326
0.6699516773 0.3905377686
0.6726554632 0.3921427727

0.6308144331 0.3982123733
0.6303147078 0.3906356692
0.6328779459 0.3831899166
0.6336509585 0.3720033765
0.632163167 0.3591864109
0.6322227716 0.3462405503
0.6340040565 0.3340300918

