0.7103281021 0.8301432729
0.7123445272 0.8324040771
0.7138103247 0.8322346807
0.7107013464 0.8256372809
0.7097914219 0.8182809949
0.7089521885 0.811067462
0.7071282864 0.8039854765
0.7056331635 0.7965302467
0.7043178082 0.7893023491
0.7031129599 0.7812098861
0.7034885883 0.7752123475
0.7039686441 0.7711396813
0.7049036622 0.7695782781
0.7079310417 0.7721853256
0.7128398418 0.7759207487
0.7182635069 0.779668808
0.7282426357 0.7862693071
0.7337208986 0.791621387
0.7434764504 0.799751997
0.754468143 0.8064365387
0.7639794946 0.812790513
0.7720140219 0.8180021644
0.7798866034 0.8216818571
0.7837562561 0.8246586323

0.738089323 0.8167420626
0.7386546135 0.8073109984
0.7403932214 0.7986645103
0.7429407835 0.7885336876
0.7453956604 0.7786151171
0.7471368313 0.7675540447
0.7488336563 0.7585436106

