0.5239011049 0.1681046486
0.5231211185 0.1659031659
0.5242781043 0.1618846655
0.522193253 0.1538603902
0.5170277357 0.1422664672
0.5131319761 0.1327969283
0.5116896033 0.1258074194
0.5111573935 0.1182277724
0.509108305 0.1095576212
0.5080546141 0.1007998586
0.5083557963 0.09342311323
0.5093387961 0.09167307615
0.5101287365 0.08860529959
0.5133920908 0.09070006013
0.5185165405 0.09586887807
0.5241889954 0.1030728668
0.5299013257 0.1104888096
0.5360199213 0.1184323505
0.5425579548 0.1247760132
0.5511302352 0.1330481321
0.5587435961 0.1400834322
0.566526413 0.1475637108
0.5735427737 0.1532198787
0.580475688 0.1565217525
0.5867124796 0.1588115096
0.592502594 0.1602628529
0.5950491428 0.1598330885
0.5981327891 0.1591244191

0.5651547909 0.1676306725
0.5643104315 0.1644442081
0.5635102987 0.1513735354
0.5601391196 0.139223367
0.5578722954 0.1255538911
0.5551124811 0.1115472689
0.5526996851 0.1004468799

