0.5205271244 0.5399132371
0.5216631889 0.5383111238
0.5238445997 0.5325567722
0.5232213736 0.5265149474
0.5210048556 0.5204157233
0.5198363662 0.5150355101
0.5199502707 0.510132432
0.5193824768 0.5041460395
0.5178141594 0.4963252544
0.5156577826 0.4890397191
0.5139844418 0.48195678
0.5136983395 0.4774677157
0.5153688192 0.4753811359
0.5175255537 0.4753619432
0.5198197365 0.4768605232
0.5224231482 0.4806843996
0.5259972215 0.4835581779
0.5309050679 0.4884499609
0.5361015797 0.4931139946
0.5417087078 0.4983360767
0.5487085581 0.5047508478
0.55653584 0.510127306
0.5636132956 0.5150683522
0.5690197945 0.5206469297
0.5749872327 0.5255625844
0.5810035467 0.528344214
0.5849634409 0.5298844576
0.585193634 0.5311444998

0.5521914959 0.523842752
0.5493772626 0.521035552
0.5497143269 0.5191715956
0.5514073372 0.5124359131
0.5516194701 0.5043062568
0.5513722897 0.4960443676
0.5513116717 0.4895225763
0.5524802208 0.4840622544

