0.7223075628 0.9389864206
0.7245159149 0.9401334524
0.7267758846 0.936673522
0.7302644253 0.9359161854
0.7358629704 0.9370141029
0.7420828342 0.9374547601
0.7478224635 0.9354689717
0.7535942197 0.9346287847
0.7588558793 0.9336379766
0.7627617121 0.9322263002
0.764667511 0.9302984476
0.7642928362 0.9285593629
0.7629412413 0.9272910357
0.7591120005 0.9251384139
0.7537794113 0.9226689339
0.748860836 0.9205064178
0.7442374229 0.9183590412
0.7404242158 0.9161224365
0.7374843359 0.9136494398
0.7357239723 0.9113745093
0.735350728 0.909899652
0.7363511324 0.9092218876
0.7390779257 0.9084862471
0.7419497967 0.907638669
0.7460231781 0.9072161913
0.7506232262 0.9066897631
0.7555707693 0.9055793285
0.7607371807 0.904913187
0.7654083967 0.9042180777
0.7685620189 0.9027353525
0.7703307271 0.9010207057
0.7706148028 0.9002109766
0.768638432 0.898145318
0.7648589015 0.895596385
0.7597972751 0.8931947947
0.7537225485 0.8910852671
0.7473921776 0.8885996342
0.7409502268 0.8857402802
0.735167563 0.882907033
0.7307097316 0.8803625107
0.7275499105 0.878338635

