0.6576458216 0.4040623307
0.6598186493 0.4037093222
0.6625675559 0.4028160572
0.6675724983 0.4019145966
0.6741929054 0.4014048874
0.6807811856 0.4021395445
0.6874189377 0.4019170403
0.6930104494 0.4003709853
0.6968635321 0.3994628787
0.6983690262 0.3982775211
0.696095705 0.3964134753
0.6914067864 0.3947181702
0.6846129298 0.3922086358
0.677587986 0.3885967135
0.670840323 0.3843192756
0.6665158272 0.3816481233
0.6639998555 0.3783609867
0.6630893946 0.3741341829
0.6643334627 0.3707765043
0.6679390073 0.3695242405
0.6723036766 0.3685295284
0.6782909036 0.3681451082
0.6847560406 0.3678966463
0.6915003061 0.3689090312
0.6963465214 0.3689056039
0.6994210482 0.3678444326
0.6997557282 0.3654851019
0.6971013546 0.3625085354
0.6922670007 0.357488215
0.6857446432 0.3521076739
0.6779676676 0.3469879329
0.6704347134 0.3406371474
0.6633860469 0.3335625529

