0.7456321716 0.255592823
0.7476882339 0.2549256384
0.7549843192 0.2556757629
0.7607088685 0.2527460158
0.7675234079 0.2499465346
0.7762571573 0.2513916492
0.7835492492 0.2532207072
0.7854663134 0.2488985807
0.7854664326 0.2455571294
0.7815494537 0.2438402027
0.7760725021 0.2401912361
0.7695649862 0.2350729406
0.7643774748 0.2300236076
0.7613505721 0.225291878
0.7601181865 0.2209805846
0.7617911696 0.2177518606
0.7667257786 0.2163318992
0.7730205059 0.2156110406
0.779122591 0.2144040763
0.7858794928 0.215023011
0.7886064053 0.2146220207
0.787984848 0.2119203657
0.7827442288 0.2066750824
0.7767212987 0.201582998
0.7687237859 0.1973271072
0.7595755458 0.191367358
0.7508582473 0.1840426624
0.7457538843 0.1768342555

