0.6601685286 0.1760585308
0.6623134613 0.1773085445
0.6678102016 0.1809841394
0.6695985198 0.1758708954
0.6730654836 0.1740060896
0.67902565 0.1738738269
0.6840514541 0.1718493104
0.6873776317 0.1702575237
0.6915674806 0.171262145
0.6932758093 0.1695042849
0.6922366023 0.1660221964
0.6893781424 0.1633773595
0.6856046915 0.162699461
0.6815885901 0.1607756317
0.6770576239 0.1570611596
0.6734172106 0.1535442024
0.6711896658 0.1509919316
0.6718760729 0.1498536766
0.6740270853 0.149058938
0.6777430177 0.1484576911
0.683514297 0.1482377797
0.6892700791 0.149122715
0.6942215562 0.1486409903
0.6978166103 0.1476568878
0.6994983554 0.146049276
0.6979167461 0.1426523626
0.6947178841 0.1375921369
0.6896132827 0.1333643347
0.6840105057 0.129186213
0.6789219975 0.1229288056
0.675134778 0.1154795513
0.673340857 0.1115939766

