0.6336535215 0.9200520515
0.6381363273 0.9260694981
0.6437463164 0.9287403822
0.6482951641 0.9261012077
0.6541422009 0.9266905189
0.6628058553 0.9288741946
0.6704274416 0.9273540378
0.6766358614 0.926040113
0.6815937757 0.9263638258
0.6818583012 0.9239504337
0.6785360575 0.9186797142
0.6734145284 0.9134376645
0.6675776839 0.9090880752
0.6609818935 0.9056375027
0.6555951834 0.9024744034
0.6519856453 0.8988792896
0.6508708596 0.894920826
0.6521633863 0.8930623531
0.6567161083 0.8928334713
0.6627296209 0.8911130428
0.6687315106 0.8896011114
0.6728634834 0.8908029795
0.6745901704 0.8895632029
0.670945704 0.8845946789
0.6643726826 0.878570497
0.6570228934 0.8747611046
0.6491439342 0.8690137863
0.6417610645 0.8618537784
0.6360793114 0.8560812473
0.6325758696 0.8521302342

