0.7702541351 0.4016604424
0.77352494 0.4029052258
0.7792395353 0.4027495682
0.7845144272 0.398234129
0.7907369137 0.3967206776
0.7989058495 0.3974812627
0.8066498041 0.3964119554
0.8135181069 0.393717885
0.8197421432 0.3934027851
0.8220376968 0.3910976648
0.8193168044 0.387159884
0.8149245977 0.3857578039
0.8084884286 0.3848489225
0.8015929461 0.3820565641
0.7951062918 0.3788312972
0.7899252176 0.3761784136
0.7857445478 0.3736360073
0.7837978005 0.3714251816
0.7831065655 0.3697230518
0.7841917276 0.3682433367
0.7870078683 0.3667426407
0.791187644 0.3663438857
0.7966399789 0.3667345643
0.8021297455 0.3660930693
0.8073108196 0.3651211262
0.8112835288 0.363937974
0.8124645352 0.3625786901
0.8103504181 0.3594610989
0.8073068857 0.35598737
0.8029215932 0.3528715372
0.7963365316 0.3488201499
0.7885468006 0.3439322114
0.7823292017 0.3399319053
0.7767025232 0.3358374238
0.7722190619 0.3320246935

