0.8528264761 0.3535977304
0.8560699821 0.3553845286
0.8598068953 0.3559929729
0.8628598452 0.3544413149
0.8677842617 0.3532463908
0.8752101064 0.3529748619
0.8836558461 0.3533236384
0.8917595148 0.3525036573
0.8977671862 0.3522001207
0.8987814188 0.3522292972
0.8930510283 0.3503822684
0.8856651783 0.3486599326
0.8777028322 0.3464803696
0.8704280853 0.3432288766
0.8646559715 0.3394570351
0.8623929024 0.3369037509
0.8633476496 0.3343704641
0.8668874502 0.3326969445
0.8731749058 0.3312653303
0.8811235428 0.3300196528
0.8899555206 0.328981638
0.8961791992 0.3284149766
0.8958759308 0.3268206716
0.8914176226 0.3229650855
0.8850448132 0.3195302486
0.876662612 0.3156763315
0.8664273024 0.3098770976
0.8592340946 0.3056028783
0.852858603 0.3017369211
0.8480219245 0.2975095212
0.845928967 0.2940863371

