0.6525143981 0.1350291669
0.6528757215 0.1345256567
0.653481245 0.1313915104
0.6523643136 0.1267100871
0.6513212919 0.1223999336
0.6510446072 0.1192213222
0.6507825851 0.1142687351
0.6505744457 0.1105695665
0.651411891 0.1093321294
0.6522613764 0.1093732342
0.6531688571 0.1079695001
0.6548735499 0.1087701693
0.6567789912 0.1108016893
0.659252882 0.112335369
0.6616424918 0.1122618914
0.6647716761 0.1129895598
0.6684091687 0.1143779606
0.6729230285 0.1147668362
0.6781694889 0.1148574129
0.6844801307 0.1155071929
0.6916233301 0.1165283695
0.6991196871 0.117482096
0.7071470022 0.1182986349
0.7146257162 0.1190448627
0.7214236259 0.1197830588
0.7266633511 0.120346278
0.7309585214 0.1211954653
0.7338373661 0.1212442443
0.735552609 0.12079487
0.7359696627 0.1207649112
0.7359335423 0.1212547123
0.7354117632 0.1217163205
0.7347984314 0.1222665086
0.7338801622 0.1246793494
0.7341609597 0.1286243647
0.7348160744 0.1340305805
0.7350983024 0.1386616677
0.7359244823 0.1433132142

