0.8382407427 0.2681735456
0.838086009 0.2652804554
0.8395814896 0.2608743012
0.8388398886 0.2547940612
0.8371858597 0.2482618392
0.8375697732 0.2438114136
0.8375200033 0.2403425574
0.836812675 0.2378294319
0.8369534016 0.2366507649
0.8381230831 0.236514926
0.840098381 0.2370768189
0.8425495028 0.2375181168
0.8469474316 0.2387410998
0.8525778055 0.2401158363
0.8590319753 0.2409402579
0.8659733534 0.2415631413
0.8736481071 0.2419124991
0.8800901175 0.2417385429
0.8865011334 0.2414262891
0.8919221759 0.2414929569
0.8970301747 0.2410111427
0.9006842375 0.2408646494
0.9043581486 0.2413647473
0.9073778391 0.2417998612
0.9099444151 0.242700845
0.9123425484 0.2444202602
0.9142286777 0.2460891902
0.9158633947 0.2470817268
0.91642344 0.2481942475
0.9168118238 0.2507516444
0.9166702032 0.2540507019
0.9150624275 0.2585770786
0.9134534001 0.264126122
0.9115819931 0.2688305974
0.9101191759 0.272841692

