0.6415301561 0.1302708685
0.6399772167 0.1279888451
0.6387946606 0.121251367
0.6371532083 0.1160416454
0.6371387243 0.1127992198
0.6376324892 0.1081764847
0.6378157139 0.1024378687
0.6382293701 0.0979340896
0.638929069 0.09601756185
0.6405767202 0.0955825448
0.642334938 0.09550714493
0.6443558931 0.09592632949
0.6466764212 0.09688609093
0.6502811909 0.09809963405
0.6544938087 0.09925621748
0.6600772738 0.09970382601
0.6660618186 0.09960158914
0.6728081107 0.09994216263
0.6798382998 0.09994683415
0.685998559 0.09960850328
0.6916440725 0.09872154146
0.6968160868 0.09823134542
0.7016826868 0.09900505096
0.7055096626 0.09950970113
0.7079095244 0.09937538207
0.7103411555 0.09954078496
0.7110799551 0.100705944
0.7108268142 0.1022498682
0.7107844353 0.1054236293
0.7110333443 0.112033844
0.712100029 0.1208915636

