0.6548269987 0.5352212191
0.652839601 0.5304894447
0.6527917385 0.526506424
0.6531480551 0.5225976706
0.6516194344 0.51505512
0.6499461532 0.5083032846
0.649494648 0.5028966665
0.6492606401 0.4969884157
0.648468852 0.4923580885
0.6492656469 0.4910823107
0.6500451565 0.4911786616
0.6520166993 0.4915450215
0.6544554234 0.4930209517
0.6584262848 0.4954410791
0.6628319621 0.4971758425
0.6676418781 0.497998327
0.6740567088 0.4999608397
0.6809546351 0.5010595918
0.6878851652 0.5013937354
0.6957099438 0.5022432208
0.7041022778 0.5028424263
0.7124472857 0.5027744174
0.7210157514 0.5036587715
0.7294383049 0.5044577718
0.7374244332 0.5045796037
0.7433600426 0.5030736327
0.7488373518 0.5023117661
0.7522687912 0.5030164719
0.7558316588 0.5032570958
0.7574827671 0.5024457574
0.7584472895 0.5018413067
0.7589920759 0.5013414025
0.7588835359 0.5009128451
0.7587579489 0.5013367534
0.757840395 0.5017973781
0.7575303316 0.5037145615
0.7577497959 0.5085365772
0.7573906779 0.5147122145
0.7575120926 0.520590961
0.7575484514 0.5272171497
0.7579958439 0.5333165526

