0.6212210059 0.3905567527
0.6232769489 0.3892536163
0.6233814955 0.386095196
0.6229505539 0.3829388618
0.6226477623 0.3789026141
0.6227351427 0.3742324114
0.6229776144 0.369766742
0.6231147647 0.3656221032
0.6231264472 0.3621083498
0.6232532859 0.3595965505
0.6234317422 0.3583153486
0.6241591573 0.357988894
0.6255018115 0.358807683
0.6265725493 0.359021306
0.6283792257 0.3594407737
0.6308634877 0.3605093658
0.6340957284 0.3613147438
0.6379357576 0.3615142703
0.6422566772 0.361585319
0.6470706463 0.3622199297
0.6522173882 0.3630183339
0.6572759748 0.3632926345
0.6619768143 0.3631727695
0.6665340662 0.3633773327
0.6712558866 0.3644040227
0.6755244732 0.3650967479
0.6791043282 0.3651176691
0.6818554401 0.3655465841
0.6846106052 0.3664535284
0.6872838736 0.3671936393
0.6898519993 0.3672310114
0.6917176247 0.3674393296
0.6932751536 0.3682277799
0.6947947741 0.3690894842
0.6955100894 0.3693971336
0.6957714558 0.369795084
0.6961040497 0.3705672324
0.6963549852 0.3713918924
0.6963120699 0.3720857203
0.6962968111 0.3733594418
0.6962544322 0.374905169
0.6961578131 0.3773906231
0.6957558393 0.3797760606
0.6954391003 0.3826258183
0.6952828169 0.3860349953
0.6952478886 0.3895838261
0.6950713396 0.3926505148
0.6950876713 0.3952530026

