0.5188059211 0.5518465638
0.5188475847 0.5511978865
0.5189529657 0.5502289534
0.5194634199 0.548756659
0.5194634199 0.548756659
0.5192153454 0.5446665287
0.5186270475 0.5398039818
0.5182746649 0.5357385874
0.5171406269 0.5318831205
0.5151357651 0.5261753798
0.5134549737 0.5206421614
0.5146496296 0.520162344
0.514693737 0.5198552608
0.5161486864 0.5194298625
0.5180954933 0.5190448761
0.5225057602 0.5211501122
0.52716434 0.5222193003
0.5320541859 0.5225055814
0.5366028547 0.5222582817
0.5418388844 0.5232528448
0.5471457839 0.5240359306
0.5522642732 0.5243747234
0.5571302772 0.5245556831
0.5620107055 0.5245016813
0.5664504766 0.5247700214
0.5708434582 0.5251806378
0.5752590299 0.5258934498
0.5791125298 0.5254427791
0.5816864371 0.5255007148
0.5843150616 0.5258731842
0.5868040919 0.5267763138
0.5883812904 0.5277811289
0.5886020064 0.5290904045
0.5890191197 0.53158921
0.5897544622 0.5343833566
0.5897015929 0.5383023024
0.5900992155 0.5428463221
0.5906041861 0.5478541255
0.5910608172 0.5527788401

