0.7594546676 0.1589908302
0.7595695257 0.15736866
0.7583021522 0.1539699584
0.7579554319 0.1505573839
0.7573001981 0.1462007016
0.7563760281 0.141789034
0.7558186054 0.1381054074
0.7557842135 0.1352869123
0.7557918429 0.1333807856
0.7556447387 0.1319444627
0.7559840679 0.1311164498
0.7570064068 0.1314595342
0.757968843 0.1321781427
0.7595671415 0.1333134621
0.7616852522 0.1336247772
0.7644028664 0.1340356469
0.7683812976 0.1349755675
0.7731038332 0.1356728971
0.7778666019 0.1359169781
0.7829987407 0.1355646253
0.7883844972 0.1345081627
0.7937600613 0.1336259246
0.7991959453 0.1337630004
0.804338932 0.1340435147
0.8090900183 0.133902505
0.8129428625 0.1329452991
0.8163034916 0.1325329691
0.8188818097 0.1326309144
0.8207547665 0.1327039748
0.8217181563 0.132972315
0.822004199 0.1330121756
0.8218851089 0.1330888867
0.8217064142 0.1338710189
0.8212042451 0.1352620572
0.8210148811 0.1375316828
0.8207341433 0.141128853
0.8202617764 0.1452322453
0.8201587796 0.1506989747
0.8198505044 0.15529567
0.8203549385 0.1593902707

