0.8623261452 0.5989490151
0.8609153032 0.5956411362
0.8607335091 0.592538178
0.8604297638 0.5888564587
0.8591345549 0.584307313
0.8593840599 0.5813093185
0.8602679968 0.5785909891
0.8612080812 0.576400578
0.861920476 0.5744997263
0.8632587194 0.5733805895
0.865395844 0.5733118057
0.8676611781 0.5731362104
0.8696035147 0.5730478764
0.8724656105 0.5734689236
0.876663506 0.5742283463
0.8814717531 0.5746254921
0.8867237568 0.5747642517
0.8925588131 0.5745959878
0.8991359472 0.5745128393
0.9058669806 0.5738428235
0.9125567079 0.5730320215
0.9191138148 0.5729227662
0.9248771667 0.5727669597
0.9291574955 0.5731998682
0.9329530597 0.5732485652
0.9358392358 0.5736760497
0.937071979 0.5743951797
0.9373118281 0.5756136775
0.9374324679 0.5784875154
0.9367500544 0.5820892453
0.9359692335 0.5877791643
0.9360795021 0.593221128
0.9351792932 0.5995340347

