0.6352176666 0.1383916736
0.6342326403 0.1344810277
0.6339716911 0.1299929768
0.6337954998 0.1269335896
0.632435739 0.1230853051
0.6327614784 0.1205355749
0.6341384053 0.1181867868
0.6356556416 0.117332831
0.6382044554 0.1183912754
0.641825974 0.119320102
0.6455157995 0.1196837947
0.6492927074 0.1198034734
0.6540922523 0.1203784198
0.6589621305 0.1209502295
0.6639991999 0.1212520823
0.6692373753 0.120393157
0.6748474836 0.1197215766
0.68066293 0.1189954951
0.6865862012 0.1179549769
0.6920438409 0.1163472533
0.6965216398 0.115261957
0.7004420757 0.1145853326
0.7040700316 0.1146253794
0.7070202827 0.1161538288
0.7087319493 0.1181287989
0.7091107368 0.1204547584
0.7087266445 0.1232083738
0.7077879906 0.1280230433
0.7076383829 0.1338856667
0.7075279951 0.139995411

