0.8516852856 0.666909337
0.8525111675 0.666669488
0.8509440422 0.662329793
0.8490540385 0.6573470831
0.8495585918 0.6537492275
0.8498975039 0.649623692
0.8494697809 0.6448803544
0.8495721221 0.64103508
0.8501910567 0.6384525299
0.8501790762 0.6357819438
0.8498814106 0.6340999603
0.8500784636 0.6331124902
0.8503339291 0.632927537
0.8506494761 0.6326027513
0.8516187668 0.6332607865
0.8531281948 0.634334445
0.855350256 0.6352263093
0.85861063 0.6357957125
0.8625020981 0.6366555095
0.8667898178 0.637105763
0.8714854717 0.6372004747
0.8768174648 0.6370080709
0.882802844 0.6366281509
0.8881411552 0.6360206604
0.8941591978 0.6355768442
0.9004791379 0.6358258724
0.9052866697 0.6362423897
0.9095205069 0.6362362504
0.9125849009 0.6365526915
0.9146775007 0.6369662285
0.9163287878 0.6364175081
0.9175959826 0.6361509562
0.9192622304 0.6356477737
0.9203877449 0.6359268427
0.9205512404 0.6356928945
0.9211371541 0.6353735328
0.9216866493 0.6358472109
0.9219987392 0.6359220743
0.9218838811 0.6363819242
0.9222977161 0.6369438171
0.9230867028 0.6373080015
0.9238558412 0.6375191808
0.9245920181 0.6377200484
0.9255456924 0.6380772591
0.9265345335 0.6386555433
0.9271966219 0.6388896704
0.9279695749 0.6390664577
0.928935051 0.6395349503
0.9295651913 0.6398577094
0.9295898676 0.6401280165
0.9294065237 0.6401137114
0.9290053844 0.641128242
0.9287729263 0.6426702142
0.9279519916 0.6451542974
0.9270347953 0.6483852863
0.9267169237 0.6532808542
0.9262561798 0.6571326852
0.925763011 0.6604174376
0.9251577854 0.6633680463

