0.7384576797 0.5122758746
0.7398085594 0.5107218027
0.7448032498 0.5134827495
0.7520692348 0.520857811
0.7543466091 0.5291390419
0.7531642318 0.544998467
0.7496933341 0.5576566458
0.7411173582 0.5628216267
0.7317376733 0.5628644824
0.722114265 0.5580056906
0.716938138 0.5499853492
0.7144992352 0.5388348103
0.7147138119 0.5240831971
0.7192463875 0.5105701089
0.732447803 0.5046289563
0.7504189014 0.5049974322
0.7722193003 0.5140748024
0.7897001505 0.5272901058
0.7953375578 0.5452277064
0.7980543971 0.5609328747

