0.6422936916 0.1874326766
0.6439516544 0.1902170777
0.6446630955 0.1961410642
0.6455426216 0.2031572461
0.6467506886 0.2108872235
0.6449329257 0.2170902193
0.6402372122 0.2219851315
0.6330528259 0.2255632877
0.6270574927 0.2287293971
0.6207991838 0.2301309705
0.6143586636 0.2280601114
0.607708931 0.224994868
0.6027417183 0.21972242
0.599707365 0.2130915225
0.5990129709 0.2048746496
0.6015707254 0.1970945001
0.6064282656 0.1906325817
0.6134194732 0.1854369491
0.6225782633 0.1821438968
0.6319830418 0.179118216
0.6419531107 0.1770386994
0.6520606279 0.1772957146
0.6620570421 0.1802513897
0.6707122326 0.1861270219
0.6765275598 0.1950617284
0.6803034544 0.2035059035
0.6822533607 0.2120583206
0.6829238534 0.2208968848
0.6816033125 0.229536742
0.6779490113 0.2375536561

