0.8460369706 0.2717593312
0.8529739976 0.2734396458
0.863660872 0.2769002318
0.8729248047 0.2809459865
0.8766625524 0.2845669985
0.8782246709 0.2899283469
0.8798061609 0.2983387113
0.8779484034 0.3077982366
0.8740167618 0.3136157691
0.8660676479 0.3170244098
0.8575106859 0.3195610046
0.8487921953 0.3198789954
0.8410418034 0.31859231
0.8344732523 0.315225035
0.829444468 0.3102352917
0.8258239031 0.3031462729
0.8245429397 0.2969683111
0.825350821 0.2900566459
0.8268989325 0.2832832634
0.8312458992 0.2778117657
0.8367065787 0.2729227841
0.8438625336 0.2686393559
0.8531361222 0.2661214471
0.8649675846 0.2645370364
0.8768829107 0.264568001
0.8922761679 0.2694654167
0.9069832563 0.2756354511
0.9166439772 0.2865071595
0.9224922657 0.2954362333
0.9222896099 0.3051645458

