0.8594238758 0.6611531973
0.8617579937 0.6613066792
0.8696648479 0.6631268263
0.8777538538 0.664319396
0.8891914487 0.6664123535
0.8981024027 0.6714776754
0.9029994011 0.6773353815
0.9074208736 0.684391439
0.9072003961 0.6933787465
0.9026187062 0.7004845738
0.896482408 0.7055385709
0.8879167438 0.7093271613
0.8796987534 0.7115204334
0.872189939 0.7125029564
0.8651776314 0.7098455429
0.8594201803 0.7060152292
0.8548817635 0.7008735538
0.8534916639 0.6937028766
0.8537740707 0.6876689196
0.8562796116 0.6813867092
0.8616526723 0.674739182
0.8670549989 0.6697291136
0.8740659356 0.6651380062
0.8827570677 0.6613499522
0.8922196627 0.6586736441
0.9027109146 0.6570631862
0.9128158689 0.6584233642
0.9200718999 0.6624512076
0.9281009436 0.6674593687
0.9368568063 0.675940752
0.9441120028 0.6858248115
0.9482394457 0.6954068542
0.9511999488 0.7062528729
0.954438448 0.7156044245

