0.7489733696 0.2846406102
0.7522966266 0.284840107
0.7583212852 0.2877860665
0.765912652 0.2920136452
0.7715485096 0.2953900993
0.7742509246 0.2998674512
0.7761287093 0.30558002
0.7765008807 0.3121787608
0.7732133865 0.3181849718
0.7681918144 0.3212251663
0.7617519498 0.3225021064
0.7546744347 0.3212608695
0.7486104369 0.3198206127
0.7426114082 0.316560626
0.7374312282 0.3123852015
0.7342566252 0.3070933223
0.731877327 0.3019268215
0.7320427895 0.2954750061
0.7327854633 0.2900651991
0.7360423803 0.2848286629
0.7416683435 0.2805768847
0.7477685213 0.2769814134
0.7553883195 0.2743909359
0.7650296688 0.2737962604
0.7746523619 0.2740711272
0.7856892943 0.2796131074
0.794696331 0.2860895097
0.8023213744 0.2932702601
0.80943501 0.3014572263
0.8136208653 0.3103704453
0.8156888485 0.3183216453
0.8160614371 0.3260188997
0.8142370582 0.3326625526

