0.6402100921 0.7289483547
0.6453149319 0.7324693203
0.6504513025 0.7355781198
0.6565817595 0.7404562235
0.6617619991 0.7468581796
0.6656793952 0.753562808
0.6693484187 0.7620805502
0.6717787385 0.7715358734
0.6700707078 0.7788606882
0.6647341847 0.7819327712
0.6589401364 0.7844374776
0.6520130634 0.7854340076
0.6467838287 0.7863749862
0.640086174 0.7839564085
0.6341223121 0.7796593904
0.6292922497 0.7744851708
0.6261045933 0.7682819366
0.6247380972 0.760667026
0.6254352331 0.7526206374
0.6284582615 0.745030582
0.6345019341 0.7382790446
0.6400592327 0.7329975963
0.646871686 0.7279570699
0.6547011733 0.7233311534
0.6625046134 0.721925199
0.6690641642 0.7224133611
0.6766951084 0.7297797799
0.6837490797 0.7375928164
0.6893461943 0.7467253804
0.6933247447 0.7567183971
0.6960310936 0.7679575086
0.7009243965 0.7781944275

