0.7318609357 0.4189933538
0.7366119623 0.4226430058
0.7405508161 0.4281007051
0.7405660748 0.432592392
0.738987267 0.4361563325
0.735751152 0.4425752759
0.7333232164 0.4503034651
0.7296609282 0.4567583799
0.7219176292 0.4591094553
0.7141785622 0.4609333575
0.7078235149 0.4622322619
0.7019765377 0.4613941014
0.6976801753 0.4580502808
0.6946207881 0.4538620412
0.692892909 0.4472162426
0.6909358501 0.4419199824
0.6918610334 0.435787797
0.6940168142 0.4294654727
0.6973275542 0.4240510166
0.7022078633 0.4200456142
0.7095540166 0.4171919227
0.7171764374 0.4151600599
0.7262279987 0.4148041308
0.7366592884 0.4160115421
0.747561574 0.4194401503
0.7583944798 0.4255000949
0.7668429017 0.4347270131
0.772992909 0.44347018
0.7777734399 0.4534195662
0.7800481319 0.463531673
0.7791875601 0.4718788862

