0.5494966507 0.5733727217
0.5519146323 0.5772826672
0.5563114285 0.5823280811
0.5624649525 0.5867980719
0.5661911368 0.589204073
0.5718201399 0.5930943489
0.5784410834 0.5950594544
0.5832555294 0.5945646763
0.5878350139 0.5915808678
0.5911623836 0.5867922306
0.5914693475 0.5814519525
0.5877050757 0.5745531321
0.5853221416 0.5692955852
0.5808852315 0.5654778481
0.5751847625 0.5620434284
0.5726360083 0.5621195436
0.573140502 0.5636200905
0.5747730136 0.5663757324
0.5780564547 0.5689663291
0.5858379006 0.570984304
0.5940034389 0.5725785494
0.6010866761 0.5736265779
0.6079363227 0.5754225254
0.6148751974 0.5754707456
