0.5515078306 0.1724972427
0.5554875135 0.1746645868
0.5637966394 0.1772237122
0.5618621111 0.1767186821
0.5631067753 0.18050991
0.5712729096 0.1894767433
0.574881494 0.1970430762
0.5705949068 0.200835973
0.5668669343 0.2022351027
0.5624424219 0.202607885
0.554174006 0.2007321864
0.5466566086 0.1978628039
0.5417355895 0.19419837
0.5362150669 0.1916916966
0.5345856547 0.1901985705
0.5361264944 0.1866696626
0.5387990475 0.1832048446
0.544567585 0.1787892729
0.5523816347 0.1783750504
0.5583279729 0.1776683927
0.5654470325 0.1785071194
0.5719634295 0.1815722883
0.5778130889 0.1858818829
0.5821233988 0.1900204867
0.5863947272 0.1937936246
0.5882012248 0.1970723271
0.5876134038 0.2006624937
