0.5980033875 0.3134782314
0.5982490182 0.3174216747
0.5952481031 0.3201095462
0.5946834087 0.3229939938
0.5923002958 0.322239399
0.5880392194 0.3204032481
0.5852915049 0.3169077635
0.5830504894 0.3102519512
0.5782874823 0.3034328818
0.5712770224 0.2969513535
0.5654614568 0.2907561362
0.5594216585 0.2864356339
0.5513465405 0.2838568687
0.5449056625 0.2851671576
0.5433611274 0.2905311882
0.5426366925 0.2958470583
0.5429805517 0.3021178246
0.5463390946 0.3061048687
0.5510714054 0.3091953099
0.5550390482 0.3104908168
0.5582768917 0.3077923059
0.5609693527 0.3026196361
0.5639756918 0.297732085
0.5676637888 0.2928025126
0.5729218721 0.2882728875
0.5791758895 0.2854719162
0.5856957436 0.2834176421
0.5916370153 0.2839075923
0.5962204933 0.2867350876
0.6000699401 0.2919731736
0.6025518179 0.2974104285
0.6028065085 0.3019400835
0.6022607088 0.3067709804
0.6019417048 0.3114896715
0.5998016 0.314193368
