0.580399096 0.07836832106
0.5888234377 0.08464185148
0.5948456526 0.08855386078
0.5888984203 0.09245598316
0.5834070444 0.09541550279
0.5812984705 0.09841646999
0.5218833089 0.16804564
0.5687333345 0.1114873067
0.596329093 0.08492796123
0.5953900814 0.08111824095
0.5893231034 0.07704151422
0.585067749 0.07070130855
0.5766268373 0.06949090213
0.5754572153 0.06670247018
0.5734269023 0.06516717374
0.5739393234 0.06308697909
0.5760732889 0.06141571701
0.5822526217 0.06249433383
0.5877017379 0.06393274665
0.5930266976 0.06734982133
0.5993430614 0.07182617486
0.6038896441 0.07708253711
0.6067028046 0.08344365656
0.6073127389 0.08901827037
0.6077664495 0.09248647094
0.6055529118 0.09310147166
0.6035805941 0.09468892217
0.6034803987 0.0966039449
0.6011784673 0.09656609595
0.5986918211 0.09479040653
0.5961002707 0.09374236315
0.5950181484 0.09480195493
0.5921914577 0.09723144025
0.5870940685 0.09862680733
0.579877615 0.09991555661
0.5739498138 0.1020747051
0.5664945841 0.1027099937
0.5546662807 0.1005923077
0.5455425978 0.09812428802
0.5395134687 0.09514164925
0.5017939806 0.1382579803
0.5344323516 0.08657762408
0.5494556427 0.06699440628
0.5637587905 0.05586931854
0.5738720894 0.04505204409
0.5807488561 0.04052316025
0.5846230984 0.03808744997
0.587136209 0.03881058842
0.5932757258 0.04233013839
0.5992794037 0.04829232395
0.6016614437 0.05198235437
0.6012736559 0.06194199249
0.6007383466 0.07572411001
0.5979841948 0.08552572131
0.5946378708 0.09142807126
0.5884160995 0.09296864271
0.5829213858 0.09347690642
