0.5659816265 0.6745954752
0.5688794255 0.6756590605
0.5686128139 0.6705235839
0.5670289397 0.6676535606
0.5649785995 0.6612440348
0.5633602142 0.6544334292
0.5610604286 0.6470065117
0.5617654324 0.6406838894
0.562815547 0.6336527467
0.5653989315 0.6307617426
0.5702807307 0.6297960281
0.5770226717 0.6337409019
0.5829923153 0.6423536539
0.5888229012 0.650778234
0.594661355 0.6551479697
0.596275866 0.6567029357
0.5943772793 0.6522827148
0.5932537317 0.6478840113
0.5928231478 0.6419795156
0.5947490335 0.6363975406
0.5998869538 0.6335862279
0.6034083962 0.6305810213
0.6064213514 0.6317995787
0.6121185422 0.6396191716
0.6192527413 0.652136147
0.6221510172 0.6594766378
0.6242641807 0.6643081307
