0.711779356 0.6972826719
0.7152216434 0.7057709694
0.72473979 0.72756356
0.7221902609 0.7091360688
0.7128157616 0.6889287233
0.7019088864 0.6697822213
0.6865208149 0.6419894099
0.6879605055 0.6328455806
0.6938276291 0.6269745231
0.7001968026 0.6224319935
0.7027862072 0.6248965263
0.7055557966 0.6257534027
0.7085405588 0.6344851255
0.7139644623 0.6430279016
0.7264610529 0.64947474
0.7258734703 0.6373586059
0.7258784771 0.6329760551
0.7286303043 0.631118536
0.7363159657 0.6317224503
0.7478864193 0.6388941407
0.7614706755 0.6554496288
0.7658984661 0.661631763
0.7681015134 0.6669803858
0.7644958496 0.6710941195
