0.6266431808 0.830670476
0.625656724 0.8353936672
0.625987649 0.8402808905
0.6230295897 0.8466743231
0.6176624298 0.8494365811
0.6134838462 0.8544261456
0.6063161492 0.8599390388
0.5993089676 0.8605848551
0.5920854807 0.8589185476
0.5842175484 0.8559479713
0.5795277357 0.8511394858
0.5782607794 0.8459357023
0.5800784826 0.8401334286
0.5838394165 0.8337899446
0.5881217718 0.8309543133
0.5942605734 0.8286904097
0.6044045091 0.8261043429
0.6141038537 0.8248841763
0.6185353398 0.8274883032
0.6246598959 0.8327845335
0.6321150661 0.8354200721
0.63656497 0.8419857025
