0.7344395518 0.3071886301
0.7375223637 0.3029434681
0.746289134 0.2997716665
0.7404764891 0.2931959033
0.7339557409 0.2847661376
0.732868135 0.279202044
0.7313942909 0.271248877
0.725818038 0.2641065419
0.722856164 0.2594796717
0.7228995562 0.2569025755
0.7244923711 0.2563632131
0.7261933088 0.2563835979
0.7304469943 0.2578567266
0.736223042 0.2597002983
0.7424036264 0.2619538903
0.7488220334 0.2651636302
0.7573201656 0.2697461545
0.76620543 0.2738614678
0.774959147 0.2784707844
0.782964468 0.2824057937
0.7925362587 0.286585778
0.8027737141 0.2916719317
0.8086645007 0.2936043441
0.8150166869 0.2971303165
0.8191844821 0.2998921573
0.8186645508 0.3018897772
0.8155570626 0.3034256697
0.8125645518 0.3041229248
