0.897991538 0.3331140876
0.9009511471 0.3362284303
0.903819859 0.3388038874
0.9024606347 0.3399030268
0.900793016 0.3427248001
0.903537333 0.3511664271
0.9031897783 0.3581166863
0.8980407119 0.3618817329
0.8953306675 0.3666352332
0.8914628029 0.3724107146
0.8879954815 0.3755939007
0.8832284808 0.3733700514
0.8786176443 0.3704715967
0.8749871254 0.3658697605
0.8722417951 0.3595384955
0.8707416058 0.3526219428
0.8719054461 0.3467645943
0.875800848 0.3413957953
0.8809220791 0.3382805586
0.8863046169 0.3363825083
0.8941267729 0.3348935246
0.9010866284 0.3340309858
0.9078850746 0.3378020525
0.9163377881 0.34412691
0.9224583507 0.3490699232
0.9263070822 0.3537803292
0.9292990565 0.3609569073
0.9310980439 0.3691580594
