0.5714683533 0.8598049879
0.5756987333 0.8630014658
0.5765175223 0.8658766747
0.5733262897 0.8652169108
0.5713344812 0.8660770655
0.5707697868 0.8687807918
0.5695728064 0.8704619408
0.5659293532 0.8715414405
0.562276125 0.8725421429
0.560490191 0.8739854693
0.55801934 0.8747906089
0.5527435541 0.8739162683
0.5483575463 0.8737080097
0.545971334 0.8742502332
0.5427609086 0.8737550974
0.538708806 0.87283957
0.5339459777 0.8725952506
0.5323209167 0.8729908466
0.5304297209 0.8717770576
0.527566433 0.8688907623
0.5256021023 0.8673309684
0.5254044533 0.8643938899
0.5246267915 0.8616757393
0.5252931714 0.8588703871
0.5262821913 0.8556329608
0.5269232988 0.8520617485
0.5282119513 0.8485537171
0.5305162668 0.8459557295
0.5333251953 0.843701005
0.5352728367 0.8401687145
0.5378761888 0.83791852
0.5418404341 0.8371415138
0.5457726717 0.8355119228
0.548304975 0.8335020542
0.5520691276 0.8328909874
0.5562493205 0.8331976533
0.5600118041 0.8338170052
0.5622932315 0.8333559632
0.5649307966 0.8333948255
0.568508327 0.8359316587
0.5714883208 0.8381453156
0.573913157 0.8391634226
0.5759637356 0.8399701118
0.5776802301 0.841935873
0.5801448226 0.8453409672
0.5805478096 0.8472698927
0.5803851485 0.8494111896
0.5804733038 0.8519543409
