0.5345484614 0.8883650899
0.5397034883 0.8909413218
0.5453041196 0.8925255537
0.5489752293 0.891993463
0.5524371266 0.8918171525
0.553791523 0.8941752911
0.5548999906 0.8991059065
0.5558409095 0.9015283585
0.5558460355 0.904096663
0.5553052425 0.9072984457
0.5551177263 0.9113335609
0.5533286929 0.9143054485
0.5517913699 0.9167138934
0.5500475168 0.9192451239
0.548263073 0.9208063483
0.545588851 0.9216777682
0.5429122448 0.9244194031
0.5415870547 0.9253748655
0.5386750698 0.9251348376
0.5362973213 0.9241677523
0.5347005725 0.9234036803
0.5327739716 0.9206351042
0.5306338072 0.9160675406
0.5294226408 0.912057519
0.5296011567 0.9086152911
0.5308457017 0.9048009515
0.5319745541 0.9029652476
0.5337725282 0.8987590075
0.5356596112 0.8961551785
0.5386033654 0.8956977129
0.5421415567 0.8941429853
0.5441709161 0.8908233643
0.547216177 0.889192462
0.5513413548 0.8883618116
0.5555717945 0.8873918653
0.5591853261 0.8861815929
0.563639462 0.8852116466
0.5683277845 0.8858098984
0.5725359917 0.8865560293
0.576495409 0.8873655796
0.5807312727 0.8896867633
0.5843699574 0.8920913935
0.5874040127 0.89653337
0.5906587839 0.9020752907
0.5929071903 0.9079598784
0.5931262374 0.9089053869
0.5917100906 0.9098931551
