0.8323382139 0.1744185835
0.8345082402 0.179808557
0.8370757103 0.1864974648
0.8431384563 0.1929860115
0.8524355888 0.1987178922
0.8631911278 0.2020365298
0.8729199171 0.1998295188
0.8838726878 0.1963244379
0.8956359029 0.192715615
0.9081178904 0.1881537735
0.920224309 0.1855556965
0.9307165146 0.1864524484
0.9426428676 0.194699645
0.9518016577 0.2062081695
0.9571131468 0.2180110812
0.9570576549 0.2299262881

0.8835666776 0.2091420591
0.880450964 0.1974174827
0.8772748709 0.1837054193
0.8752994537 0.1718518585
0.8750404119 0.1627137065

