0.6331217289 0.3539366722
0.6379113197 0.3658105731
0.6393678784 0.3719278276
0.6456513405 0.3731937408
0.6544169784 0.3786310554
0.6648671031 0.3843363822
0.6728253961 0.3848388195
0.6811628342 0.3817594051
0.690353632 0.3817316592
0.6996302605 0.3828001618
0.7072699666 0.3850311637
0.7143670321 0.3902769387
0.719678998 0.3972092271
0.7219967842 0.4041043222
0.7225686908 0.409345746

0.6767678857 0.397090137
0.6765761971 0.3881982863
0.6754822731 0.3794337511
0.6720402241 0.3701997995
0.6728683114 0.364412576
0.6734701395 0.3577074111
0.6728926301 0.3507112563

