0.6180936098 0.3573889136
0.6199082136 0.3627161384
0.6251792312 0.3697416782
0.6353660226 0.3757839799
0.643892765 0.381329298
0.6515703797 0.3828011453
0.657591939 0.3813224137
0.6639808416 0.3782890737
0.6719368696 0.3753727674
0.6801095009 0.3720676005
0.6884592772 0.3694373071
0.6977623701 0.3695684671
0.7067480683 0.3742465079
0.7159487009 0.3807556331
0.7249152064 0.3902310431
0.7321392298 0.3996576965
0.7365133166 0.406907171
0.737277925 0.4120258987

0.6825395226 0.4033525586
0.6789019704 0.3951118886
0.6773428917 0.3870101273
0.6755169034 0.3772928715
0.6732828617 0.365712285
0.6719920635 0.3545621037
0.6713320017 0.3441261649
0.6719611883 0.3378834128

