0.5040865541 0.3363944888
0.5084228516 0.3450078666
0.5117406845 0.3516688645
0.514840126 0.354586482
0.522348702 0.3589671254
0.5298782587 0.3636209071
0.5334993601 0.3632090688
0.5395935774 0.3614865541
0.5462567806 0.3596191108
0.5522758365 0.3570969105
0.5576437712 0.3552701473
0.5647377968 0.3557506204
0.5723794699 0.3567958474
0.5791956782 0.3609037399
0.5855507851 0.3662210405
0.5914796591 0.3716307878
0.5960633755 0.3775931001
0.5973337889 0.3829984665
0.5975099802 0.3866810501

0.5580471158 0.3764730394
0.558190167 0.3733485639
0.5575901866 0.3667092025
0.5556544662 0.3553390503
0.5534408092 0.3475045562
0.554264307 0.3421429694
0.5525163412 0.3338349462
0.5509136915 0.3251466453
0.5498553514 0.3201459646

