0.6231734753 0.6413444877
0.6218486428 0.6613097787
0.6218486428 0.6613097787
0.6218486428 0.6613097787
0.6265942454 0.6662042737
0.6314197779 0.6688741446
0.6371866465 0.670514524
0.6447143555 0.6716968417
0.6537235975 0.6732115746
0.6618475914 0.6736755371
0.6706658602 0.6733622551
0.6788457632 0.6729034781
0.6848211884 0.6723344922
0.6871557236 0.6711964011

0.6600622535 0.6887439489
0.6598067284 0.6813341975
0.6589917541 0.674043417
0.657527566 0.6647316813
0.6572841406 0.6558203101
0.6568335295 0.647667408
0.6559047699 0.6416108608
0.6557930708 0.6379405856

