0.5444041491 0.6717649698
0.5389187336 0.6792227626
0.5385371447 0.691316545
0.5390608311 0.6997557878
0.5430532694 0.7082133293
0.5502643585 0.7090093493
0.5542826056 0.7078049183
0.5563079715 0.7057620287
0.5609431267 0.6996430159
0.5635656118 0.6936292648
0.565117836 0.6854223609
0.5684658885 0.6811327338
0.5726742148 0.6852967143
0.5783647299 0.6897336841
0.5810068846 0.6966190934
0.5840302706 0.7039591074
0.584795475 0.7114795446
0.5831440091 0.719773531
0.5806302428 0.7249490023

0.5239403248 0.6929354668
0.5181462765 0.687025547
0.5146253705 0.6812387705
0.5112636089 0.6761825085
0.5081337094 0.6715232134

