0.8347654343 0.6773770452
0.8347654343 0.6773770452
0.8339860439 0.6810099483
0.831794858 0.684468627
0.8296484351 0.6889336705
0.8301057816 0.6973425746
0.8320065737 0.7064390182
0.8346645832 0.7122359276
0.8387445807 0.7142388225
0.8427624106 0.715781033
0.8469817042 0.715686202
0.8509956002 0.7123882174
0.8541865945 0.7065910101
0.8578574657 0.7011367083
0.8616933227 0.6964235306
0.8663911819 0.6940437555
0.8711884022 0.6942985058
0.8754339218 0.6989607811
0.8783974051 0.7043443918
0.8793979883 0.7095192075
0.8783199787 0.715767622
0.8762233257 0.7211482525
0.8734989166 0.7257841825

0.8175251484 0.6972551942
0.8130723834 0.6905902028
0.8119664192 0.6865342259
0.8108585477 0.6823598146
0.808511138 0.677421391
0.8055491447 0.6727552414
0.8040180802 0.6685598493

