0.7566472888 0.1868640184
0.7573643327 0.194547534
0.7585152984 0.2013563812
0.7591863275 0.2063427866
0.7618172169 0.2116460055
0.7658429146 0.215144977
0.7690271735 0.2132195234
0.7713164091 0.2075821459
0.7746591568 0.2002819031
0.7798104286 0.1938275546
0.7844574451 0.1894999146
0.7885898352 0.1890731305
0.7924619913 0.1932921112
0.7950558662 0.2002796084
0.7967344522 0.209741056
0.797064662 0.2195165306
0.7960071564 0.2275466919

0.7374241352 0.200945586
0.7315612435 0.1945898235
0.7290224433 0.190205127
0.7246742249 0.1868624836

