0.5566189289 0.09053137898
0.5555763245 0.09261470288
0.5537708998 0.09341147542
0.5514007807 0.09653968364
0.5490409136 0.09990475327
0.5465250015 0.1048756912
0.5450009704 0.109353222
0.544342041 0.1201051474
0.5448279381 0.1239351183
0.5455130339 0.1251487583
0.545435667 0.1293466985
0.545435667 0.1293466985
0.5481276512 0.1311026216
0.5524190664 0.1313377917
0.55973351 0.1286786795
0.5656828284 0.1177629903
0.5705388188 0.109418422
0.5787289739 0.1041087657
0.584225297 0.1002190858
0.5872606039 0.10235551
0.5899518132 0.1102290452
0.592397809 0.1218074113
0.5927792788 0.1319469064
0.5926753879 0.1412726641
0.5915921926 0.1508852243
0.5888813734 0.1547689289
0.5848347545 0.1555521935

0.5331376195 0.09145188332
0.5277733803 0.07930298895
0.5226946473 0.06989531964

