0.7697808743 0.1254786402
0.7689641714 0.1262333542
0.769202292 0.1313934177
0.7701643705 0.135280177
0.7709879875 0.1377572268
0.7711499929 0.140241161
0.7711933851 0.1423768103
0.7719640136 0.1455354542
0.7732231617 0.1485991478
0.7755915523 0.1527276486
0.7772070765 0.1526031792
0.7784061432 0.1524017155
0.7793265581 0.1515158564
0.7799198627 0.1494618654
0.781129241 0.1475868225
0.7845534682 0.1437537968
0.7861507535 0.1410345733
0.7876967788 0.1382812262
0.7894355059 0.1346742809
0.7913239002 0.1315860748
0.793422401 0.1289801151
0.7979208827 0.1260163933
0.800194025 0.1257281452
0.8021196127 0.1256848872
0.8037304878 0.1276641488
0.8048698306 0.131177038
0.8071470261 0.1387031823
0.8077718616 0.1435956508
0.8081467748 0.1475877017
0.8080282807 0.1516876817
0.8077813387 0.1554341912
0.8066532612 0.1584554166
0.8051998019 0.1602697372

0.7474181652 0.1404773593
0.7441884279 0.1331650764
0.7397246361 0.1256082803
0.7359300256 0.1193252802
0.7320270538 0.1125710607
0.7249922752 0.1040597111

