0.7648208737 0.8891452551
0.7640554309 0.8908830881
0.7640076876 0.8955308199
0.7627202272 0.902481854
0.7610610723 0.9082176685
0.7610801458 0.9162079096
0.7634711266 0.9241089225
0.7676314116 0.9302043319
0.7737677693 0.9348410368
0.7785614729 0.9337289333
0.7811108232 0.9256554842
0.7845300436 0.9179908037
0.7908798456 0.9135137796
0.7968087792 0.909996748
0.8020675182 0.9103707075
0.8079205155 0.9190846682
0.8139300346 0.9311233759
0.8157678843 0.9417058229
0.814971149 0.9483574033
0.8115547299 0.9523813725

0.7419764996 0.9086920023
0.7372205853 0.9002583027
0.7343019247 0.8920465708
0.7318014503 0.8877460957

