0.5106973648 0.2013472021
0.5157559514 0.2045252174
0.5219061375 0.2092302442
0.5284881592 0.2144269347
0.5363255143 0.2172082216
0.5436174273 0.2201039642
0.5508742332 0.2241608351
0.5587994456 0.2291061282
0.5662336349 0.2317762822
0.5722356439 0.2316224575
0.5752486587 0.2304875702
0.5773485899 0.2301990986
0.5779798627 0.2293761075
0.5796855688 0.2269964069
0.579774797 0.2218954265
0.5786828995 0.2161871195
0.5771028996 0.2096276134
0.575170517 0.203324154
0.5744371414 0.1973093897
0.5738018751 0.1912112236

