0.5047872066 0.7059758902
0.5111413598 0.7103809118
0.5166893005 0.7138513327
0.521750927 0.7158640623
0.5300866365 0.7180506587
0.538172543 0.7198542356
0.5455010533 0.7235518694
0.5535736084 0.7274986506
0.5605158806 0.7322741747
0.5669220686 0.7363857627
0.5728206038 0.7395399809
0.5779147148 0.7415060997
0.5812853575 0.7432399988
0.5832411051 0.7443392873
0.5844118595 0.7446690202
0.5867100954 0.7445649505
0.5889941454 0.7421488762
0.5887937546 0.738158524
0.5877159238 0.7340096831
0.5877854228 0.7297085524
0.5871061087 0.7239508629
0.5847115517 0.7165574431
0.5819692016 0.7072468996
0.5795666575 0.6992384195
0.5776404142 0.6912149787
0.5758323669 0.683031559
0.574675858 0.6756681204

