0.7418634295 0.8832833767
0.7440569401 0.8847357631
0.7492297888 0.88605088
0.7539268732 0.885489583
0.7585503459 0.8858251572
0.7640393972 0.8867074251
0.7712359428 0.8878363967
0.7788954973 0.8887502551
0.7879599333 0.8906151056
0.7975076437 0.8925470114
0.8059753776 0.8942798972
0.8129584193 0.8958979845
0.818110764 0.8971720934
0.822373271 0.8989709616
0.8260825276 0.8996186852
0.8280995488 0.8966813684
0.8261318803 0.8944510221
0.8249269724 0.8914232254
0.8232754469 0.8868441582
0.8206520677 0.8792901039
0.8194590211 0.8718317747
0.8185542226 0.8648800254
0.8182919025 0.8585963845

