0.6317911148 0.2371995449
0.6370725036 0.2403882444
0.6426788568 0.2430453598
0.6483459473 0.2444213927
0.6544305086 0.2461762577
0.6615877151 0.2496706098
0.6688164473 0.2535849512
0.6752356291 0.2565832138
0.681378603 0.2588369846
0.6862920523 0.2602622509
0.6891470551 0.2599511445
0.6913798451 0.258993566
0.6932010651 0.2572907805
0.6932792664 0.252817899
0.6927851439 0.2467560023
0.6927128434 0.2403575182
0.6925848722 0.2332836092
0.6919692755 0.2254106104
0.6918292046 0.2170129269
0.6917269826 0.2081813067
0.6919371486 0.1999247819

