0.5931922197 0.317201674
0.5914634466 0.3125587106
0.5856854916 0.306458056
0.5804533362 0.2994975448
0.5729835033 0.2938054204
0.5649186969 0.2882643044
0.5560203195 0.2838473618
0.5483730435 0.278840065
0.5417279601 0.2762377262
0.5378143191 0.2728112936
0.5340951681 0.2701234221
0.5317487717 0.267462939

0.5302515626 0.3044282496
0.5346338749 0.3038819134
0.5419454575 0.3033470809
0.5481148958 0.2978359461
0.5531625152 0.2935254276
0.5594720244 0.2893050611
0.5677146912 0.2858684063
0.5755451918 0.2822759748
0.5815037489 0.2787736654
0.5856853127 0.2756227851
0.5897306204 0.2728307843

