0.9348570108 0.5105370283
0.9319899082 0.5092694163
0.9244508147 0.5052200556
0.9152804613 0.4985183775
0.9051448107 0.4903252125
0.8942306638 0.4819435775
0.8847296238 0.4728909433
0.8759530187 0.4626235068
0.8678849936 0.4528515935
0.8595684171 0.4434935749
0.8515936136 0.4351082146
0.8467254639 0.4311224222
0.845285058 0.4299820364

0.8522670865 0.4817462862
0.8584057093 0.4779517949
0.8664701581 0.4743446112
0.8797908425 0.4718025625
0.8945573568 0.4716097414
0.9069120884 0.4711868763
0.9154567122 0.4704326391
0.9252188802 0.4698989093
0.9366740584 0.4683173299
0.9455987215 0.4669200778
0.9449558258 0.4641414881

