0.8055566549 0.5537580848
0.8014811277 0.5484561324
0.7941949368 0.5401073694
0.7849392891 0.5309358835
0.7764884233 0.5224943161
0.7695603371 0.5150560737
0.7617349625 0.5075404048
0.7529476881 0.501601398
0.7439884543 0.496409297

0.7361721396 0.5238837004
0.7412465811 0.5223413706
0.7496982217 0.5208138227
0.7594855428 0.5174571276
0.7695963979 0.5131055117
0.7800158858 0.5096477866
0.7891970873 0.5066350698
0.7992318869 0.5033737421
0.8096746802 0.5002731085
0.8205941916 0.4962678552
0.828263998 0.4921353757
0.8336037993 0.4887037873

