0.7813255787 0.9407525063
0.7734174728 0.9317474365
0.7657192349 0.9193966389
0.7627541423 0.9127407074
0.7573424578 0.90770787
0.7500748634 0.8989075422
0.7398694754 0.8902528286
0.7311071157 0.8812387586
0.7235485911 0.8720357418
0.7146740556 0.8646646142
0.7075436711 0.8592705131
0.701679945 0.8543462753
0.6951317191 0.8489642143

0.7144748569 0.8897196054
0.7209168673 0.8874303699
0.7292563319 0.8813925982
0.739331007 0.8748381734
0.7522735 0.8715653419
0.7643550634 0.8708073497
0.7730484009 0.8683074117
0.7805687189 0.8647845984

