0.6828116775 0.1124373376
0.6727900505 0.1007363945
0.6670948267 0.09067934752
0.6518387794 0.07417972386
0.6356681585 0.06256589293
0.62355268 0.05444366485
0.6115967035 0.04690659791

0.6212219596 0.09693645686
0.6249190569 0.09526102245
0.6328629255 0.09188936651
0.6398230195 0.08866172284
0.6463745832 0.08337005228
0.6512480974 0.07679440826
0.6548804045 0.06948953122
0.6634752154 0.06777778268
0.67237854 0.06757894158
0.6768164635 0.06477097422
0.6801046729 0.06108016521
0.681841433 0.05898157507

