0.6869164705 0.3949527144
0.6802724004 0.3885166049
0.6712625027 0.3764536381
0.6636595726 0.3649318516
0.6550673246 0.3555410504
0.6449302435 0.3447133899
0.6362484694 0.3341784179
0.6297796965 0.3264447153
0.62517941 0.3200713992
0.6226761341 0.3150376379
0.6224533916 0.312782079
0.6238359213 0.312940985

0.6281850338 0.3679311872
0.6332752109 0.3625899255
0.6395068765 0.3579795063
0.647380352 0.3562698066
0.6565172076 0.3549494445
0.6664106846 0.352686882
0.6747690439 0.3487379253
0.6839051843 0.3433617353
0.69381392 0.3384022713
0.7025793195 0.3339057565

