0.5717380643 0.9323256016
0.5717044473 0.9355151653
0.5748860836 0.9399651289
0.5740140676 0.9367188811
0.5720067024 0.9299590588
0.5653101802 0.9229620695
0.5604829788 0.9180637002
0.5530737042 0.9088951945
0.5431271791 0.8976110816
0.5322209597 0.8899884224
0.5217921734 0.8815962076
0.5141915679 0.8726396561
0.5091589093 0.8680429459
0.5117870569 0.869227767

0.5065411329 0.9229879975
0.5124496222 0.9236239195
0.5183355808 0.9210529327
0.5232895017 0.9152377248
0.5304712653 0.9109076858
0.5377901196 0.9078341126
0.5473963618 0.905038178
0.5556561351 0.9028642178
0.5638979673 0.8980187774
0.5714546442 0.8938757181
0.578573823 0.8901011944

