0.9380671978 0.5176901817
0.9393777847 0.5196449161
0.9400256872 0.5192732811
0.9323267937 0.513999939
0.9246898293 0.5074414611
0.9155056477 0.4986242354
0.9037537575 0.4887654185
0.8913941979 0.481466651
0.8794558644 0.4736144245
0.8701408505 0.46819368
0.8621663451 0.4640649855
0.8552426696 0.4610859752
0.8495466113 0.4588775039
0.8461077809 0.4585087001

0.8593574762 0.5013014674
0.8680532575 0.4979641736
0.8782808781 0.4955083728
0.8905091882 0.4910871387
0.9035435915 0.4870761633
0.9162585735 0.4831001759
0.9283461571 0.4802910686
0.9395202994 0.4780740142

