0.6979196072 0.6847710609
0.7075048685 0.6920147538
0.70241189 0.695332408
0.6981037855 0.7050660253
0.6959434152 0.7143911123
0.6877198815 0.7160719037
0.6759468913 0.7170236707
0.6661982536 0.7191615105
0.6550648808 0.7170391679
0.644779563 0.7133503556
0.637645185 0.7104720473
0.6322117448 0.7038158178
0.6271812916 0.6951593757
0.6263822317 0.6884089112
0.6301560402 0.6823490262
0.6363474727 0.6779056787
0.6446405053 0.6708763838
0.6550137401 0.6693060398
0.6669219732 0.6712172627
0.6780517101 0.6752328277
0.6873072982 0.6828279495
0.6917113066 0.6909891367
