0.8279796243 0.6634119153
0.8300452232 0.6623498797
0.8326500654 0.6628673673
0.8379958272 0.6619323492
0.8465906978 0.6614935398
0.8544356823 0.6612833738
0.8630479574 0.6615535021
0.8724738359 0.6620621085
0.8829059601 0.6632038355
0.8934592009 0.6632117033
0.9025498629 0.6619426608
0.9093298912 0.6612495184
0.9151166081 0.6614912152
0.9204205871 0.6632158756
0.9223650694 0.6634437442

0.8405247927 0.6890457273
0.8396652341 0.685059607
0.837312758 0.678556025
0.8336451054 0.6719370484
0.8299053311 0.6647920012
0.828474462 0.6566948891
0.8283194304 0.6484353542
0.827511549 0.6400135756
0.8266962171 0.6313952208
0.8273317814 0.6230412722
0.8303409815 0.6158304214
0.8351512551 0.6100672483
0.840775311 0.6061834693
0.8465191722 0.6053491831
0.8517901897 0.6047146916
0.8586587906 0.6090352535
0.8643667102 0.6143735647
0.8680477142 0.6227054596
0.8717266917 0.6312459707
0.8731262684 0.6417831182
0.8740193248 0.6486014724
0.8738908768 0.6540670395

