0.7349808812 0.4383160472
0.7348055243 0.4391092956
0.738363266 0.4409119785
0.7413344383 0.4402199686
0.7440413237 0.440757066
0.7490167618 0.4417466521
0.758725822 0.4423621297
0.758725822 0.4423621297
0.7760211229 0.4452916384
0.7921580076 0.4453246593
0.8068206906 0.4479838014
0.8228570819 0.4481365383
0.829110086 0.4479497075

0.7431569695 0.4616423845
0.7379822731 0.4522008002
0.7361662388 0.4427965879
0.7334657907 0.4310862124
0.7331029177 0.4204543829
0.7364006042 0.4116153121
0.7437431812 0.4057411253
0.7518689632 0.4032766819
0.7594023347 0.4049398899
0.7661674619 0.4087109864
0.7722659111 0.4135020971
0.7758623958 0.4194470942
0.7775208354 0.4271714091
0.7780920267 0.4355169535
0.777231276 0.4426349401

