0.7438834906 0.7987021804
0.7429544926 0.7968802452
0.7385603786 0.7949639559
0.732550025 0.7928344011
0.7267019749 0.7930268049
0.7203679681 0.7941911221
0.7132011652 0.7950543165
0.7047880888 0.7949764132
0.6951576471 0.7946989536
0.6863046885 0.7951021194
0.6778987646 0.7952744961
0.6696490049 0.7953838706
0.6618927121 0.795973897
0.6555327773 0.7971010804
0.6502547264 0.7979348898
0.6466701627 0.798833847
0.6421779394 0.7990338802
0.6391242743 0.7989557981
0.6371498108 0.7983507514
0.6370193362 0.7977827787
0.6374990344 0.797260046
0.6388058662 0.7964985371
0.6400597095 0.7945833206
0.6406203508 0.7903962135
0.6417568922 0.7846961021
0.6430284977 0.7784000635
0.6443389058 0.7723059058
0.6462192535 0.7661054134
0.6488776207 0.7599256635
0.6528839469 0.7545034885
0.6576344967 0.7514612675
0.6621285081 0.7505770326
0.6671792865 0.7519796491
0.6728287339 0.7550435662
0.6787149906 0.7610139847
0.6836217642 0.7657247782
0.6867038012 0.771058321
0.688039124 0.7761948109
0.6878640652 0.7813651562

