0.9335708022 0.5288982987
0.9312966466 0.5302235484
0.9295684695 0.5311564803
0.9257381558 0.5324254036
0.9200797677 0.5306818485
0.9111452699 0.528809607
0.9027533531 0.5298985243
0.8939902782 0.5303941965
0.8839580417 0.5300966501
0.8737929463 0.5298069715
0.864741087 0.5289231539
0.8561826944 0.5286176801
0.8491327167 0.5288922191
0.8431423903 0.5295749903
0.8377840519 0.5303630829
0.8333082199 0.5302759409
0.8313969374 0.5299562216
0.8294467926 0.5295640826
0.8294153214 0.5286235809
0.8298034668 0.5273531675
0.8291262388 0.5264568329
0.8297563791 0.5257824659
0.8312246799 0.5240175128
0.8327988982 0.5188559294
0.833291769 0.5131084323
0.8341706395 0.5067936182
0.8354724646 0.4997811317
0.8374907374 0.4932136536
0.8404371738 0.4865158498
0.8427224159 0.4794844389
0.8460633755 0.4738416672
0.8494530916 0.4692621529
0.8548048139 0.4697163105
0.861458838 0.4739966989
0.8681156635 0.4817667305
0.8728468418 0.4937042892
0.8772394061 0.5029141307
0.8799881935 0.5123687983
0.8817930222 0.5193163753

