0.8300681114 0.8625546098
0.8313218951 0.8636354208
0.8320496082 0.8638522625
0.8308013678 0.8636422753
0.825904727 0.8642507792
0.8208215237 0.864287138
0.8152172565 0.8643875122
0.8103779554 0.8645704985
0.802891016 0.8638931513
0.7960237265 0.8631811738
0.7893099785 0.8628574014
0.7831912041 0.8625607491
0.777956605 0.8622503281
0.7737320662 0.8623086214
0.7705433369 0.8625614643
0.7692437768 0.8626697063
0.7683166265 0.8627822995
0.7676856518 0.8631309867
0.7681504488 0.8634482622
0.7687569857 0.863943398
0.7702186108 0.864543438
0.7708649039 0.8640332818
0.770506382 0.8624958992
0.7697981596 0.8607536554
0.7690713406 0.8579342365
0.7689396143 0.8543086052
0.7687866092 0.8502657413
0.7684525847 0.8446022272
0.7688066363 0.8395071626
0.7703680992 0.8335612416
0.7729562521 0.8280792236
0.7756450176 0.8231860399
0.7798585892 0.8199869394
0.7836157084 0.8183467388
0.7876780033 0.8182217479
0.7919687629 0.8201819062
0.7959743142 0.8241248131
0.7992839813 0.8295974731
0.7993269563 0.8365129828
0.7988374233 0.8428544998
0.7981408834 0.8484364748

