0.5329265594 0.8230336308
0.5336710215 0.8222193718
0.5368058085 0.8226807714
0.5425930023 0.8224793077
0.5485651493 0.8213785887
0.5533159971 0.8202103376
0.558072567 0.8201743364
0.5650186539 0.821085453
0.5722645521 0.8216994405
0.579480648 0.8228149414
0.5855110884 0.822444737
0.5889161229 0.8215172887
0.5914619565 0.8216671348

0.5466530919 0.8378922939
0.5459554791 0.8367888331
0.5441869497 0.8347885013
0.5409119129 0.8315890431
0.53795439 0.8274995685
0.5350934267 0.8229546547
0.5328931212 0.81726861
0.530954361 0.8105513453
0.5311588645 0.8033417463
0.5306266546 0.7971544862
0.5314310789 0.7919962406
0.5332211852 0.7873772383
0.5360097289 0.7829049826
0.5394557714 0.7797830105
0.5426174998 0.7778711915
0.5459264517 0.7796986103
0.5495978594 0.7823423147
0.5537115932 0.788777709
0.5578153133 0.7966146469
0.5620172024 0.8023495078
0.5644725561 0.8068749309
0.5667380691 0.8112270236

