0.6055104136 0.2548788786
0.60559237 0.2519640326
0.6047151089 0.2482086271
0.6045203805 0.2445036769
0.6054595709 0.2416645586
0.6057965755 0.2383327782
0.6063175201 0.2340632677
0.6064733267 0.2300246358
0.6065861583 0.2246729583
0.6060903072 0.2197420001
0.6049512625 0.2152332962
0.6034095287 0.2122617662
0.6022577286 0.2105995268
0.6020710468 0.210084185
0.6024776101 0.2129032016
0.6034582853 0.2151953429
0.6069822311 0.2164952755
0.6097587347 0.2176429629
0.6137125492 0.218660742
0.6182435751 0.2198865116
0.62337327 0.2219491303
0.6293809414 0.2235897779
0.6363595724 0.2239844501
0.6428323388 0.2236095369
0.6495538354 0.2230829298
0.6565141082 0.2231620997
0.6622297168 0.22441037
0.6676723957 0.2266272604
0.6731122136 0.2302567363
0.678224802 0.2338377535
0.6824533343 0.2386437207
0.6859383583 0.2434084266
0.6866186261 0.2485827804
0.6867319942 0.2528668642
0.6853647232 0.256005764
0.6844543219 0.2586400211
0.6804522276 0.2597433925
0.6761305928 0.2593557239
0.6711394191 0.2571158409
0.6664176583 0.2522870004
0.6618462801 0.2458720654
0.6575472355 0.2370520234
0.6544393301 0.2287435085
0.6524416208 0.2198225558
0.6501682997 0.2106537521
0.6483216882 0.2011925131

