0.5216030478 0.3739512861
0.5197994709 0.3713537157
0.5192745328 0.3701075912
0.5180769563 0.3661436141
0.5166739225 0.3630187511
0.514867723 0.3591410518
0.512388587 0.3550188839
0.5100067854 0.350222528
0.5100067854 0.350222528
0.5076783895 0.3467455506
0.5066565871 0.3433845341
0.5063588619 0.3384482563
0.5059518814 0.3351247311
0.5050927401 0.3330292404
0.5085319281 0.3344241977
0.5155592561 0.3377717435
0.5234843493 0.340539664
0.533077538 0.3428311944
0.5430595279 0.3452470601
0.5545699596 0.3465549648
0.5674371719 0.3473504782
0.5802465677 0.3504863977
0.5911689997 0.3577327132
0.5987116694 0.3662117124
0.6011511683 0.3725973666
0.6021896601 0.3789963126
0.5986185074 0.385556221
0.5884413123 0.3852029145
0.5765808821 0.3747770488
0.565072298 0.3602487147
0.5585899949 0.3472261429
0.5556249619 0.3335628211
0.5532728434 0.3191898167

