0.7384365797 0.7425769567
0.7283855081 0.7266302705
0.7283855081 0.7266302705
0.7283855081 0.7266302705
0.7291120291 0.7239112258
0.7294089794 0.721226573
0.7298192382 0.7182155848
0.7305008173 0.7152217031
0.7313230038 0.7128173113
0.7298702002 0.7096195221
0.7268861532 0.7068041563
0.7239582539 0.7049412131
0.7200858593 0.7045171857
0.7173849344 0.7048041821
0.7171809673 0.7060653567
0.7187553644 0.7073097229
0.7200098038 0.7072763443
0.7203811407 0.7067481279
0.7234083414 0.7071835399
0.7276185155 0.7086824179
0.7304283977 0.7084655166
0.7320771813 0.7061879039
0.7364186645 0.7051973343
0.7427645922 0.7051149607
0.746214211 0.7044817209
0.7494727969 0.7025512457
0.7556530237 0.7024958134
0.7616025805 0.7027568817
0.7657235265 0.7038086653
0.7717830539 0.7052720785
0.7794393301 0.7072666287
0.7859994173 0.7102230787
0.7935255766 0.7139241099
0.7995840311 0.7158055305
0.8062671423 0.7173014879
0.8112744093 0.7188063264
0.8141237497 0.7204944491
0.8172470927 0.7231841087
0.8219484091 0.7261991501
0.8260427713 0.7299805284
0.8286415339 0.734097302
0.8276708126 0.7378475666
0.8240960836 0.7396485806
0.8228435516 0.7421577573
0.8214027882 0.7442227006
0.817790091 0.745044291
0.8121758699 0.7434797883
0.8069561124 0.7418923378
0.8018695116 0.7367110252
0.798324585 0.7312674522
0.7946547866 0.7236822248
0.7899616361 0.7154006958

