0.7044064403 0.3075631857
0.7037192583 0.3041221499
0.7016540766 0.2980855405
0.6984078884 0.2881368399
0.6971865892 0.281142801
0.6971158385 0.2742945552
0.6978157759 0.2677935362
0.69861871 0.2611688673
0.6985923052 0.255140245
0.6986585855 0.2506732345
0.6982575059 0.2493910193
0.6982249022 0.2484581321
0.6997224092 0.2501086891

0.7029508352 0.2527863979
0.7051125169 0.2529632747
0.7086396217 0.254711628
0.71333915 0.2570799291
0.719530642 0.2589319348
0.7264769077 0.2603804469
0.7335524559 0.2614821494
0.743381381 0.2633571327
0.7540060282 0.2668241262
0.7660337687 0.272420764
0.778427124 0.2799727917
0.7890409231 0.2871527076
0.7965373993 0.295424521
0.7993531227 0.3029375374
0.799354136 0.3091024756
0.7963250875 0.3126699328
0.7913337946 0.3153162003
0.7854635715 0.3161949515
0.778547585 0.3137136698
0.770418644 0.3058193922
0.7629190683 0.2969146967
0.7574290037 0.2870520651
0.7543430328 0.2729942799
0.7522772551 0.2612503767

