0.5324572325 0.8551642895
0.5300357938 0.8497188687
0.528372705 0.8448295593
0.5296212435 0.8425621986
0.5279913545 0.8361670375
0.5257978439 0.8285241127
0.5226801634 0.8207742572
0.5200750232 0.8147167563
0.5170897841 0.8110505342
0.5130831599 0.806143105
0.5099851489 0.8023723364
0.5084894896 0.8011969328
0.5074739456 0.8024948239
0.5077389479 0.8046121597
0.5106717944 0.8026548028
0.5115576982 0.8014599085
0.5131044388 0.8018767238
0.5184653997 0.80220294
0.5250921249 0.8027398586
0.5307199955 0.8033010364
0.5369642377 0.8030498624
0.5434674621 0.8040059805
0.5519044399 0.8044083118
0.5600602627 0.8061642051
0.5669954419 0.8087858558
0.5775703788 0.8127051592
0.5884788036 0.8183782697
0.5972583294 0.8227368593
0.6057862043 0.8271254301
0.6131765842 0.8320343494
0.6196969151 0.8376469016
0.6244089007 0.8435254097
0.6272904873 0.8479154706
0.6268404722 0.8524632454
0.624147296 0.8567117453
0.6189559698 0.8630927801
0.6148579121 0.8685759306
0.6091436148 0.8638917208
0.5993831158 0.8590766191
0.5936105251 0.854673624
0.5872148275 0.8478447199
0.5822427869 0.8385546207
0.5778777599 0.8276486397
0.5746229887 0.8173152208
0.5720665455 0.806527555
0.568870008 0.7958420515
0.5667650104 0.785756886
0.5650638938 0.7766927481

