0.8400661945 0.7129594684
0.827681005 0.6878792048
0.8259860277 0.6840673685
0.8259860277 0.6840673685
0.825083673 0.6808911562
0.8255555034 0.6793068647
0.8265702128 0.6773711443
0.8292003274 0.6761838794
0.8347600698 0.6764229536
0.8446570039 0.6748185754
0.8446570039 0.6748185754
0.8590985537 0.6729729176
0.8713381886 0.6709918976
0.8853313923 0.6703270078
0.8973399401 0.6722412705
0.9072928429 0.6773520112
0.9182802439 0.6844017506
0.9298119545 0.6907429695
0.9413798451 0.6989922523
0.9547007084 0.7051870823
0.9570790529 0.7093522549
0.9439764023 0.7102589607
0.9219769835 0.7069768906
0.9169473052 0.7030212879
0.9059597254 0.6901279688
0.8954977989 0.676692009
0.8942728043 0.6644983888
0.8940342665 0.6512495875

