0.741294086 0.4642652869
0.7377464175 0.4580479562
0.7369370461 0.4543409646
0.7368688583 0.4494957924
0.7348448634 0.443900317
0.7308700085 0.4365240932
0.7267622948 0.4290139377
0.7249112725 0.4233027995
0.7244503498 0.4196871519
0.7247623801 0.4195438623
0.724848032 0.4201954901
0.7267395258 0.4211227894
0.7312369943 0.4216772318
0.7377154827 0.4232591689
0.7437418699 0.424282521
0.7512851954 0.42606318
0.7589957118 0.4281617403
0.7690731287 0.4299666882
0.7792592049 0.4321212769
0.7903569341 0.4344390631
0.800793469 0.4359024763
0.8095226288 0.4379570484
0.8178066015 0.4432042539
0.8260211349 0.4496269226
0.8332941532 0.4555089474
0.8365359306 0.4615207314
0.8367443681 0.468125999
0.8336175084 0.4739817977
0.8310235739 0.4787837267
0.8257089853 0.4787557125
0.8194799423 0.4751983881
0.8130338788 0.471134603
0.805582881 0.462903291
0.7996548414 0.4523972571
0.7954899669 0.4422771335
0.7932720184 0.4328253269
0.7920342684 0.4233949184

