0.6219994426 0.6597992182
0.6226629019 0.6564343572
0.6227353215 0.6520510912
0.6200669408 0.6457884908
0.6161080599 0.6401791573
0.6121152043 0.6347847581
0.6074090004 0.6309574246
0.6041631699 0.6283107996
0.6019722223 0.6276817918
0.601172328 0.6275538802
0.602080822 0.6273694038
0.6039168835 0.628223896
0.6058945656 0.6289612055
0.6083432436 0.6297607422
0.6121071577 0.62993294
0.6168000102 0.6297180057
0.6223836541 0.6297634244
0.6273340583 0.6297383904
0.6342080832 0.6293498278
0.6419498324 0.6308569908
0.6488494873 0.6335731149
0.6553224921 0.6348375678
0.662563622 0.6368818283
0.6698419452 0.6404424906
0.6767908931 0.6440962553
0.6827245355 0.6491503716
0.6874848604 0.6545436382
0.6921710968 0.6599165797
0.6964537501 0.6644008756
0.6978407502 0.6684858799
0.6965026855 0.6726021171
0.6947793961 0.6757762432
0.6919790506 0.6766581535
0.6876413822 0.6748617291
0.6804384589 0.6708230972
0.6750771999 0.6675290465
0.669939816 0.6617562771
0.6657420993 0.6560150385
0.661478579 0.6474396586
0.6582346559 0.6381332874

