0.6514031887 0.08909446001
0.6508542895 0.08582640439
0.6493056417 0.07975959778
0.6485106945 0.07430629432
0.6473971009 0.06963975728
0.6461417675 0.06461465359
0.6445390582 0.05992335454
0.6447399259 0.05905798823
0.6453204155 0.05968495086
0.6461592913 0.06039008498
0.6483317614 0.05924936011
0.6523579359 0.05738397315
0.6567471623 0.05844032764
0.6615784168 0.05977484211
0.668612659 0.06248368695
0.6756950021 0.06387210637
0.6842331886 0.06388550997
0.6925743222 0.06309363246
0.700347662 0.06262822449
0.7096897364 0.06380644441
0.7181743383 0.0666859597
0.7246788144 0.07106253505
0.7305245996 0.07541970909
0.7353525162 0.07903832197
0.7354952097 0.0815211013
0.7334867716 0.08395576477
0.7287106514 0.08597160131
0.7227066755 0.08755864948
0.7165510654 0.08748468012
0.708735466 0.08483884484
0.7004718781 0.07743531466
0.6923552752 0.06603275239
0.6851297021 0.05832718685
0.6806593537 0.05139760673

