0.6023842096 0.2741198242
0.6028704643 0.2734526396
0.6028428674 0.2723586261
0.6028963327 0.2707928419
0.6035028696 0.2687787414
0.6038366556 0.2671146393
0.6033576131 0.2647925019
0.6025707126 0.2625448108
0.6010125875 0.259978801
0.5996147394 0.2575294971
0.598005116 0.2554313242
0.59659338 0.2536514103
0.5944096446 0.2521024942
0.5921143889 0.2508227229
0.5898983479 0.2499389797
0.5881904364 0.2495881319
0.5871744156 0.249413982
0.5864263773 0.2493941188
0.5855792761 0.2492870688
0.5850652456 0.2491098642
0.5849506855 0.2490431815
0.5862174034 0.2493824959
0.5880407095 0.2498882413
0.590197444 0.250069499
0.5919882059 0.2497286797
0.5936658978 0.2491508573
0.59619838 0.2485803366
0.5999839306 0.2483934462
0.6035254002 0.2484418154
0.6066628098 0.2481242716
0.6096608639 0.2472254038
0.6131373644 0.2466536015
0.6170964241 0.2462532967
0.6212357283 0.2463387102
0.6250377297 0.2468789816
0.6287773848 0.2471617758
0.6325281858 0.2473881543
0.6368409395 0.2478460371
0.6416503191 0.2485947013
0.6462338567 0.2493390143
0.6505850554 0.2498901933
0.6552577615 0.2508288622
0.6597535014 0.2520523071
0.6642717123 0.2529708743
0.6686429977 0.2543621063
0.6724347472 0.2558463514
0.6755363941 0.2577522099
0.6785539389 0.2600303888
0.6812679172 0.2627987266
0.682933569 0.2654089034
0.6831967831 0.2682694197
0.6826001406 0.2709798515
0.6815297008 0.2738816142
0.6800292134 0.2764289081
0.6777036786 0.2783720791
0.6738126874 0.2797571719
0.670176506 0.2807592154
0.6659815311 0.2808151841
0.6625731587 0.2804507613
0.6592106819 0.2792061269
0.655358851 0.2762111723
0.651494205 0.2729395032
0.6483455896 0.2693016827
0.6463190317 0.2648205161
0.6450021267 0.2594766021
0.6428875923 0.254273802
0.6410157681 0.2476553619
0.6396909952 0.2412224114
0.6384322047 0.2348019183
0.6374794841 0.2287432551
0.6365906596 0.2233030498

