0.619456768 0.1432761997
0.619456768 0.1432761997
0.6188223362 0.1386571527
0.6188547611 0.1322170049
0.6173294187 0.1239619404
0.6110591888 0.1138945296
0.6079519391 0.1076647565
0.6070011854 0.1045604497
0.6100945473 0.1049090922
0.615231514 0.1077108979
0.6205305457 0.1074603125
0.627797842 0.1054632962
0.6373119354 0.1058581918
0.6500411034 0.1084746122
0.6616824269 0.1113255844
0.6744490266 0.1170458421
0.6882891655 0.1268029213
0.7000527382 0.1385159492
0.7052346468 0.1478512585
0.7051329613 0.1528588533
0.7009469867 0.1544650048
0.6923461556 0.150591433
0.6827688217 0.1413050741
0.6740243435 0.1286615431
0.6674057245 0.1108241081
0.6656937003 0.09972853959
0.6642853022 0.08827441931
0.6632168889 0.07564140111
0.6623013616 0.06294699758

