0.7109382153 0.5298255682
0.7104350328 0.5326690674
0.7087929249 0.5364130139
0.7054867148 0.540859282
0.6997615695 0.5438498855
0.6919625998 0.546959281
0.6838136911 0.5501074791
0.6760154963 0.5525195599
0.6679347157 0.553355515
0.6602870226 0.5531313419
0.6523149014 0.5509049892
0.6446781158 0.5475101471
0.6388223171 0.5409756899
0.634648025 0.535410285
0.6314793825 0.5290474296
0.6310822964 0.5226131678
0.6313149333 0.5162566304
0.6327239275 0.5092353821
0.6363520622 0.5032985806
0.6423048973 0.4982036948
0.6500623226 0.494151175
0.6578050852 0.4916135669
0.667211771 0.4910919368
0.6773092747 0.4929106236
0.6868810654 0.4970746934
0.6945041418 0.5033015609
0.7001025081 0.5115727782
0.7032562494 0.52161479
0.7051644921 0.529665947

