0.827706933 0.5918685198
0.8200924397 0.5951932073
0.8126348853 0.5968255997
0.8053138256 0.5987272859
0.7966922522 0.600884378
0.7857130766 0.6013357639
0.7757000923 0.6014201641
0.7660133243 0.6002721786
0.757825017 0.5978558064
0.7511552572 0.5935810804
0.7458161116 0.587814033
0.7420526147 0.5820657611
0.7404048443 0.5759720802
0.7419475317 0.5699155331
0.7447588444 0.5634875298
0.7463695407 0.5577213168
0.7524682283 0.5532643795
0.7596319914 0.5498446822
0.7689622641 0.5490095615
0.7784158587 0.5498797894
0.7875326872 0.5518943071
0.7959087491 0.5591157675
0.8022821546 0.5680772662
0.806692183 0.5783938766
0.8086192012 0.588380456

