0.8468886614 0.7951653004
0.8499019146 0.7981431484
0.8530982733 0.8011880517
0.8504903316 0.8027591109
0.8456835747 0.8045558333
0.8371858001 0.806417346
0.8301755786 0.8098695874
0.8224338293 0.8131344914
0.8143086433 0.8136723042
0.8048734665 0.8131970167
0.7953882217 0.8134343624
0.7874217629 0.8131002784
0.7803183794 0.8109445572
0.7742831111 0.8070729971
0.7686749697 0.8020691872
0.764452219 0.7962233424
0.7615675926 0.7902725339
0.760264039 0.7845230699
0.7601848841 0.7784955502
0.761308372 0.7719138861
0.7646609545 0.7663038969
0.7693117857 0.7623279691
0.7773935199 0.7594925165
0.7838841081 0.7566280365
0.7924112678 0.7546425462
0.8016650081 0.7543806434
0.8118011951 0.7577970624
0.8185590506 0.7643586397
0.8260353804 0.7705488801
0.8311113119 0.7768071294
0.8327609301 0.7856909037
0.8325530887 0.7951667309
0.8314669728 0.802057147
0.8297338486 0.8073720336

