0.9482306242 0.2177572399
0.948615551 0.2185139954
0.9520770907 0.2210469991
0.9544835091 0.2257300615
0.954077661 0.2294788212
0.9492063522 0.2331312299
0.9418364763 0.2366413772
0.935703218 0.2406203449
0.9303942919 0.2450044006
0.9226318598 0.2484448254
0.9123604894 0.2481554598
0.9006712437 0.2455078661
0.8907362223 0.2433034182
0.882147491 0.240066871
0.8746425509 0.2357102334
0.8674911261 0.2314744294
0.8617215753 0.2261704206
0.857221961 0.2208396047
0.8549742699 0.2149786651
0.8549133539 0.2093494982
0.8571567535 0.204186812
0.8619346619 0.1989574432
0.8674713373 0.1948003322
0.8753896952 0.1920521557
0.8855829835 0.1896293759
0.8974421024 0.1887925863
0.9095236659 0.1899854094
0.9219040871 0.1963309199
0.9337109327 0.2023413628
0.9411787391 0.2095970213
0.9444877505 0.2174466252
0.9456102848 0.2261623293
0.9460091591 0.2349216789

