0.7211741209 0.2982937098
0.7251148224 0.3012755513
0.7299520969 0.3050742745
0.7327848673 0.3077812791
0.7325052023 0.3100545406
0.7302681208 0.3140968084
0.7276767492 0.319632709
0.724149704 0.3245044947
0.7191775441 0.3272572756
0.7114044428 0.3284558356
0.7019250393 0.3296739459
0.6943970919 0.3319209814
0.6870772243 0.3332634568
0.6794908643 0.3326960802
0.6723827124 0.3315968513
0.6652253866 0.3279138207
0.6598849893 0.3244849443
0.6557627916 0.3214296401
0.6529602408 0.3168081939
0.6504905224 0.3115092218
0.6485942602 0.305546999
0.6481261849 0.2997505963
0.6491009593 0.2943598628
0.651358366 0.2900824547
0.6555149555 0.2856385708
0.6594490409 0.2808861732
0.6638702154 0.2760620713
0.6715101004 0.2733640075
0.6800067425 0.2725989521
0.6897575259 0.2726984918
0.6980477571 0.2736891508
0.7054379582 0.2758238912
0.7126743197 0.2811623216
0.7196887136 0.2871946692
0.7260298729 0.2955093086
0.7289527655 0.3029067814

