0.7054432631 0.1465613544
0.7072144747 0.1493574828
0.7054920793 0.1531907469
0.7029008269 0.1587629169
0.6992293596 0.1658015698
0.6938604712 0.1695019007
0.6870348454 0.1722732335
0.6772031188 0.1738387644
0.668705225 0.174851194
0.6607081294 0.173982352
0.6537878513 0.1697652042
0.6466509104 0.1653663218
0.6404905915 0.1599006355
0.6365634799 0.153322041
0.634842813 0.1473332196
0.6351433992 0.1411434263
0.6351359487 0.1353420615
0.6389964223 0.1289955974
0.6413325071 0.1239179447
0.6495460272 0.1201009303
0.653672576 0.1191034392
0.6610227227 0.1168694347
0.6694188118 0.1163602322
0.6773406267 0.117697522
0.6858017445 0.1213170141
0.6942696571 0.1281160563
0.7006193399 0.1341602504
0.7048814297 0.1419924945

