0.6913745403 0.6299994588
0.691835463 0.6318901181
0.6904140711 0.63639009
0.6883034706 0.6403378248
0.6858845949 0.6435571909
0.6799488068 0.6444502473
0.6730396748 0.6462676525
0.6660893559 0.648671627
0.6594780684 0.6509020329
0.6528146267 0.6508626938
0.6458619237 0.649677515
0.6388360262 0.6479381323
0.6324257851 0.6456928253
0.627363205 0.6426998973
0.6248185635 0.6379520893
0.6228268147 0.6322585344
0.621619463 0.6257724762
0.6216881275 0.6204836965
0.6232585907 0.6153309345
0.6262275577 0.6097742915
0.6305354834 0.6043751836
0.6362871528 0.5997661352
0.6424817443 0.5963273048
0.6497676373 0.5947540998
0.6571309566 0.5942941904
0.6645254493 0.5955272913
0.6719545126 0.598754704
0.6783053875 0.6036641598
0.683229208 0.6097359061
0.6872560978 0.6178444028
0.6893690825 0.6258852482
0.6897671819 0.6328108311
0.688352108 0.6384807229

