0.9420475364 0.4057332277
0.9439200163 0.4109891057
0.9428728819 0.4140439332
0.9385645986 0.4128981233
0.9366024733 0.4152623415
0.935477972 0.4195155799
0.9337726235 0.4242132604
0.9267011881 0.4275379777
0.9178107977 0.4276260138
0.9087413549 0.4275788069
0.9011772871 0.4284366071
0.8929086924 0.4286084473
0.8846722245 0.4277770817
0.876838088 0.4254088402
0.8695024848 0.4224387407
0.8636829853 0.4179718494
0.8586933613 0.4142226577
0.8564342856 0.4083079398
0.8558288813 0.4010634124
0.8560292721 0.3930184841
0.8578054905 0.3847417235
0.8611578941 0.3775823116
0.8669965863 0.3714067936
0.8746567369 0.3657342196
0.8835527301 0.3606467247
0.8913308382 0.3570154905
0.9011675119 0.3592938483
0.9107502699 0.3640668392
0.9197551012 0.3691032529
0.9259844422 0.3759314418
0.9284901619 0.3840568066
0.932009697 0.3940142393
0.9350408316 0.4046126008

