0.7996944189 0.2163252234
0.8062851429 0.2194378376
0.8111978769 0.222200647
0.8101562858 0.2227749377
0.8076176643 0.2249389887
0.8044279218 0.2297028899
0.7989622951 0.2351140827
0.791639924 0.2388334274
0.7837339044 0.2413619459
0.7749997377 0.2415957153
0.7666873932 0.2411456108
0.7584913969 0.2391311228
0.7514992952 0.2368496656
0.7452112436 0.2329763621
0.7403689623 0.2262680829
0.7364587188 0.2195668817
0.734177947 0.2127173096
0.733305037 0.2055950016
0.7342426181 0.1984657496
0.7372459769 0.1921036243
0.7432367206 0.186080873
0.7497476339 0.1802338958
0.7573316097 0.1756112576
0.7664438486 0.1728063226
0.7773340344 0.1732574254
0.7876288295 0.1746462882
0.7986712456 0.1793791503
0.8077278733 0.1870158762
0.8117258549 0.1977790147
0.813649714 0.2091216296
0.8148233294 0.2214288116

