0.5789083242 0.3646597862
0.5797692537 0.36678496
0.5796996355 0.3686027527
0.5789428949 0.3718669713
0.5769141912 0.3750744164
0.5726383924 0.377913475
0.5661458373 0.3806338608
0.5603281856 0.382570833
0.5544461012 0.3831571937
0.5477449894 0.3834054172
0.5402625799 0.3831392527
0.5323645473 0.3820210695
0.525005877 0.3801759481
0.5193471909 0.3764109015
0.5146130323 0.3705721796
0.5109617114 0.3636640608
0.5089531541 0.3575213552
0.5092832446 0.3518319428
0.5107631087 0.3450962901
0.5140865445 0.3377765119
0.5167316794 0.3319507241
0.5217450857 0.327082634
0.528213203 0.3234860301
0.5356203318 0.3227389753
0.5424821973 0.323310256
0.5499671698 0.3256812096
0.5572294593 0.3317494094
0.5626578331 0.3368051648
0.5671526194 0.3418878317
0.5709041357 0.3489362597
0.5734342337 0.3559966087
0.5744732618 0.3620184958

