0.6539086699 0.1145709604
0.6593194008 0.1155789644
0.6642975211 0.1145813316
0.6687985063 0.113703616
0.6741797328 0.1109551415
0.679718256 0.1108641177
0.6814423203 0.1058819145
0.680368185 0.09834700823
0.6767342687 0.09037835896
0.6711285114 0.08293157816
0.6648914814 0.07807579637
0.6562622786 0.07342261076
0.649075985 0.06953456998
0.6453099847 0.06898254901
0.644387722 0.07049548626
0.6462990642 0.07044011354
0.6496585608 0.0676503405
0.6552718878 0.0675104633
0.6629274487 0.06835673004
0.6714900136 0.06918214262
0.6804822683 0.06900465488
0.6868466139 0.06820800155

