0.7597888708 0.3742706776
0.7627356648 0.375492245
0.7673048377 0.3738737702
0.7719945908 0.3731619716
0.7775482535 0.3720216155
0.7856707573 0.3722626865
0.7934551239 0.3724099398
0.8002191782 0.3715764284
0.8047064543 0.3685017228
0.8059614301 0.3647448421
0.8035646081 0.3602356613
0.798191607 0.3555420935
0.7917435169 0.3513514102
0.7839260697 0.3482434452
0.7760076523 0.3446485102
0.7685798407 0.3414300978
0.7624559999 0.3393009901
0.7577719688 0.3382184207
0.755397439 0.3376140594
0.7567719817 0.3380638659
0.7595768571 0.3386131525
0.7641789913 0.3386750519
0.770811379 0.3385792077
0.7796183825 0.3397323191
0.7879210114 0.340493679
0.7956411242 0.3405978978
0.8012119532 0.3386564851
0.804223299 0.3371343315

