0.637162447 0.6511691213
0.6428874731 0.652692616
0.647354424 0.6517315507
0.6513053775 0.6504957676
0.6567804813 0.6503751278
0.6636611223 0.6514102221
0.6675177813 0.6493439078
0.6686877012 0.6454771161
0.6683667898 0.6411390901
0.6659901738 0.6360993981
0.6625160575 0.6322493553
0.6574630141 0.6284605861
0.6511982083 0.6260136366
0.644307673 0.6232686639

0.6311197877 0.6180779338
0.6337654591 0.6173533201
0.6376965642 0.6175203919
0.6431791186 0.6175252795
0.6561406255 0.6187569499
0.6561406255 0.6187569499
0.6613553166 0.6176019907
0.6650390625 0.6165413857
0.6681852341 0.6157041192
0.6691732407 0.6140896082
0.6702388525 0.6129253507

