0.6637585163 0.1073906422
0.6682775617 0.1069289297
0.6714274883 0.104567714
0.6753807068 0.1011214256
0.6808176637 0.09945192933
0.688378334 0.09984303266
0.694652915 0.09866940975
0.6985925436 0.09557928145
0.6997802258 0.09123562276
0.6976205111 0.08600470424
0.6929159164 0.08092872053
0.6860727072 0.07506849617
0.6780730486 0.07168682665
0.6685065627 0.06890149415
0.6596668959 0.06381268054
0.6525395513 0.05995088071
0.6512587667 0.06094689295
0.6506736279 0.06162182987
0.651914537 0.06156422943
0.6548762918 0.06074457988
0.6598619223 0.06145694479
0.6673869491 0.0628342405
0.6751339436 0.06297233701
0.6824940443 0.06098520011
0.6895529032 0.05967371911
0.6948932409 0.05853036791

