0.8604282141 0.7650256753
0.8644662499 0.7663371563
0.8684794307 0.7669353485
0.8724064827 0.7657374144
0.8789392114 0.7657038569
0.8874753118 0.7660164237
0.8954867125 0.7644872665
0.9013627768 0.7619624138
0.9049184322 0.7585740685
0.9065318108 0.754699111
0.9048274755 0.7508686781
0.8993091583 0.7474831939
0.8933464885 0.7439414263
0.8866782188 0.7406977415
0.8799379468 0.7378585935
0.8737059832 0.7358689308

0.8628523946 0.7349230647
0.8666247129 0.7353466749
0.871858716 0.7347005606
0.8790413141 0.7343629003
0.8889567852 0.734623909
0.8978332877 0.734058857
0.9053886533 0.7327338457
0.9119181633 0.7320973277
0.9164025187 0.7311686277
0.9180951118 0.730085969
0.9158858657 0.7282350063

