0.8850095272 0.1709565669
0.8910076618 0.1735502481
0.8953796029 0.1744435579
0.9003039002 0.1719731241
0.9071218967 0.1704555452
0.9170284867 0.1693542153
0.9216777682 0.1661238074
0.9243094921 0.1609704792
0.9255341291 0.156583339
0.9218398929 0.1523038149
0.9147686958 0.1466502845
0.9075660706 0.1419437677
0.9004078507 0.1380552351
0.8926365376 0.1340975016
0.8863737583 0.1320325434
0.8831976056 0.1317497194
0.8824551702 0.131907016
0.883079648 0.1316739023
0.8860324621 0.1317959428
0.8923172951 0.1323397607
0.899046123 0.1324450523
0.9064023495 0.1317920536
0.913895607 0.1315669417
0.9214626551 0.1318807155
0.9258926511 0.1310983002
0.9304744601 0.129215017

