0.5476540327 0.8238993883
0.5512261391 0.8232889175
0.5549163222 0.8221321702
0.5591970086 0.8226687908
0.5654898882 0.8242250681
0.571349442 0.8237131238
0.5761790276 0.8222025037
0.5804230571 0.8209646344
0.5816753507 0.8180086613
0.5810079575 0.8133291602
0.5780328512 0.8079317212
0.5738739967 0.804438591
0.5676853061 0.8024642467
0.5622889996 0.8017804623
0.5568680763 0.8003557324
0.5515418053 0.7995657921
0.5468406677 0.7993887663
0.5450835228 0.7988623381
0.5435788631 0.7971850634
0.5434681177 0.7961423397
0.5464584827 0.7963567972
0.5501412153 0.7948892713
0.5542529821 0.7944565415
0.5605568886 0.7950823307
0.5678691864 0.7948890924
0.5729489326 0.7925713062
0.5786597133 0.7922923565
0.5842395425 0.7929184437

