0.6461378932 0.8430341482
0.648973465 0.8469126821
0.6518509388 0.8443235159
0.6557895541 0.8431401253
0.6636196375 0.8456864357
0.6725844145 0.8466054201
0.6791085005 0.8445520997
0.6849785447 0.8423913717
0.6874552965 0.8378742933
0.6864256859 0.8320942521
0.6834326982 0.826718986
0.6790354252 0.8218938112
0.672770977 0.8166066408
0.6651186347 0.8122125864
0.6586330533 0.8100351095
0.6517954469 0.8074010611
0.6463810205 0.804756403
0.6444797516 0.8040440083
0.646751821 0.8038474321
0.6494561434 0.803088665
0.6534721851 0.8020960093
0.6597421765 0.8029121161
0.6687393785 0.8046405911
0.6753181815 0.8042649627
0.6782466769 0.8025565147

