0.8500480652 0.6361093521
0.8450035453 0.6323775053
0.8399137259 0.6292814612
0.8322298527 0.6240230799
0.8213655949 0.6191547513
0.8123256564 0.6173757911
0.8092473149 0.6188255548
0.807430625 0.6184546947
0.8068562746 0.6203722954
0.8093155026 0.6208586097
0.8149397373 0.621638
0.8212176561 0.6224348545
0.8305014372 0.6244866252
0.8428543806 0.6275238991
0.8537937403 0.6283311844
0.867780447 0.6309891939
0.8804316521 0.6311557889
0.8855555058 0.6268619299
0.8853138685 0.6202207804
0.8838249445 0.6138327122
0.8820501566 0.6090931296
0.877573967 0.6052228808
0.8720308542 0.6025056839

0.8035797477 0.6400073767
0.8016843796 0.6343920827
0.7973565459 0.6210010648
0.7959806919 0.6116954088
0.7947583199 0.6029428244
0.7930603623 0.5962151289

