0.8954714537 0.6729160547
0.8924092054 0.6684700251
0.8898583651 0.6659618616
0.8869562745 0.6638176441
0.8809460402 0.6597311497
0.8754147291 0.6567018032
0.8690478206 0.6545049548
0.8640985489 0.6532204747
0.855404377 0.6501913071
0.855404377 0.6501913071
0.8472055197 0.6464610696
0.8444407582 0.6482287645
0.8430587649 0.6508931518
0.845610857 0.6542490721
0.8555813432 0.6563674808
0.8653012514 0.6587011218
0.8770952225 0.6599962711
0.89187181 0.659070611
0.9071040154 0.6573668718
0.9140923619 0.6553092003
0.914821744 0.6493124366
0.9162476063 0.6451025009
0.9120110273 0.6375966072
0.9022673368 0.6313230991

0.8493668437 0.6643963456
0.8447193503 0.6547312737
0.8418284655 0.6471927166
0.8371905088 0.6389670968
0.8328816891 0.6304996014
0.8325765133 0.6249106526

