0.6715292335 0.1200597361
0.6705276966 0.1185378581
0.6640459895 0.1129138172
0.6529355645 0.1112160087
0.6471969485 0.1095534116
0.6389967203 0.1056575775
0.6285495162 0.1039025262
0.6221125126 0.104089871
0.6254801154 0.105711937
0.6255699396 0.1068753153
0.6271443367 0.1084164381
0.6293206811 0.1073359996
0.6329898834 0.1085176542
0.6401469111 0.1116389558
0.6464591026 0.1131351665
0.6536576748 0.1131592989
0.6610145569 0.1148010269
0.6691141129 0.1152270138
0.675281167 0.1147456542
0.680836916 0.1115223318
0.6846273541 0.1082218438
0.6841336489 0.1020401046
0.6835861206 0.09775725007
0.6835460067 0.09559901059
0.6817343831 0.09431845695
0.6792226434 0.09235290438

0.6325300932 0.1323229969
0.6300395131 0.1309431791
0.6278038621 0.1237011254
0.6240968704 0.11630404
0.6223045588 0.1112903729
0.619423151 0.1017324403
0.6190533042 0.09479444474
0.6164913177 0.08967170864
0.614323318 0.0855229795

