0.6656625867 0.7824263573
0.6624826193 0.7770824432
0.6612657905 0.7755031586
0.6589707732 0.7737767696
0.6564357877 0.7722601891
0.6522189379 0.7710978985
0.6427245736 0.7693600059
0.6388063431 0.7684941292
0.63489604 0.7673758864
0.6301532388 0.7664293051
0.6253358722 0.7653313875
0.6164553761 0.763859272
0.6164553761 0.763859272
0.6093879342 0.7652567029
0.6105580926 0.7670425773
0.6139582992 0.7702432275
0.6186773777 0.7705405354
0.6235429645 0.76917696
0.6329561472 0.7691429257
0.6443529129 0.7712197304
0.6543494463 0.7723653913
0.6617441177 0.7697036266
0.6711469293 0.7685362101
0.6793477535 0.7672415376
0.6819086075 0.7635697722
0.6833093762 0.7595726252
0.6815163493 0.7549467087
0.6802249551 0.7513112426
0.6751339436 0.7483154535

0.6116091609 0.7933577299
0.6117747426 0.7856869698
0.610075295 0.7717721462
0.607927382 0.7597225308
0.6056929827 0.753269434
0.6031285524 0.7481981516
0.5991732478 0.7406898737

