0.5910745263 0.687440455
0.5951503515 0.6906238794
0.5940415263 0.6915147901
0.5898683667 0.692553103
0.5841136575 0.6948596239
0.5762380362 0.6987838745
0.5660988688 0.7015711665
0.5554585457 0.7005904913
0.5464164019 0.6993874311
0.5377575755 0.6952009201
0.5296127796 0.6889281273
0.523709774 0.6819725037
0.5202317834 0.6767766476
0.518437326 0.6703216434
0.5175827742 0.6656748056
0.5183753371 0.6614378691
0.5215864182 0.6583336592
0.5243843794 0.6545014977
0.5296853185 0.6499529481
0.5334730148 0.6461414695
0.5382907391 0.6428107023
0.544655025 0.6417054534
0.5525336266 0.6424524784
0.5591337681 0.6435677409
0.5643142462 0.6452097297
0.570710063 0.6497737169
0.5769722462 0.6552104354
0.5830843449 0.6613683105
0.5879701376 0.6659917831
0.5907933712 0.6710624695
0.593752563 0.6760212183
0.5966377258 0.6822517514
0.5984815955 0.6872064471
0.5987254381 0.6908509731
0.5951845646 0.6931025982

0.5823179483 0.686727643
0.5811131001 0.6860516667
0.5786988735 0.683419466
0.5719048381 0.6775710583
0.5634434223 0.6723123193
0.5562593937 0.6680045128
0.5498355627 0.6641885042
0.5424839258 0.6583119631
0.5355858803 0.6510595679
0.5297945142 0.6460041404

