0.6676855683 0.8313731551
0.6692472696 0.8318146467
0.672560215 0.8338060975
0.6748893261 0.8360542655
0.6756910682 0.8392335176
0.6710118055 0.8398301601
0.6645684838 0.8386701941
0.6576792002 0.8389008045
0.6527587175 0.8397164941
0.6469701529 0.8385525942
0.6398322582 0.837425828
0.6319884062 0.8355068564
0.6246823072 0.8333604336
0.6191035509 0.8316503763
0.6143940091 0.8292083144
0.6108403206 0.8262965679
0.6080418229 0.8235780001
0.6053308845 0.8200057149
0.6048182249 0.8160283566
0.6059949994 0.8120399117
0.6080290079 0.8081935644
0.6108525991 0.8042423725
0.6132528186 0.8005695343
0.6184152365 0.7981246114
0.6237345338 0.7956005335
0.6290103197 0.7947692871
0.6350623369 0.7944771051
0.6417384148 0.7949103117
0.6488175988 0.7975603938
0.6542398334 0.8007280231
0.6587216854 0.8039937615
0.6630460024 0.8077337146
0.6659014225 0.8120610714

0.6634023786 0.832795918
0.661850512 0.8307695985
0.6616937518 0.8286401629
0.6582747698 0.8252632618
0.6498769522 0.8200445175
0.6430927515 0.8153892756
0.638010323 0.8112030625
0.6335116625 0.8076024652
0.6279771924 0.8037946224

