0.5825371742 0.1928943694
0.5822208524 0.1939283311
0.5836296082 0.1977131814
0.5833736062 0.2005869448
0.5808486938 0.2018011361
0.5757979155 0.2045784742
0.5708025694 0.2074643075
0.5659043789 0.2091046274
0.5598307848 0.2103107572
0.5531275272 0.2104820162
0.5448618531 0.2091457546
0.536305666 0.2078258991
0.5301896334 0.2072350979
0.5250918865 0.205887422
0.5218759775 0.2023014724
0.5174981952 0.1985553801
0.5140605569 0.1930227578
0.5110044479 0.1880745888
0.5107755661 0.1837904006
0.5110547543 0.1795165092
0.5128036737 0.1755066365
0.5154906511 0.171058014
0.5178331137 0.1665552109
0.5200793743 0.1630681008
0.5257668495 0.1603957564
0.5308699012 0.1579600126
0.5382273197 0.1582235247
0.5426476598 0.1580489427
0.5477052331 0.1580995619
0.5529768467 0.1600109041
0.5594907999 0.1638447642
0.5661053658 0.1698573083
0.5713741183 0.1750840545
0.5748975277 0.1788641065
0.5771307945 0.1824154854
0.5795007348 0.1872983575

0.5750249624 0.2009433955
0.5743541718 0.2015973628
0.5711763501 0.1985690147
0.5641176701 0.1935409904
0.5545540452 0.1872608811
0.5468274355 0.1816061884
0.5377565026 0.1768028289
0.5275626183 0.1718560159
0.5192715526 0.1654710621
0.5127399564 0.1582472324
0.5089795589 0.1520294547

