0.7835212946 0.4050119519
0.7864542007 0.40642187
0.7864015698 0.4072987437
0.7853622437 0.4101656675
0.7862702608 0.4145591557
0.7858970761 0.4176974893
0.7795168161 0.4187791348
0.7712892294 0.4193926454
0.7627137303 0.4206845164
0.7548881769 0.4215329587
0.7468663454 0.4219478667
0.7388677597 0.4215370715
0.7309393883 0.4194746017
0.7235642672 0.4172760546
0.7172754407 0.4143585563
0.7124556303 0.4112384617
0.7091795206 0.4076865017
0.7075004578 0.4024397433
0.7063894868 0.3975739181
0.707069993 0.3928057551
0.7083923221 0.3885038793
0.7120175362 0.3841942251
0.7176712751 0.3803391755
0.7232482433 0.3771612048
0.7307492495 0.3753810525
0.7401174903 0.375146389
0.751100421 0.3769761026
0.7624998093 0.3807138205
0.772010088 0.3846845031
0.7805044651 0.3896708488
0.7859091163 0.3958140612

0.7807304859 0.4113273025
0.7783160806 0.4087077975
0.7747868299 0.4065076709
0.7693650126 0.4038289785
0.7635084391 0.4009406269
0.7533400655 0.3966748118
0.7450725436 0.3928098679
0.7372384071 0.3892069459
0.7291509509 0.3851904273
0.7216877937 0.3806470931

