0.6936264038 0.1471473277
0.6975003481 0.1514000297
0.6974440813 0.1549754143
0.6943683624 0.1570318639
0.6904698014 0.1598438174
0.6835516691 0.1634740531
0.6743946075 0.1672382653
0.6743944883 0.1672384143
0.6565869451 0.1668185592
0.6410341263 0.1635664701
0.6279028654 0.1580108702
0.6181440353 0.14772138
0.6146868467 0.1363669038
0.6138400435 0.1263965517
0.6209081411 0.1184578761
0.631636858 0.1153720096
0.6457604766 0.1141247749
0.6593696475 0.1146721616
0.6724357009 0.1203598529
0.6840535998 0.1314897537
0.6906548738 0.1432228535
0.692715764 0.1524307132

0.6775850058 0.1571598053
0.6708674431 0.1514861733
0.6642285585 0.1439520419
0.6572535038 0.1357432157
0.6460828185 0.1249728799
0.6305936575 0.1128429919
0.6172549725 0.1018926054

