0.6797068119 0.467446506
0.6799116135 0.4659737647
0.6810429096 0.4670110643
0.6820796728 0.4701068401
0.6809359789 0.4736628532
0.6774019003 0.476480037
0.6707417965 0.4761048555
0.6636373401 0.4768503904
0.65711689 0.478280127
0.6506918669 0.4794596136
0.6422692537 0.4791543484
0.6334993839 0.4766530991
0.6241782904 0.4732154608
0.6170990467 0.4704024494
0.6114959121 0.46687904
0.6069383025 0.4624123871
0.6030536294 0.457170248
0.600056529 0.4520853758
0.5988155007 0.4477954209
0.6009117365 0.4438004494
0.60351789 0.4397472143
0.6077367067 0.4357689023
0.6123292446 0.4322853386
0.6178686619 0.4290704727
0.6256587505 0.4262554049
0.6345108747 0.4245407581
0.6430482864 0.4237790704
0.6524039507 0.4237034917
0.6608885527 0.4255544543
0.6678563356 0.4288407862
0.6738836169 0.4332860112
0.6785972118 0.4394969642
0.6808719635 0.4472551048
0.682328403 0.4533270597
0.6830053926 0.4585778415

0.6698346138 0.4641107321
0.6713386178 0.4661240578
0.6702504754 0.4663018584
0.6671593785 0.4636845887
0.6649490595 0.4611695409
0.6613291502 0.4579389691
0.655149579 0.454660207
0.6484775543 0.4506707191
0.6425794363 0.4455329776
0.6363681555 0.4406524301
0.6306428909 0.4360650182
0.6253780127 0.4320238829
0.6203095913 0.42901057

