0.7511938214 0.1249915808
0.7474666834 0.1245699748
0.7421702147 0.1268930584
0.7375309467 0.1293207556
0.731708169 0.1278226525
0.7226074934 0.1232152134
0.7144428492 0.1208658218
0.7069408298 0.1218689755
0.6995255947 0.1214621365
0.6912820339 0.1175813153
0.6825349927 0.1117729843
0.6754105687 0.1068123579
0.6713507771 0.1039729863
0.6688141823 0.1009802148
0.6665351391 0.09660787135
0.6642205715 0.09034228325
0.6653237343 0.08317410946
0.6687844992 0.07691624761
0.6735732555 0.07275697589
0.6808004379 0.07075376064
0.6902427077 0.06953756511
0.6984669566 0.06837454438
0.7089996934 0.06917647272
0.719976902 0.07032574713
0.7318876982 0.07329269499
0.7415158749 0.08130270243
0.7494850159 0.0886747092
0.7541209459 0.09537148476
0.7551788688 0.1017604843
0.7529441118 0.1069919914
0.7512286901 0.11449752
0.7473950386 0.1197256669

0.7417767048 0.1265824139
0.7420707941 0.1243264005
0.7408249974 0.1209445074
0.7370922565 0.1155657172
0.7293074727 0.1082156822
0.7172788382 0.09850432724
0.7044224739 0.09051094949
0.6935927868 0.08040679991
0.6821367741 0.0694731921
0.6702011228 0.06224666163

