0.9167718887 0.5061830878
0.9193975925 0.507989049
0.9217825532 0.5106899142
0.9250510335 0.5138761997
0.9244634509 0.5178984404
0.9167643189 0.5198180676
0.9088882208 0.5226706862
0.8995805383 0.5247673392
0.8916599751 0.5262992978
0.8790463209 0.5263149738
0.8790463209 0.5263149738
0.8647441864 0.5219281912
0.8531973958 0.5161646008
0.8461622 0.5106592178
0.8425942063 0.5027556419
0.8417701721 0.4946076274
0.8434958458 0.487912029
0.8498278856 0.4817711115
0.8584316373 0.4774194658
0.8683316112 0.47465837
0.8828959465 0.4771327972
0.8953872919 0.4832603037
0.905143857 0.4925952554
0.914948225 0.502655983

0.9349241853 0.527523756
0.931692481 0.524158895
0.9222280979 0.5192722082
0.9104959965 0.5140695572
0.8970988989 0.5098270774
0.8840901852 0.5066964626
0.8677077293 0.5017163754
0.8575322628 0.4986952543
0.849953115 0.4965828061
0.8419193029 0.4931532443
0.8366980553 0.4902852178

