0.585958302 0.798494935
0.5856673121 0.8006690145
0.5863419175 0.8033479452
0.5869128704 0.8066256046
0.5853431225 0.8091632128
0.5819155574 0.8107714057
0.5785604715 0.8138225079
0.5758365393 0.8170272112
0.5725348592 0.8187969923
0.568235755 0.8194994926
0.5626753569 0.8193383217
0.5574287772 0.8192823529
0.5524296761 0.8196088672
0.5467544198 0.8199513555
0.5408208966 0.8192524314
0.536036551 0.8178949356
0.5316194296 0.8158824444
0.5268009305 0.8136276603
0.5235933065 0.8101367354
0.5213857293 0.8043709397
0.5193899274 0.7997992039
0.517617166 0.7954772711
0.5179791451 0.7909032106
0.5188884139 0.7863683701
0.5209556222 0.781304121
0.5224888325 0.7771679163
0.5251590014 0.7736082077
0.5299166441 0.7707206011
0.5348550081 0.7690553665
0.5405147076 0.7679883838
0.5460304022 0.7671805024
0.5521690845 0.7670235038
0.558821559 0.7684456706
0.56502074 0.7713707089
0.5708974004 0.7756714225
0.5752854347 0.7805133462
0.578979075 0.7857131958
0.5820276737 0.7906419635
0.5825380087 0.7963196635
0.5835043192 0.8008967638
0.5813959837 0.8047298193
0.5790026188 0.807677269

0.5818747282 0.8089327812
0.5792909861 0.8079895973
0.5734274387 0.8053458333
0.5657860637 0.8025996685
0.5583754778 0.7988936305
0.5506826639 0.7932751775
0.5418878198 0.7835626602

