0.8077163696 0.4049795866
0.8105449677 0.4053394496
0.8151996136 0.407849282
0.8115586638 0.4148978591
0.803798914 0.4187853932
0.7939037681 0.4209549725
0.7781680822 0.4218465686
0.763001442 0.4197282791
0.7487734556 0.4144670069
0.7369515896 0.4075314701
0.7285228968 0.3987885714
0.7259035707 0.3894301355
0.727427721 0.3811450005
0.7344454527 0.3726072609
0.7443163395 0.3648545742
0.7577608228 0.36186409
0.773146987 0.3623431325
0.7897641659 0.3652547598
0.8033876419 0.3759828806
0.8080497384 0.3907110393
0.8058931231 0.4065696001

0.807595551 0.4163723588
0.7986323833 0.4105606675
0.7934396267 0.4064053297
0.7847565413 0.4004571438
0.773514092 0.394775182
0.7615194321 0.3882207274
0.749778986 0.3804917932
0.7401835918 0.3734401762
0.7307488918 0.3663659096
0.7225362062 0.360785991

