0.5394733548 0.3533735275
0.5383861065 0.3515245616
0.5384844542 0.3497305512
0.5397815704 0.3476858139
0.5407664776 0.3447206616
0.5401105285 0.3361837268
0.5384976864 0.3304719925
0.5389073491 0.3264665604
0.5395150185 0.3206830025
0.5396854877 0.3134071827
0.5392343998 0.3052077293
0.5383871794 0.2970782518
0.5384305716 0.2906527221
0.5398375988 0.2849006057
0.5418781638 0.28097561
0.544210434 0.279825151
0.5475869775 0.2827444673
0.5498446226 0.2864980102
0.5523836017 0.2905836403
0.5546174049 0.2952270508
0.5574212074 0.3012468815
0.5621858835 0.3091403544
0.5673292875 0.317399323
0.5727877617 0.3249909282
0.5779500008 0.3311269581
0.5838858485 0.3374032974
0.5914624333 0.3434060216
0.5978188515 0.3475389779
0.6017911434 0.350651592
0.6033260822 0.3506044149
0.6054530144 0.350237906
0.6071248651 0.3486313522
0.6072788239 0.3451663256
0.6048876047 0.3388237357
0.6008623242 0.3289574385
0.599899888 0.320651114
0.5993424654 0.3121835589
0.5997095704 0.3017854095
0.6013149023 0.2933772504
0.6038294435 0.2861683071
0.6064202785 0.2794276774

0.517883122 0.325599432
0.513507843 0.3235261738
0.5075329542 0.31858477
0.5013842583 0.311560154
0.500556767 0.3012851477

