0.6555267572 0.2865693271
0.6549116969 0.2855237722
0.6547507048 0.2827787995
0.6550503373 0.2765927911
0.6539127827 0.269882232
0.6524075866 0.2635736465
0.6520958543 0.2591694295
0.6522972584 0.2544201314
0.6523869038 0.2491504848
0.6524077058 0.2431833595
0.6522981524 0.2387873083
0.6533315778 0.2363929302
0.6549716592 0.2357124388
0.6566940546 0.235645771
0.6593774557 0.2374943793
0.6623206735 0.2410506755
0.6651967168 0.2443876565
0.6688485742 0.2481065392
0.6738629937 0.2522638738
0.679294765 0.2565581203
0.684345901 0.2613230944
0.6904294491 0.2672557831
0.6965475082 0.2734642327
0.7032516003 0.2783546448
0.7090522647 0.2818085849
0.713529408 0.2852402329
0.7177088261 0.2886376977
0.7216035128 0.2915253937
0.7255740166 0.2938413918
0.7277120352 0.2919204831
0.7279157639 0.2875728607
0.7268576026 0.2822808623
0.7265044451 0.2772747874
0.7264815569 0.2721830904
0.726949811 0.2664218843
0.726687789 0.258186996
0.7263289094 0.2483454794
0.7261807323 0.2387748063
0.7271075845 0.2311301529
0.7294406295 0.2256047279
0.7311038971 0.2192452848
0.7317995429 0.2126875967
0.7315042019 0.2085042298

0.6343282461 0.2629889846
0.6294615269 0.2586947978
0.6263335347 0.2535230815
0.6202806234 0.2419174612
0.6094724536 0.2261152267

