0.674208045 0.920761466
0.6753833294 0.9208977222
0.6771359444 0.9213228822
0.6766357422 0.9185023904
0.6737247109 0.9122673869
0.6714578867 0.903791666
0.6705732346 0.8987776041
0.6713373661 0.8946758509
0.6717209816 0.8891808391
0.6709893942 0.8827288151
0.6703668237 0.8752132654
0.6702305079 0.8691523671
0.6703941226 0.8652389646
0.6718278527 0.8639808893
0.6731820107 0.8648898602
0.6745942831 0.8659541607
0.6769531965 0.8711392879
0.6801378727 0.8748623729
0.6848443151 0.8820964098
0.6908287406 0.8910493851
0.6981533766 0.9032917023
0.7080354691 0.9157816172
0.7156522274 0.9228503108
0.7212183475 0.9278985262
0.7273981571 0.9309293032
0.7310500145 0.9286388159
0.727884531 0.9146631956
0.7270122766 0.9028555751
0.7281898856 0.8898462653
0.7275556326 0.876294136
0.7258557677 0.8626946211
0.7264119983 0.8541835546
0.7270780206 0.8487923741

0.6430772543 0.8977245092
0.6456575394 0.8980956078
0.6453753114 0.8931944966
0.6403349638 0.8831849694
0.6338065267 0.8717805147

