0.6657743454 0.5546958447
0.6649585962 0.5523078442
0.6647529006 0.5487380028
0.6634759307 0.5432725549
0.6609967351 0.5365325809
0.6582397223 0.5295456052
0.6566785574 0.5240296125
0.6562138796 0.5185073018
0.6557580233 0.5117524266
0.6555165052 0.5057961941
0.6551283598 0.5006491542
0.6553387642 0.4965285063
0.6570771933 0.4954237938
0.6598234177 0.4974077642
0.6635353565 0.4996830821
0.6668152809 0.5033116341
0.6701404452 0.5073770881
0.674405694 0.5130527616
0.6795384884 0.5199485421
0.6859193444 0.5272338986
0.691190362 0.5327943563
0.6962746978 0.5385207534
0.7016550303 0.5444188714
0.7071486712 0.5503270626
0.7125039101 0.5555996895
0.7175436616 0.5589965582
0.7203395963 0.5603445768
0.7209854126 0.5588002801
0.7216339111 0.5563523173
0.7228101492 0.5548971891
0.7232786417 0.551789403
0.7229806185 0.5471865535
0.721794486 0.541211009
0.7211060524 0.5348566771
0.721775949 0.5296406746
0.7218807936 0.5245893002
0.7214677334 0.5185276866
0.7218471169 0.511931181
0.7223790288 0.5062113404
0.7239780426 0.5013127923
0.7246893644 0.4965892732
0.7254581451 0.4922280312
0.7260614634 0.4891894758
0.7260177135 0.4880884588

0.635874927 0.5313104391
0.6332248449 0.5274474621
0.6288924813 0.5206424594
0.6226922274 0.5126233101

