0.6507354379 0.9597869515
0.6544150114 0.8743069172
0.6544150114 0.8743069172
0.6545269489 0.8584787846
0.6545269489 0.8584787846
0.6551696658 0.8494617939
0.6570365429 0.8437179327
0.6612852812 0.8434355259
0.6641722322 0.8450914025
0.6662430167 0.8448895812
0.6688058972 0.8484991193
0.6723740101 0.8578951955
0.6769859791 0.8678497076
0.6813663244 0.8811970949
0.6853438616 0.8959667683
0.6900476813 0.9083476067
0.6960829496 0.9163194299
0.7017261386 0.9235136509
0.7056499124 0.9279551506
0.7096579075 0.9326236844
0.7136807442 0.9375665188
0.7162426114 0.93955338
0.7181837559 0.9388456345
0.7188888788 0.9361382723
0.7192043662 0.9309386015
0.7188494205 0.9180670977
0.7169436216 0.9016590714
0.7163075209 0.8901064396
0.7168430686 0.8795650005
0.7180004716 0.8694206476
0.7196492553 0.8611877561
0.7204610705 0.8536173105
0.7213622332 0.8485332131
0.7226775885 0.847060442

0.6371386051 0.8840176463
0.6344681978 0.8793370128
0.6318323016 0.8726992607
0.6239709854 0.8608412743
0.617293179 0.8473461866
0.612952888 0.8409104347

