0.7804459929 0.3168062568
0.777451396 0.3122048974
0.7775230408 0.3105359375
0.7783027291 0.3051331043
0.778439939 0.2962450087
0.7759755254 0.2865074873
0.7746868134 0.2788019478
0.776021421 0.2736474574
0.777084589 0.2677561045
0.7771880627 0.2614228129
0.7771673203 0.2573781312
0.7780607939 0.256046176
0.7800853252 0.2565367818
0.7837250829 0.2597681284
0.7878592014 0.2649416029
0.791977644 0.2697208226
0.7962371111 0.276958853
0.8010519743 0.2836591005
0.8060789704 0.2904055417
0.8124383688 0.2979329228
0.8190505505 0.3017632961
0.8230220675 0.3063638508
0.826225698 0.3109878302
0.8294882774 0.3138982058
0.833131671 0.3145471215
0.8340911269 0.3112158477
0.8320753574 0.30444327
0.8313283324 0.2992297113
0.8306084275 0.290961504
0.8319696188 0.2847398221
0.8328488469 0.2778056562
0.83311975 0.2689603567
0.8321657777 0.2612702847
0.8318536282 0.2553494573
0.8317344785 0.2515446246
0.8317943811 0.2499000728

0.7555398345 0.277699858
0.7480139136 0.2708278596
0.7399216294 0.2560982704
0.7370383143 0.2488399148
0.7352527976 0.2481394708

