0.8850157261 0.4050436914
0.8842215538 0.4013975263
0.8815951347 0.3934544921
0.8806891441 0.3848475218
0.8779544234 0.3737013638
0.8771261573 0.3653630614
0.878338933 0.3589352965
0.878418982 0.3515071273
0.8780934811 0.3453497291
0.8804366589 0.3439205587
0.8842667937 0.344907701
0.8894658089 0.3509687185
0.8950924277 0.3570536077
0.9012790918 0.3632031083
0.9105668664 0.3717845976
0.9212346673 0.3825828433
0.9334102869 0.3953478932
0.9413856268 0.4044270515
0.94457376 0.4076713622
0.95135355 0.4122346044
0.9551540017 0.411582917
0.9519513845 0.4021805525
0.9499535561 0.3973396719
0.9484884739 0.3915757537
0.9451383948 0.3796195984
0.9412522316 0.3700751066
0.9411735535 0.363114059
0.9426686168 0.3529554904
0.9415270686 0.3442715108
0.9409257174 0.3379592597

0.8591325283 0.3700846434
0.8544739485 0.368848294
0.848806262 0.3615147471
0.8399801254 0.3483802378
0.8329111338 0.3412991762
0.8282659054 0.3383287489

