0.6442826986 0.3713007569
0.6452336311 0.3718153536
0.6476889849 0.3692212701
0.6469475031 0.3613470197
0.6450082064 0.3553786278
0.6442853808 0.3501770794
0.6444191337 0.3450641036
0.6450330019 0.3411995769
0.6456545591 0.3368145227
0.6463075876 0.3315755129
0.6461194158 0.3263687789
0.6464343071 0.3213966787
0.6469797492 0.3182137012
0.648697257 0.3172042668
0.6510044932 0.3190514445
0.6535099149 0.3230774403
0.656398356 0.328211844
0.659111321 0.3315961957
0.661568284 0.335842073
0.6655598879 0.3412745595
0.6699129939 0.3479419351
0.674046278 0.3550163209
0.6786555648 0.3611888885
0.683591783 0.3667083681
0.6885817647 0.3715123534
0.6927758455 0.3748661578
0.6959213018 0.3772059679
0.6988632679 0.3797186613
0.7020177245 0.3818584681
0.7044424415 0.3825411797
0.7054764032 0.380749464
0.7059790492 0.378115207
0.7047327161 0.3717339039
0.7051231265 0.3661788106
0.7064064145 0.3603267968
0.7063442469 0.3538618684
0.7069747448 0.3474897146
0.7073751092 0.340472281
0.7076388597 0.3328794241
0.7084564567 0.3261782527
0.7092652321 0.3203953505
0.7099677324 0.3166728914
0.7099965811 0.3151655495

0.6268091798 0.3467125893
0.6232901812 0.343403846
0.619567275 0.3383661211
0.6153719425 0.3336371779
0.6110768318 0.3304736614

