0.7385222912 0.6163041592
0.7411612868 0.6165570021
0.7463737726 0.6186779141
0.7496795058 0.6201189756
0.7523530722 0.6186065078
0.7598509789 0.6201656461
0.7676340938 0.6205329299
0.7727531195 0.6168158054
0.7773242593 0.6115862131
0.7807765603 0.6071384549
0.7801584601 0.600827992
0.7768418789 0.5944251418
0.7734110355 0.5916877389
0.7686322331 0.5882999301
0.7618592381 0.5852220058
0.7564607859 0.583147943
0.7522726655 0.5825690627
0.7486435771 0.581643343
0.7459146976 0.5785520673
0.7454595566 0.5778734088
0.7470151186 0.5793149471
0.7502133846 0.5791943073
0.7540478706 0.5788066387
0.7617050409 0.5795958042
0.7688059211 0.5804775953
0.7766773701 0.58231318
0.785441339 0.5836266279
0.7930564284 0.5843606591
0.8016314507 0.5852587223
0.8092665672 0.5878264904
0.8151809573 0.5932715535
0.8208942413 0.5972491503
0.8256120682 0.6022273302
0.8280570507 0.6079194546
0.8304284811 0.6165394783
0.8308331966 0.6223285198
0.8296967149 0.6262548566
0.8272724152 0.6297609806
0.8215748668 0.6298873425
0.8143981695 0.627961874
0.8072351217 0.6235803962
0.8005949259 0.6177449822
0.7933683991 0.6083700061
0.7871767282 0.598002255
0.7839844823 0.5873019695
0.781345129 0.5772402287
0.7800034285 0.5696766376
0.7787716389 0.5623936653
0.7787927389 0.5559907556

