0.6450469494 0.5023120642
0.6482504606 0.500454545
0.6511096954 0.4972792566
0.6575835943 0.4982076883
0.6626363993 0.497071594
0.6651084423 0.495069921
0.6633684635 0.4906335175
0.6605877876 0.4866256118
0.6559638977 0.4824032187
0.6502034664 0.4800325036
0.6460544467 0.478210777
0.6445755363 0.4772276282
0.6439935565 0.4768818021
0.6461212039 0.476765871
0.649851203 0.4763433039
0.6549035311 0.4766604304
0.663500309 0.4785307944
0.6705294847 0.4790489376
0.6774955988 0.4791575074
0.6866972446 0.4821867645
0.6963540912 0.487267673
0.7012529969 0.4918097854
0.7049072385 0.4962179661
0.7077183723 0.5008457303
0.703502357 0.5029373765
0.697474122 0.5046868324
0.6925917864 0.5043997169
0.6863777637 0.4990780652
0.6791390181 0.4905792177
0.6736962795 0.4836139977
0.6702375412 0.4747726321
0.6659750938 0.4659046531
0.6630855203 0.4576230049
0.6596701145 0.4502492249

