0.748385489 0.3240299225
0.7506227493 0.3246431649
0.7548843622 0.322468996
0.7619251013 0.3215363026
0.769970417 0.3232032955
0.777492702 0.3248577714
0.7843593359 0.3221589625
0.7887477875 0.3168448806
0.7910704017 0.3121184409
0.7896689177 0.3068395853
0.7843114138 0.300670743
0.77781564 0.2954544425
0.769143343 0.2914178371
0.7611755133 0.2896757424
0.7544947863 0.2891375422

0.7701857686 0.2945974171
0.7789286375 0.2963951826
0.7881191373 0.2985272408
0.7988222837 0.3003045917
0.8094761968 0.3024761379
0.8189463019 0.3057176471
0.8272737861 0.3098075092
0.8338717222 0.3151350617
0.8380721807 0.3210716546
0.8390861154 0.327737689
0.8381078243 0.3344857693
0.8350585103 0.3375726044
0.8294810653 0.3363668323
0.8231099248 0.3322892189
0.8173870444 0.326987803
0.8124879003 0.3199905455
0.8076691031 0.312002331
0.8046191931 0.3042929769
0.8019180298 0.2957344353
0.800118804 0.285838753
0.7993125916 0.2787239254

