0.5405074358 0.5558793545
0.545527637 0.5566544533
0.5553966761 0.5587525368
0.5630733967 0.5588145256
0.5709061623 0.5570709705
0.5777460337 0.5549730659
0.5809698701 0.5510641932
0.5779747963 0.5457105041
0.5718052387 0.5389428735
0.5618537664 0.5320816636
0.5528496504 0.5259923935
0.5441877246 0.5230423212
0.5397074223 0.522564292
0.5377931595 0.5223902464
0.5394687653 0.5217498541
0.5493678451 0.5252764225
0.559340477 0.5280846953
0.5697811842 0.5300965309
0.5800197124 0.5328583717
0.5912439823 0.5359504223
0.6022405624 0.5408286452
0.6117025614 0.5478931665
0.6185782552 0.5548259616
0.6216367483 0.5604398251
0.6214027405 0.5657340884
0.6166352034 0.5701252222
0.6122785807 0.5718740821
0.6024296284 0.5657359362
0.5927962661 0.555870831
0.5867256522 0.5457324982
0.5838660002 0.5376212597
0.579890132 0.5286784172

