0.8631506562 0.8661782146
0.8674830198 0.8698428273
0.8722691536 0.8691442609
0.8750860691 0.8666493297
0.8814182281 0.8666632175
0.8895833492 0.8666203618
0.8954474926 0.863222599
0.8997448087 0.8606930971
0.9019733071 0.8572295904
0.9002555609 0.8530795574
0.8941876292 0.8489866257
0.887324214 0.8453383446
0.8803533912 0.8420261145
0.8734765053 0.8391827345
0.8674407005 0.837248683
0.8637049198 0.8361234665
0.8619576693 0.8353112936
0.8624893427 0.8355052471
0.8652882576 0.8358037472
0.8703855872 0.8362156153
0.8778595924 0.8370729685
0.8872250319 0.8380624652
0.896130085 0.8389561176
0.9060273767 0.8412129283
0.920404911 0.8439904451
0.9353018999 0.8472861052
0.9457436204 0.8504686952
0.9556661248 0.8560944796
0.9582790732 0.8751910329
0.9507624507 0.8753893375
0.939016819 0.8713390827
0.9284695387 0.8646654487
0.920383811 0.8575816154
0.9125708342 0.8489233255
0.9060646296 0.8409021497
0.9037896395 0.8333147764
0.9011541605 0.8262494802
0.898039937 0.8212234974

