0.7454810143 0.7166129351
0.7485205531 0.7189006805
0.75537467 0.7229571342
0.7579008341 0.7230688334
0.7604253292 0.7229059935
0.763107121 0.7224550843
0.7685979605 0.722428441
0.7685979605 0.7224285007
0.7753477693 0.7234395146
0.7804626822 0.720066905
0.780156076 0.7128373384
0.7779278755 0.7068859935
0.7740249038 0.7029227614
0.7658465505 0.6983624101
0.7576452494 0.6949020028
0.7499575615 0.6934448481
0.7451660633 0.692886591
0.7428810596 0.6915462017
0.7436317801 0.6919724941
0.7477724552 0.69264853
0.7528895736 0.692688942
0.7598237991 0.6931658387
0.7678048015 0.695194304
0.7776356936 0.6978423595
0.7883066535 0.7013466358
0.7989230752 0.7057195306
0.8071389198 0.7129737139
0.8135541081 0.7195247412
0.816295445 0.7263063192
0.8162634969 0.7328777313
0.8139642477 0.7356907129
0.8091199398 0.7347416282
0.8029219508 0.7312600613
0.7978295088 0.7261054516
0.7926589251 0.717895329
0.788472414 0.7072522044
0.7861233354 0.6972885132
0.7853013277 0.687384963
0.784784317 0.6790797114

