0.5373427868 0.4504598379
0.5415830612 0.4559796751
0.5496222377 0.4568985999
0.5552529097 0.4559800327
0.5600845814 0.4538773894
0.5642113686 0.4522691071
0.5669004917 0.4480537772
0.5657459497 0.4425338209
0.5637996793 0.4374320209
0.5601986647 0.4335047305
0.5548279285 0.4300624132
0.5481844544 0.4281909466
0.5412907004 0.4287203848
0.5369195342 0.4269023836
0.5362623334 0.4253947735
0.5383749008 0.4237636626
0.5429785848 0.422944665
0.548835516 0.4235023558
0.5560458302 0.4243223667
0.5636817813 0.4270133376
0.5727256536 0.4301279187
0.582015872 0.4343357086
0.5901824832 0.4393694997
0.5958859324 0.4457229674
0.5988956094 0.4509070814
0.5967478752 0.4547069073
0.5934394598 0.4579977095
0.5894398689 0.4611748457
0.5815264583 0.4571870863
0.5756776333 0.4491352439
0.570714891 0.439573735
0.5656204224 0.4283325374
0.5618072152 0.4185106754
0.5592017174 0.4099014997

