0.7841247916 0.8138959408
0.7840863466 0.8135339022
0.7854276299 0.8128579855
0.7871572375 0.8129309416
0.7887700796 0.8128994703
0.7907357216 0.8132500052
0.7951643467 0.8139200211
0.7977103591 0.8143930435
0.8007774949 0.8148964047
0.8041766882 0.8154627085
0.8072518706 0.8154481649
0.810744524 0.814953804
0.8156321049 0.8130589128
0.8181053996 0.8076524734
0.8181053996 0.8076524734
0.8191534877 0.8038351536
0.8160227537 0.7994166613
0.8105262518 0.7947634459
0.8044348955 0.7910325527
0.7976644635 0.7877839804
0.7912234068 0.7850987911
0.7856574059 0.7833610177
0.7817052603 0.7823860049
0.7795741558 0.7816460133
0.7801760435 0.7818364501
0.7827332616 0.7825727463
0.7869173288 0.7839611769
0.7923055887 0.7852157354
0.80014956 0.7866119146
0.8091625571 0.7885340452
0.8198886514 0.7901946306
0.8308976889 0.7920110226
0.8428554535 0.7947844863
0.8549411297 0.799336791
0.8646143079 0.8052809238
0.8706432581 0.8115684986
0.8738664389 0.8181111813
0.8726709485 0.8240936995
0.8710161448 0.8299584985
0.8656989336 0.8313496113
0.8588648438 0.8295634389
0.8517308235 0.8250237107
0.8456715345 0.8197253942
0.8393933177 0.811639607
0.8351899385 0.8040556312
0.8319814205 0.7959153652
0.8291228414 0.7873226404
0.8269520402 0.7789942622

