0.6562011242 0.8635866046
0.6588631868 0.8638700247
0.6655493975 0.8653004169
0.6709033847 0.8658490181
0.674993515 0.8625965118
0.6799836159 0.8594056368
0.6836061478 0.8567588925
0.6835130453 0.8527429104
0.6817449331 0.8480962515
0.6791739464 0.8437945247
0.6737443805 0.8396967649
0.6671550274 0.8358409405
0.6609393358 0.8327860236
0.6567205787 0.8304576874
0.653862834 0.8291557431
0.6523153782 0.828468442
0.6538770199 0.8283116817

0.6646125913 0.8292088509
0.6712382436 0.8304373622
0.6799797416 0.8322402239
0.689402163 0.8343850374
0.6977106333 0.8381587863
0.7061054707 0.8436849713
0.7134628296 0.851007998
0.7183689475 0.8582814932
0.7213517427 0.8645478487
0.7220330238 0.8688359261
0.718296349 0.8692988157
0.7105979919 0.86632061
0.7053102255 0.8621172309
0.7003670931 0.8551401496
0.695499301 0.8460787535
0.6917210817 0.8357326984
0.6886666417 0.8256569505
0.6866905093 0.818103075

