0.603751123 0.7878735065
0.607431829 0.7892237902
0.6113913059 0.7891861796
0.6146219373 0.7886588573
0.6188587546 0.7894580364
0.6257186532 0.7910955548
0.6332427263 0.7916043997
0.6396433115 0.7919326425
0.6466056108 0.7922213674
0.6537262797 0.793032527
0.65926373 0.7938758135
0.6638653874 0.794724524
0.6667752266 0.7946434021
0.6683769822 0.7944988012
0.6691409349 0.795070529
0.6676225662 0.7946174741
0.6650879979 0.7924343348
0.6607099771 0.787956357
0.6566756964 0.7849601507
0.6525685787 0.782654345
0.6482474208 0.7797888517
0.6446864605 0.7746134996
0.6422570348 0.768909812
0.6418863535 0.7631677389
0.6424530745 0.758364737
0.6447666883 0.7555462122
0.6489909887 0.7551385164
0.6546720266 0.7558845878
0.6589190364 0.7579467893
0.6632707715 0.762358129
0.6669206619 0.7702665329
0.6686889529 0.7770754695
0.668885231 0.7830998898
0.6673747301 0.7869529128
0.6640101075 0.7886048555

