0.7314102054 0.2948130667
0.7359186411 0.2942063212
0.7409110069 0.2922173142
0.7494478226 0.2925895452
0.7605622411 0.2952257395
0.7706098557 0.2961139083
0.7817538977 0.2963599563
0.794103086 0.2984566689
0.8034616113 0.2996821702
0.8117573261 0.2996692061
0.8180241585 0.3001018167
0.821543932 0.3009827733
0.8175384998 0.2991266847
0.8134463429 0.2973718941
0.8080103397 0.2957414687
0.8009474277 0.2927616239
0.7939938307 0.2881368697
0.7890422344 0.2832963467
0.7852830887 0.2789421976
0.7829588652 0.2739756405
0.7830423117 0.2694493532
0.7866911888 0.2658429444
0.7917336822 0.2626210749
0.798183322 0.2609922886
0.805801034 0.2619065344
0.8132698536 0.2668152153
0.8177412748 0.2728926241
0.8200790882 0.2808598578
0.8221960068 0.2879680693
0.8194719553 0.2930142879
0.8168923855 0.2963190675

