0.6017458439 0.2656360865
0.6089985371 0.2688043118
0.6168513298 0.2680893838
0.6290531754 0.2700443864
0.6433875561 0.2754385173
0.6540287733 0.2782299817
0.6619390845 0.2786268592
0.6644043326 0.2757176757
0.6622052193 0.2732096612
0.6562885046 0.2680254281
0.650706768 0.2607569098
0.6452694535 0.2508086562
0.6440659165 0.2406135201
0.6483448744 0.2343192399
0.6569125056 0.2341589481
0.6674601436 0.2364366204
0.675190568 0.242314592
0.6801044941 0.2498090565
0.6806190014 0.2571393251
0.6784228683 0.2627100348
0.6735143065 0.2666126788
0.6661100388 0.2674704194

