0.8284256458 0.6780565977
0.8314017057 0.6772415042
0.836497426 0.6769413352
0.8428318501 0.6774948835
0.850214541 0.6780004501
0.860899806 0.6801568866
0.8704661131 0.6815812588
0.8792145252 0.6824987531
0.8887504339 0.6834836602
0.8971834779 0.684880197
0.9028645754 0.6856344938
0.9064608812 0.6857007742
0.9093352556 0.6861119866
0.9091143608 0.6860969663
0.9048825502 0.6851279736
0.9004519582 0.6836875677
0.8955453634 0.6821880937
0.8891065121 0.6793460846
0.882445097 0.6760830879
0.8772798181 0.6729274988
0.8727234602 0.669244647
0.8698983192 0.6650271416
0.8693572283 0.6608722806
0.8711795807 0.6571947932
0.8748562932 0.6537125707
0.8805187345 0.6509830952
0.8897664547 0.6504003406
0.8973793983 0.6507791281
0.9027371407 0.6538561583
0.9064490199 0.6611941457
0.9077888727 0.6683031321
0.9064680338 0.6746213436
0.9021171331 0.6806941032
0.8969408274 0.6844068766
0.8912989497 0.6841411591

