0.5000500679 0.6225479841
0.5004051924 0.6220544577
0.5025960207 0.6211305261
0.5068147182 0.618866086
0.5125472546 0.6190137863
0.5206324458 0.6207421422
0.5305675864 0.6206192374
0.539632678 0.6212242246
0.5481719971 0.6204152107
0.5560768843 0.6212437153
0.5616465807 0.6216664314
0.5670153499 0.6222771406
0.570391655 0.623686552
0.5715283155 0.6233615875
0.5691721439 0.622484684
0.5651707053 0.6222275496
0.5597086549 0.6195508242
0.553154707 0.6152387261
0.5473817587 0.610940218
0.5421087742 0.6055068374
0.5388607979 0.600235045
0.5369316339 0.596167326
0.5380972624 0.5925946832
0.5405797958 0.5894873738
0.5449604392 0.5876845121
0.5513664484 0.5869032145
0.5587227345 0.5884032249
0.5649931431 0.591362536
0.5691870451 0.5958366394
0.572283566 0.6014420986
0.5737612247 0.6086958647
0.5709079504 0.6153630614
0.5685117841 0.616956234
0.5645594001 0.6182276011

