0.7075548768 0.8561167717
0.7111625075 0.8565488458
0.7146328092 0.855583787
0.7197930813 0.8552940488
0.7263814807 0.856831193
0.7340911627 0.8581858873
0.742372036 0.8587679863
0.7509405017 0.8588846922
0.7589712143 0.8600862026
0.7658141851 0.8616061211
0.7698409557 0.8623295426
0.7712732553 0.8620717525
0.7705183625 0.8624389172
0.7684571743 0.8619913459
0.7651268244 0.8598887324
0.7612661123 0.8562784791
0.7584228516 0.8523458838
0.7563520074 0.8474014997
0.7553710938 0.8420767784
0.7555977106 0.8369588852
0.7567557693 0.832105279
0.7589117289 0.8282874227
0.7627763748 0.8274399042
0.7670114636 0.8284287453
0.7712599039 0.8310075998
0.7747248411 0.8362988234
0.7774716616 0.8450500369
0.7789473534 0.8522937298
0.7783258557 0.8576237559
0.7754901052 0.8611514568
0.7704064846 0.8616042137

