0.5134422183 0.7702932358
0.5142602921 0.7722126245
0.5172860622 0.7709437609
0.5192482471 0.7699607015
0.5240202546 0.77129215
0.5308302641 0.7732346058
0.5384602547 0.7742919326
0.5448414683 0.7742769718
0.5541080832 0.7767592669
0.5615329742 0.7786385417
0.5667315125 0.7779935598
0.5689949989 0.7771108747
0.5703405738 0.7770653963
0.5690300465 0.776101768
0.5654855967 0.7731798887
0.5613705516 0.7707915306
0.5573427677 0.7681080699
0.5533376932 0.7639837861
0.5503380895 0.7597180605
0.5497549772 0.7551586032
0.5519095659 0.7503483295
0.5556952357 0.7470228076
0.5605779886 0.7459368706
0.5671153069 0.744551301
0.5729835033 0.7459701896
0.5769830942 0.7497630715
0.5788464546 0.7553146482
0.5790462494 0.7621310949
0.5777651668 0.7690390348
0.576023519 0.7735866308
0.5717105269 0.7748877406

