0.5274153948 0.4378799796
0.5306458473 0.4424186647
0.5287151933 0.4430035353
0.5285370946 0.4447315633
0.5302670598 0.4513793588
0.5285959244 0.4571829438
0.5273935795 0.4606328607
0.5259871483 0.4657568634
0.5247946978 0.4701734185
0.5236309767 0.4715893269
0.5228943825 0.4724657536
0.5232425332 0.47304371
0.5253097415 0.4742293954
0.5289145112 0.4740880132
0.5328161716 0.4736725688
0.53886801 0.4753373861
0.5446569324 0.4755679071
0.549869597 0.4758014977
0.554597497 0.4763715863
0.5580517054 0.4778693616
0.5594575405 0.4770819247
0.5607663989 0.475895077
0.5610570312 0.4731346667
0.5610536933 0.4698148966
0.5613692999 0.465338558
0.5630069375 0.4600096047
0.5652925372 0.4551983178
0.5687879324 0.4510192573
0.5723484755 0.4488936663
0.5760453343 0.4497862756
0.5795937181 0.4527469277
0.5837582946 0.4563233852
0.5866539478 0.4615581036
0.5902732015 0.4698907137
0.5916148424 0.4793650508
