0.5491272211 0.2194682062
0.5464775562 0.2168070227
0.5464775562 0.2168070227
0.5430588722 0.2139519602
0.5378153324 0.2096527517
0.5291597247 0.2023623139
0.5180871487 0.1943739504
0.5073217154 0.187322095
0.5010436773 0.1830344945
0.5007471442 0.1804100722
0.5014064312 0.178973943
0.5080804825 0.1809867918
0.5151768327 0.1818275601
0.5251945257 0.1825333983
0.538084209 0.1834147722
0.5504673123 0.185439378
0.561055541 0.1863401234
0.5693600178 0.18802616

0.5858898759 0.2157858908
0.5852625966 0.2110373676
0.5827490091 0.205968231
0.5818400979 0.1980023384
0.5797303915 0.186848104
0.5783998966 0.1760064065
0.5785474181 0.1648815125
0.5792205334 0.1559046507
0.5805051327 0.1480011344

