0.7583185434 0.9109648466
0.7554248571 0.9105628729
0.7537533045 0.9106752872
0.7501495481 0.9087181687
0.7455595136 0.9061924219
0.7401308417 0.9017492533
0.7347593307 0.8984889984
0.7310916781 0.8960907459
0.7280495167 0.8943440914
0.7244117856 0.8923231363
0.7201736569 0.8893067837
0.7172139883 0.8868496418
0.7167779207 0.8850882649
0.7174680233 0.8842551112
0.7197643518 0.8834543228
0.7231868505 0.8822089434
0.7263145447 0.8813470006
0.7322313786 0.8811264038
0.7403740883 0.8798253536
0.7481536865 0.8788387775
0.7566203475 0.878932476
0.7656491995 0.8798536658
0.7749636769 0.8802270293
0.783536911 0.8797806501
0.7892760634 0.8799580336
0.7944331765 0.8792831302
0.7976123095 0.8788864017
0.7996286154 0.8809577227
0.7998259068 0.8841632009
0.7990278006 0.8870484829

0.8046214581 0.9166142344
0.8036135435 0.9120295048
0.8038342595 0.9040887952
0.8038105965 0.8979479671
0.8026721478 0.8882595897
0.8005349636 0.879445076
0.7988556623 0.8710404634
0.7977409959 0.8605656028
0.7969499826 0.8512918949

