0.8991841078 0.5106058717
0.9023583531 0.5111507773
0.9040573835 0.5105445385
0.9007973671 0.5064501166
0.8941921592 0.502453208
0.885920763 0.4985241294
0.8773490787 0.4951540232
0.8683286905 0.4918369949
0.8573781848 0.4871786833
0.8482446671 0.4834251106
0.8393307924 0.4800110757
0.8344526291 0.4783294201
0.8319148421 0.4781904221
0.8307309151 0.4774358869
0.8344717026 0.4765807986
0.8377448916 0.4755758643
0.8445233107 0.474663645
0.8511101007 0.475202024
0.8590018749 0.4761295617
0.8693035841 0.4772316813
0.8800215721 0.4775900245
0.8916851878 0.4781506062
0.9018167853 0.4796837568
0.9112787843 0.4819490314

