0.5674731731 0.6314053535
0.5667153597 0.6324215531
0.5645034909 0.6288999319
0.5591679215 0.6246744394
0.5536694527 0.6199976206
0.5487052202 0.6161446571
0.5423797369 0.6105977297
0.5344210863 0.6033819914
0.5237939358 0.5964932442
0.5160304904 0.5921339989
0.5105409026 0.5885248184
0.5058071613 0.5847502947
0.5032394528 0.5838298202
0.5021086931 0.5835243464
0.5059461594 0.5848073363
0.5120462179 0.5846358538
0.5201902986 0.5849456787
0.5263206959 0.5871038437
0.5333276391 0.589177072
0.5429280996 0.5919269323
0.5545244813 0.5926032066
0.562395215 0.5925343037
0.5703469515 0.59296
0.5779473782 0.5945962667
0.5854576826 0.5964058638
0.5921024084 0.5977290869
0.5955899358 0.5988518

0.6073302031 0.637614727
0.6036311984 0.6323679686
0.6034247279 0.6271426082
0.6044031382 0.6192117929
0.603484571 0.6103351116
0.6020041704 0.6014389396
0.6024643183 0.5918976068
0.6029372215 0.5834251046
0.6041645408 0.5755984187

