0.5652893186 0.2545988262
0.5660550594 0.2548429072
0.5629243255 0.251617521
0.5573130846 0.2456973493
0.5522536635 0.2422081977
0.5476972461 0.2389340103
0.5408859253 0.235718742
0.5338537693 0.2315069586
0.5255886316 0.2268032134
0.5177852511 0.2221782506
0.5110740066 0.2197944522
0.506596148 0.2180713117
0.5028852224 0.2163025886
0.5024781823 0.2145369798
0.5047826171 0.2127107829
0.5083364248 0.212427631
0.5134079456 0.2132190764
0.5189051032 0.2137675434
0.5256671309 0.2133005708
0.5328035951 0.2137082815
0.5410177112 0.2159411162
0.5491853356 0.2173954844
0.5582535863 0.2184871882
0.5678235292 0.2206863016
0.5772627592 0.2226513624
0.5838108659 0.2240283936
0.5887183547 0.2253988981
0.592476964 0.2257095575

0.5983482599 0.2466230392
0.5984545946 0.2422257066
0.5993478894 0.2362327874
0.6000027657 0.2290503979
0.5986092091 0.2210447192
0.5965349078 0.2124701142
0.5964227915 0.2050071806
0.5962584019 0.1980661154

