0.6677290797 0.9120007753
0.6631048322 0.9057862163
0.6589863896 0.9016023874
0.6537635326 0.8964567184
0.6470328569 0.8910564184
0.6404613853 0.8857918978
0.6324133873 0.8801809549
0.6260743737 0.876517117
0.6212531328 0.8729444742
0.6176851392 0.8700100183
0.6169471741 0.8684216142
0.6173674464 0.8670811653
0.6186081171 0.866648078
0.6243968606 0.8671529293
0.6306071877 0.8676588535
0.6356999874 0.8679464459
0.6428831816 0.8683529496
0.6506682038 0.8683828115
0.658400178 0.8689563274
0.6684522033 0.8692317605
0.6775466204 0.870311439
0.6856150627 0.8713458776
0.6929321289 0.8719953299
0.6986272335 0.8725565076
0.7014001012 0.8728834391

0.6998850703 0.9114403725
0.6990377307 0.9030075073
0.6980741024 0.8931990862
0.6993814111 0.8840794563
0.7014612556 0.8756432533
0.7015272975 0.8678849339
0.7017487288 0.8580984473
0.7025672197 0.8474951386

