0.7873543501 0.1544685662
0.7851164341 0.1531863809
0.7849270701 0.1505663544
0.7821906209 0.1456536651
0.7745941281 0.138310343
0.7684128284 0.1336449683
0.7630771995 0.1308269948
0.7565413713 0.1272268295
0.7497169971 0.1223680303
0.7433695793 0.1172247455
0.7369920015 0.1131508797
0.7320619226 0.1095553637
0.7300981283 0.1077222973
0.7300070524 0.1064942181
0.7337307334 0.1066855267
0.7375527024 0.1069302633
0.7447855473 0.1085482985
0.7545744181 0.1117295474
0.7637190819 0.1144531369
0.7733537555 0.1159977689
0.7838816643 0.1169066504
0.7948693633 0.1183947101
0.8051207066 0.1201415583
0.813377738 0.1219682544
0.8188960552 0.121729441

0.8293523192 0.1620131731
0.8301477432 0.1581178308
0.831217885 0.1542238891
0.831408143 0.1469132751
0.8299114704 0.1364506632
0.8282421827 0.120007433
0.8278703094 0.1051921695
0.828776896 0.09233768284
0.8318144083 0.07755711675

