0.5645386577 0.1728189439
0.5615149736 0.1703499109
0.5580685139 0.1677488983
0.5527693033 0.1639365554
0.5456365347 0.158302784
0.5345665216 0.1496426612
0.5252904296 0.1449599266
0.5174090266 0.1423212886
0.5117578506 0.1393525451
0.5112416148 0.1350302845
0.5100640655 0.1317814738
0.5107855201 0.1314081252
0.514695406 0.132707119
0.5185353756 0.1330455989
0.5233080983 0.1323210001
0.5302422643 0.1322625875
0.536855638 0.1337482035
0.545088172 0.1362618357
0.5543848872 0.1378457993
0.5602464676 0.1382135153
0.5681754351 0.139378503
0.5750659704 0.14166224
0.5820628405 0.1430144161
0.5874274373 0.143768549
0.5898656845 0.1442375928

0.5971761346 0.1645109951
0.5967985392 0.1579691023
0.5961158872 0.149867177
0.5915259719 0.1393419206
0.5886347294 0.1295397729
0.5860881805 0.1193267405
0.5833978653 0.1073131412

