0.8751754761 0.2258391678
0.8739846349 0.2230191082
0.8699569106 0.2188117653
0.8649701476 0.2163288593
0.8578379154 0.212446779
0.852219224 0.2098508477
0.8470928669 0.2080814689
0.841727972 0.206327796
0.837069571 0.204914093
0.8330513239 0.2036883831
0.8300250173 0.2023714632
0.8274352551 0.2010582834
0.8270648122 0.2001830488
0.8272442222 0.1994132102
0.8290609717 0.1987337768
0.8312137127 0.1981582195
0.834274292 0.1978551894
0.8384046555 0.1982579678
0.8438830376 0.1993803084
0.8507803679 0.2005515248
0.8589110374 0.20192644
0.8665288687 0.2033058554
0.8749819398 0.2044695914
0.8829169869 0.205696553
0.8913027048 0.2071566582
0.8983926773 0.2089669108

0.909511745 0.2258387357
0.9099220037 0.221776098
0.9116841555 0.2131726295
0.9123595953 0.2044598758
0.9088621736 0.1927827001
0.907381773 0.1816408932

