0.9107413888 0.9151661992
0.9022468328 0.9030582905
0.8937232494 0.893055439
0.8882693648 0.8824651837
0.8787331581 0.8726203442
0.865213573 0.8662031889
0.8546882868 0.8616709709
0.8455888629 0.8587071896
0.8402096033 0.8562210798
0.8403229713 0.8553576469
0.8474620581 0.8564946651
0.8572218418 0.8552176356
0.8645438552 0.8550097346
0.8765920401 0.8567034006
0.8961414099 0.8619827628
0.9098961949 0.8645415902
0.9211001992 0.8657089472
0.9335961342 0.8666369319
0.9370788932 0.8652443886
0.9311777353 0.8652843833

0.9386101961 0.8879358172
0.9348013997 0.8796033859
0.9329772592 0.8684928417
0.9260517359 0.8559850454
0.9230601192 0.8466840982
0.9229912162 0.8388643265
0.9248825312 0.8329356313
0.9261878729 0.8280621767

