0.5476416349 0.1615127474
0.5436295271 0.1573461294
0.5381582379 0.1496052593
0.5333564281 0.1444360763
0.5296812057 0.1410256773
0.5267537832 0.1379541606
0.5222662091 0.1348223686
0.5184854269 0.1319163442
0.5156959891 0.131490171
0.516340971 0.1326517761
0.5181147456 0.1320104301
0.5231972337 0.1318155229
0.5285527706 0.1311313212
0.5351049304 0.1321371049
0.5443401337 0.1337344348
0.5524716973 0.134215489
0.5596050024 0.1332209408
0.5671399236 0.1329324841
0.5757827759 0.1333434433
0.5820772648 0.1353029907
0.5840114355 0.1367524415
0.5861350894 0.1379209161

0.5859038234 0.1588502079
0.5880617499 0.1512569487
0.5888739228 0.141253978
0.586848855 0.1298301667
0.584936142 0.1176357493
0.5837676525 0.1061370373
0.5833061934 0.09753367305
0.5836954117 0.08938643336
0.5846772194 0.08073057979
0.5855778456 0.07277654111

