0.6802437305 0.5362548232
0.6778082848 0.5330203772
0.6739712954 0.528737843
0.6687701941 0.525065124
0.6600362062 0.5190783739
0.6525546908 0.5136839747
0.6451210976 0.5095897317
0.638222158 0.5054453015
0.6320539713 0.5015628934
0.6281154156 0.4983598888
0.6257433891 0.4957997203
0.6252262592 0.4942090809
0.6260215044 0.492600441
0.6286867857 0.4917153418
0.6323705912 0.4910424352
0.6375056505 0.4909175038
0.6438059807 0.4909401238
0.651044488 0.4911567867
0.658064127 0.4911467731
0.6664357185 0.4918575585
0.6763300896 0.493168056
0.6859528422 0.4941722155
0.6958738565 0.4948310554
0.7041789293 0.4944028556
0.7118638158 0.4942031503

0.7199403644 0.5215362906
0.7205244303 0.5182440281
0.7201042175 0.5132733583
0.7186695933 0.5043520331
0.717420876 0.4954167902
0.7170898318 0.48556903
0.717320323 0.4752245843
0.7171629667 0.4658557177
0.7172726393 0.4569393694

