0.7597731948 0.7512961626
0.7610201836 0.7532333732
0.7622261643 0.754843235
0.7636521459 0.7563108206
0.7654338479 0.7581176758
0.7687603235 0.7611070871
0.7705558538 0.7630220652
0.7723890543 0.7648364305
0.7750397921 0.7673819065
0.777471602 0.7694649696
0.7828447819 0.7736535072
0.7895488739 0.7767773867
0.7895488739 0.7767773867
0.7956886888 0.7786763906
0.8021583557 0.7795429826
0.8088234663 0.7788292766
0.8148936033 0.776563704
0.8209224939 0.7734454274
0.827124238 0.7707961798
0.8334379792 0.7683566809
0.8393137455 0.7660493255

