0.5348081589 0.4185316861
0.5337283611 0.4158306718
0.5336434245 0.4094357789
0.5328387618 0.4039922357
0.5312004089 0.3982897997
0.5325869322 0.3945223987
0.5335675478 0.3899888396
0.5306991339 0.3824938834
0.5291813612 0.3757292926
0.529595077 0.372811228
0.5299196243 0.3702185154
0.5307363868 0.367390424
0.5315886736 0.3670300841
0.5357658863 0.3687405586
0.5385753512 0.3695465326
0.5422847271 0.3725713491
0.5491726398 0.3779354393
0.5555041432 0.3831617832
0.5603907108 0.3856799603
0.5687733293 0.3918710053
0.5779155493 0.3988932371
0.5829041004 0.4025478065
0.5872072577 0.4061411917
0.5932819843 0.4087209105
