0.6478050947 0.7967548966
0.6450206041 0.8005832434
0.6409624815 0.804561615
0.6386207938 0.8103044033
0.6405479312 0.8158568144
0.6411552429 0.8194189072
0.643540144 0.8249725103
0.6471683979 0.8311846256
0.6527138948 0.8355743885
0.6577998996 0.8373115063
0.6632279158 0.8361616135
0.6659821868 0.8347586989
0.6686012745 0.8309918642
0.6733672023 0.8265434504
0.6779772639 0.8214174509
0.682463944 0.816329062
0.6865668297 0.8109254241
0.6896803379 0.8061331511
0.6921606064 0.8022224307
0.6948546171 0.8009800911
0.6979334354 0.8038098812
0.7017527223 0.8103097081
0.7050480843 0.8197681904
0.7064291239 0.8275008202
0.7065892816 0.8332790136
0.7042991519 0.8382365108
0.7031328082 0.8435909748

0.615152061 0.8126134872
0.611195147 0.8079760671
0.6076599956 0.8031792045
0.6036019921 0.7969895601
0.6017230749 0.7930756807

