0.5498610735 0.1720172018
0.5480516553 0.1767315716
0.5451203585 0.1815425903
0.5426024795 0.1877170205
0.5400090218 0.1932154894
0.5363208055 0.1988374144
0.5336585641 0.2069195062
0.5341413617 0.2156376243
0.5364128947 0.2245209813
0.5389639139 0.2337252796
0.541487813 0.2382760048
0.542745769 0.2395508587
0.5457351208 0.2419306189
0.5483573675 0.2423712462
0.5521907806 0.2410702556
0.5554555655 0.238604188
0.5586462021 0.2348066419
0.5620241761 0.2310103774
0.5650185347 0.2257366031
0.5690880418 0.2197386324
0.5739094615 0.2129174471
0.578374505 0.2078975886
0.5820974708 0.2030165941
0.58502388 0.1969155073
0.588128984 0.1939881146
0.5913928747 0.1934354305
0.5941905975 0.1955850124
0.5966516733 0.1989696622
0.5982085466 0.2027922571
0.5998286009 0.2077842206
0.6025254726 0.2145269811
0.6054545641 0.2221483886
0.6083606482 0.2309610844
0.6099684834 0.2386608422
0.6103670597 0.2453920245
0.6087284088 0.2511538863
0.6061878204 0.2567811906
0.6040859818 0.2620057166

0.5243888497 0.2086163312
0.5176009536 0.1989702433
0.5148821473 0.1949596703
0.5108136535 0.1899414957
0.5020432472 0.1806990504

