0.7965331078 0.5299313068
0.7949163318 0.5327429771
0.792008996 0.5347954035
0.788367331 0.5380890369
0.7847847939 0.5447427034
0.7829694748 0.5518203378
0.7828153372 0.5600332022
0.7847374082 0.5682244301
0.7876665592 0.5731768608
0.7894179821 0.5752363205
0.7931862473 0.5779034495
0.797776401 0.5765816569
0.8007493019 0.573782146
0.8034883738 0.5680617094
0.8084848523 0.5650290251
0.8140326738 0.5628114939
0.8204050064 0.5567119718
0.827296257 0.5524358749
0.8353188038 0.5496165752
0.8449011445 0.5484368205
0.8525832891 0.549593091
0.8590011597 0.5531233549
0.8647939563 0.5578215122
0.8694156408 0.5615214109
0.8690350056 0.5678590536
0.8658475876 0.576503098
0.8621092439 0.5834882855
0.8564777374 0.5907300711
0.8534405231 0.5960330367

0.7692797184 0.5428590775
0.7622670531 0.538099587
0.7559608817 0.5338770747
0.7515678406 0.5277726054
0.7466989756 0.5224039555

