0.6591020823 0.1620391607
0.6561744213 0.1619731486
0.6547000408 0.165249899
0.6534000635 0.1668506414
0.6514884233 0.1701256484
0.6487212181 0.1754896641
0.6460815072 0.1842392832
0.6453533173 0.196753338
0.6490647793 0.2084922791
0.655146122 0.2141271085
0.659514606 0.2167444378
0.6627893448 0.2156060785
0.6642385125 0.2118748873
0.6669015288 0.2059328407
0.670576632 0.1989560872
0.6743512154 0.1923042685
0.6797350645 0.1866668463
0.6861059666 0.1805460453
0.6915611029 0.1734611392
0.6978589892 0.1694852859
0.7051593661 0.1689032167
0.7128097415 0.171332866
0.7170934677 0.1763854325
0.7199503183 0.1810907274
0.7211739421 0.191397652
0.721603632 0.2002895027
0.7190874815 0.2061281055
0.7142693996 0.2112895846
0.7056099176 0.2150269449

0.6171395779 0.1884571314
0.608253777 0.1873917878
0.600774169 0.1823725104
0.5925753713 0.1736583561

