0.7712826729 0.7888673544
0.7694736123 0.7926781774
0.7683598399 0.7991682291
0.7667478919 0.8066204786
0.7644565701 0.8141535521
0.7632988691 0.8217248917
0.7643224001 0.8270688057
0.7665622234 0.8328740597
0.7714247704 0.8369365931
0.7758057714 0.8374643922
0.7775803804 0.8346907496
0.7789407969 0.8297954798
0.7813283205 0.8259954453
0.7865158319 0.8214873075
0.7912970781 0.8169821501
0.7964962721 0.8099033833
0.8010400534 0.8034558296
0.8113633394 0.7963134646
0.8113633394 0.7963134646
0.8171512485 0.7964175344
0.82231915 0.7990353107
0.8256950378 0.8052506447
0.8275755644 0.8137195706
0.827506423 0.8213253617
0.8252953291 0.8271585107
0.8232130408 0.8326694369
0.819396615 0.8372689486
0.8140919805 0.8416547179

0.7498732805 0.8077288866
0.7434769869 0.8022660613
0.7373481989 0.7957824469
0.7328119874 0.7906685472
0.7288321853 0.7868024111
0.7241247892 0.783591032

