0.5579171181 0.1853039861
0.55500561 0.1866578907
0.5525520444 0.1913329214
0.5496371984 0.1985622793
0.5456275344 0.2053319514
0.5420662165 0.2130996287
0.5391814709 0.222576201
0.5363448262 0.2343085706
0.5377793312 0.2422809005
0.5418002605 0.2454078794
0.5456054211 0.2501360774
0.5488935709 0.2526417077
0.5528886318 0.2543776631
0.5566555858 0.2523150146
0.5609788895 0.2485368997
0.5657551289 0.2433820367
0.569455862 0.2391208708
0.5733162165 0.2350938469
0.5766348839 0.2294151187
0.5800767541 0.2242441028
0.5838297009 0.2204874456
0.5890029073 0.2180178016
0.5947022438 0.2201904505
0.5989831686 0.225540489
0.602930367 0.2289250791
0.6056307554 0.2309430093
0.6072193384 0.2336860299
0.6069265008 0.236723423
0.6072559953 0.2425629199
0.6073730588 0.2480978966
0.6067121029 0.2525182664
0.6044414639 0.2562138438
0.6019243598 0.2596775889

0.5079416633 0.2066366822
0.5014224648 0.1970121562
0.5007325411 0.1897731423
0.5009316206 0.1856597364

