0.7618540525 0.7109794021
0.7605148554 0.7099926472
0.7595140934 0.7081999183
0.7589935064 0.7014074922
0.7588275671 0.6978961229
0.7595928311 0.6944200397
0.7607306242 0.692625165
0.7623877525 0.6908279061
0.7656188607 0.6904540658
0.7687180638 0.689266324
0.7782652974 0.6885864735
0.7818180919 0.686797142
0.7861492038 0.684943378
0.7942063808 0.6813466549
0.7942063808 0.6813466549
0.800224185 0.6744419932
0.8036301732 0.66625911
0.8029345274 0.65881598
0.7989590764 0.6535748243

0.7529410124 0.656262219
0.7566697598 0.6612915397
0.7633665204 0.6674678326
0.7710392475 0.6730259657
0.7792339325 0.680314064
0.7872912884 0.6892985702
0.7936995029 0.6989135742
0.7969962955 0.7042509913

