0.8576058149 0.931678772
0.8613882661 0.9256414175
0.8606691957 0.9186817408
0.8627359271 0.9095355868
0.8718872666 0.906183064
0.8841146231 0.9053304195
0.8966596127 0.9031654
0.908853054 0.9002487659
0.9190023541 0.8956243992
0.9189898372 0.8848348856
0.9153963327 0.8750417233
0.9114376307 0.8692446947

0.8486480713 0.8701461554
0.8541019559 0.8795431852
0.8650998473 0.888189733
0.8778632879 0.8952599168
0.8912630677 0.9040863514
0.909943819 0.9166294336
0.9277164936 0.9297536612
0.9326534271 0.9316194057

