0.663151443 0.4169485867
0.6614590287 0.4182574153
0.6590100527 0.4139270186
0.649690032 0.4044586718
0.6438348889 0.3965388536
0.6427862048 0.3920865059
0.6408264637 0.3822144866
0.6393093467 0.3724957407
0.6446199417 0.369291693
0.6560751796 0.373010993
0.6669194102 0.3777528107
0.6782466173 0.3870850503
0.6868901253 0.3960570395
0.6887983084 0.3997745216
0.6867532134 0.392078042
0.692216754 0.3859504461
0.6995645165 0.3840471804
0.7016985416 0.375453651
0.7053261399 0.373908639
0.7128521204 0.3832578063
0.7162491083 0.3943977952
0.7185618877 0.4062153697
0.7199902534 0.4175023139
