0.6637864709 0.9145500064
0.6176659465 0.8991576433
0.6108814478 0.8966763616
0.6108814478 0.8966763616
0.605751276 0.8930559158
0.6008266211 0.8920992613
0.594599545 0.8909341693
0.5898916721 0.8894777298
0.5891720653 0.8872374296
0.5880915523 0.8877412677
0.5877172351 0.8877055645
0.5888786912 0.888237834
0.5950108767 0.8896055818
0.599604845 0.8895254135
0.6067426205 0.8875790834
0.6152498722 0.8875787258
0.6242997646 0.8879579902
0.6311554909 0.8871251345
0.639159441 0.8865997195
0.6497198939 0.8881283998
0.6569404006 0.8898355961
0.6656531692 0.8908351064
0.6745897532 0.8913387656
0.680585444 0.8921729326
0.6864166856 0.8924003839
0.6904571056 0.893004775
