0.8451012969 0.5361843705
0.8510967493 0.5356664062
0.8554068804 0.5347200036
0.8553420305 0.5344369411
0.8517158031 0.5342723131
0.855234921 0.5333029628
0.8585806489 0.5349479914
0.855917573 0.5370299816
0.861887157 0.5393539667
0.8689323068 0.5403905511
0.8721517324 0.5396668315
0.8769050837 0.5386602879
0.8839169741 0.5379728079
0.8907488585 0.5375329852
0.8966315985 0.5360533595
0.9042122364 0.5364388824
0.9135530591 0.5374023318
0.9189321995 0.5369797349
0.9232934713 0.5381236672
0.930183053 0.5376691222
0.933057785 0.5361270905
0.9344009757 0.5345441103
