0.9187555313 0.7173084021
0.927739799 0.7176724076
0.928532362 0.7139766216
0.9261009097 0.7099134922
0.9216868877 0.705254674
0.9121092558 0.698563695
0.8994315863 0.6933073997
0.8894903064 0.6887574196
0.8823719025 0.6859451532
0.8710469007 0.6831948757
0.8621037602 0.6814349294
0.8552268744 0.6799848676
0.8476442099 0.6774761081
0.8400884867 0.6751890182
0.8349683285 0.6733322144
0.8323242068 0.6719064116
0.8320295215 0.6721110344
0.835315764 0.6736795306
0.8423179388 0.6738183498
0.8477399349 0.6736362576
0.8516551256 0.6738341451
0.8601950407 0.6739997864
0.8722988367 0.6747806072
0.883372426 0.6753291488
0.8960186243 0.6770934463
0.9077427983 0.6784029603
0.9157252312 0.6801456809
0.9223927259 0.6816570163
0.9275919199 0.6826589108
0.9308918118 0.6832585931
0.9322533607 0.6832667589
0.9355000257 0.6830806732
0.9363914728 0.6829067469
0.9347616434 0.6831687689
0.9347916245 0.6835638285
