0.5139850378 0.6222289801
0.5172871351 0.6231384277
0.5225351453 0.6234343648
0.5249987245 0.6224747896
0.5272135735 0.6216346622
0.5324140191 0.6195148826
0.5349934697 0.6182931662
0.5415940285 0.6158103943
0.5462290049 0.6151214838
0.5506345034 0.6144692898
0.5577809811 0.6139394045
0.5611405969 0.6140174866
0.5646390319 0.6138495207
0.5719608665 0.6141526699
0.5758963227 0.6148215532
0.5796247125 0.6156656742
0.5821748376 0.6163531542
0.5855009556 0.6155510545
0.5873029828 0.6153228879
0.5894694924 0.6151180267
0.5940672755 0.6161090136
0.5958714485 0.6161230206
