0.8471252918 0.8793179989
0.8602122068 0.8864833117
0.8476959467 0.8721908927
0.81711936 0.8577790856
0.7996590137 0.8508284688
0.7835701108 0.8470803499
0.7606824636 0.8421032429
0.7399119139 0.8316317201
0.7275564671 0.8220287561
0.7159892321 0.817673564
0.6968383193 0.8116667271
0.6826905608 0.8061051369
0.6683665514 0.8002172112
0.650618732 0.7952466607
0.6322632432 0.7924429178
0.6164711118 0.7896126509
0.6024859548 0.7875106335
0.5865341425 0.7873575091
0.5781976581 0.7863958478
0.5744512081 0.7852072716
0.5683909655 0.786298871
0.5701472163 0.7866948247
0.5791740417 0.7840352058
0.5883504748 0.7818709612
0.597738564 0.7813625336
0.6150324345 0.7762109041
0.6368570328 0.7702807188
0.6569427848 0.7680467963
0.6766260862 0.7675954103
0.7014249563 0.7673381567
0.722728014 0.768175602
0.7442080975 0.7703124285
0.7676784992 0.7725323439
0.7843993306 0.7733460665
0.7947913408 0.7725286484
0.8095034957 0.7700171471
0.8283340931 0.7660787702
0.8512229919 0.7683173418
0.8643175364 0.774165988
0.875526309 0.7768387794
