0.6614419222 0.861880362
0.6680715084 0.8645322919
0.6718375087 0.8622248769
0.6597933769 0.8573616743
0.6438174248 0.8502408862
0.6392339468 0.8506087065
0.6294173002 0.8496434689
0.6172459722 0.845856905
0.6109754443 0.8429656029
0.6076034307 0.8429892659
0.6036375165 0.8414647579
0.5996419191 0.8397923112
0.6024745703 0.8379573226
0.6037199497 0.8375663757
0.6059193015 0.8368214369
0.6136806607 0.8388966322
0.6220850945 0.8406749368
0.6289807558 0.8413405418
0.637881577 0.8431222439
0.6498091221 0.8440231085
0.6585784554 0.8449693322
0.6672970653 0.8439980745
0.6757646799 0.8440865278
0.6832984686 0.845582962
0.6884047985 0.8487895727
