0.5171467066 0.7476286888
0.5237867832 0.7474447489
0.5282644033 0.7459836602
0.5334817171 0.7452560663
0.5408235192 0.7431712151
0.5424819589 0.7424466014
0.5497197509 0.7423930168
0.5574774146 0.742641449
0.5631607175 0.7423018217
0.5704931021 0.7421193123
0.5742403269 0.7414340377
0.5771795511 0.7414486408
0.5809690356 0.7407354712
0.5876771808 0.7396836877
0.5908464193 0.7389352322
0.5939860344 0.7378339171
0.5952185988 0.7378075123
0.5963777304 0.7374689579
0.5991176963 0.7364085317
0.599846065 0.7363353372
0.599846065 0.7363353372
