0.5225656629 0.8700549603
0.5323501825 0.8742284179
0.5370648503 0.8724879622
0.5378017426 0.8710566759
0.5359191895 0.8695061207
0.5373638868 0.8669039011
0.53540802 0.8647393584
0.5311733484 0.8626050353
0.5275691152 0.8605168462
0.5253407955 0.858579576
0.5204801559 0.8553996682
0.516053915 0.8524419069
0.513022244 0.8506007195
0.51101017 0.8493100405
0.5065293908 0.8480722904
0.5023263693 0.8456685543
0.5007904172 0.8456736207
0.5010755062 0.8400355577
0.5084593892 0.8399567008
0.5158287883 0.8381527066
0.5213906765 0.838050127
0.5278758407 0.8357598186
0.5349324942 0.8349410295
0.542275548 0.8350044489
0.5484499931 0.834776938
0.5553375483 0.8351958394
0.5608897805 0.8350186348
0.5637805462 0.8368115425
0.5703626275 0.837138772
0.5740104318 0.8398880959
0.5755087137 0.8415361643
0.5790015459 0.8421751261
0.5812569261 0.8440340161
0.5835030079 0.8460102081
0.5878366232 0.846303463
0.5891559124 0.8461934328
0.5921103954 0.8457793593
0.5955949426 0.8453480601
0.5976421833 0.8434170485
0.5983190536 0.8431123495
0.5972738862 0.842459321
0.5969979763 0.8427997231
0.5989407301 0.8442865014
0.6003783345 0.8453727961
0.5986614227 0.8443524837
0.5984757543 0.8430857658
0.6021869183 0.8413147926
0.6037756205 0.8398791552
0.6045193076 0.8388916254
0.6073167324 0.8388422132
0.6116279364 0.8379099369
0.6124489903 0.8383996487
