0.7932077646 0.5043882132
0.7935938835 0.49951002
0.7948260307 0.4991445839
0.7948260307 0.4991445839
0.7959420681 0.4995179474
0.7961155772 0.4996063411
0.7943065166 0.4994526505
0.7938611507 0.4993783832
0.7957125902 0.5006210804
0.7974443436 0.5009947419
0.7987565994 0.5008692741
0.7999602556 0.5018700361
0.8003501892 0.502397716
0.8043550253 0.5047126412
0.8065975904 0.5069677234
0.804620266 0.508415401
0.803789854 0.5098477006
0.8012708426 0.5115104914
0.7991669178 0.5119622946
0.7901699543 0.5112321377
0.7843791246 0.5103493929
0.7724099159 0.5088835955
0.7671376467 0.507994175
0.7576181889 0.5068333149
0.7526484132 0.5063992739
0.7473497391 0.5061959624
0.7366062999 0.5047376752
0.7326926589 0.5043658614
0.7268975973 0.5033993125
0.7254602909 0.5035543442
