0.5985181928 0.6982092857
0.5887622833 0.7046177387
0.5887622833 0.7046177387
0.5887622833 0.7046177387
0.5864822865 0.7048567533
0.5861524343 0.7057886124
0.5835071206 0.7064913511
0.5841143131 0.7067763805
0.5825204849 0.7071683407
0.5828220844 0.7077783346
0.5825538635 0.7070250511
0.5823896527 0.7069678903
0.5826566219 0.7072868943
0.5813965201 0.7078522444
0.5773105621 0.7089901567
0.5708565712 0.7093613148
0.5643570423 0.7107131481
0.5554950237 0.7123323679
0.5482292771 0.7142835855
0.543443799 0.7159804702
0.5363954306 0.7177243233
0.5328600407 0.7193679214
0.5284459591 0.7202887535
0.5248898268 0.7220036983
0.5195510387 0.7247371674
0.5158189535 0.7259713411
0.5117955208 0.7253553867
