0.7456912398 0.3664166629
0.7456912398 0.3664166629
0.7456912398 0.3664166629
0.7527103424 0.3641444445
0.7568800449 0.3638552129
0.7609257102 0.3645141721
0.7644760013 0.3649254143
0.7718667984 0.3642618954
0.7740517855 0.3637794852
0.7758702636 0.3635901511
0.7769824862 0.3636144698
0.7785763144 0.3636263609
0.7810124159 0.3641730249
0.7824443579 0.3649423718
0.7837780118 0.3665652275
0.7837291956 0.366704464
0.7844998837 0.36601156
0.7859032154 0.365780592
0.7871184945 0.3643541932
0.7877447009 0.3639891744
0.7888861299 0.3623454571
