0.7553307414 0.1408058554
0.7472971678 0.1398840994
0.7472971678 0.1398840994
0.7472971678 0.1398840994
0.7386304736 0.1392217427
0.7312014103 0.1385738105
0.7241749763 0.1375059187
0.7164946795 0.136566028
0.7097536325 0.1353969276
0.706536293 0.1348798424
0.7010397911 0.1344286352
0.6957024336 0.1335764527
0.6927006841 0.1328114718
0.6928617954 0.1322425753
0.6921457648 0.1325404197
0.6926962137 0.1323260069
0.6998595595 0.1315680593
0.7043370008 0.1306338012
0.7095071077 0.1309936345
0.7163213491 0.1299017519
0.7220852375 0.1280683428
0.7267003059 0.1251435578
