0.5574922562 0.9463616014
0.5307146907 0.9112517238
0.5271384716 0.9085764885
0.5271384716 0.9085764885
0.5200648308 0.904292047
0.5200648308 0.904292047
0.5164277554 0.9029594064
0.5135496259 0.9008539319
0.510841608 0.8990916014
0.5089315176 0.8980953097
0.5070685148 0.8975460529
0.5049981475 0.8975296021
0.5039096475 0.8966411948
0.5035207272 0.8963005543
0.502684474 0.8959149122
0.503043294 0.8948661089
0.5043771267 0.8939011097
0.5039707422 0.8926483393
0.5043836236 0.8920365572
0.507637918 0.8918724656
0.511228025 0.8915259242
0.5143874288 0.8913759589
0.5180707574 0.8910549283
0.5210904479 0.8906054497
0.5257895589 0.8899587393
0.5296736956 0.889308393
0.5335302353 0.8883247375
0.5380439162 0.8877958059
0.5426696539 0.8880045414
0.5482200384 0.8878668547
0.5531808138 0.8874489069
0.5571311712 0.8868277073
0.5619190335 0.8858942389
0.5671230555 0.8853235841
0.5723346472 0.8844179511
0.5773848295 0.8838928938
0.5821498632 0.8830381632
0.5877303481 0.8825669289
0.5931890011 0.8823580742
0.5981879234 0.8818511963
0.6031904817 0.8817739487
0.6078763008 0.8811535835
0.6121709347 0.8808168173
0.616260469 0.8806049824
0.6194837093 0.8806488514
0.6215730309 0.8809115291
0.6224820614 0.8801979423
