0.6715258956 0.8165697455
0.6708567142 0.8135710955
0.6711499691 0.8112421036
0.6658888459 0.808316946
0.6550319791 0.8028257489
0.6468521357 0.798458457
0.6377690434 0.7963752747
0.6289766431 0.7924452424
0.6192362905 0.7878329754
0.612044096 0.7814930677
0.6047745943 0.7776397467
0.5990595818 0.7764530182
0.5967832804 0.7773002982
0.5976244211 0.7782196403
0.59962672 0.7776012421
0.6036015153 0.7779689431
0.6121243238 0.7776715159
0.6218785048 0.7775412798
0.6318815351 0.7762938738
0.6425252557 0.7751032114
0.6572641134 0.7772659659
0.6691504121 0.7804705501
0.6765614748 0.7830098271
0.6868898869 0.7879356146
