0.5055467486 0.5893822908
0.5082808137 0.5884091854
0.5136494637 0.5868966579
0.5169395208 0.5846428275
0.5191905499 0.5821274519
0.5222070217 0.5775963664
0.5254312158 0.5759612322
0.5338485241 0.5742138624
0.5398188829 0.5723071098
0.5436202288 0.5719405413
0.5500329137 0.5708739758
0.5536532998 0.5713841915
0.5622822046 0.5725015998
0.5658679008 0.5733972788
0.5684061646 0.5734130144
0.5737413168 0.5731708407
0.5768440366 0.5738812089
0.5834443569 0.574292779
0.5857009292 0.5744871497
0.5878666639 0.5741634369
0.5888122916 0.5735898018
