0.6864180565 0.2561531067
0.6712079644 0.2530969083
0.6712079644 0.2530969083
0.6712079644 0.2530969083
0.6515575647 0.2491419315
0.6300755739 0.2464632839
0.6126968861 0.2470817268
0.5961225033 0.2456497997
0.5761240125 0.243979454
0.558899343 0.2416221946
0.5484494567 0.2411043942
0.5413120985 0.2417920232
0.5356851816 0.2425975353
0.5319603086 0.2422049195
0.534327209 0.2418791354
0.5424708128 0.2438993752
0.5539052486 0.2434585094
0.5692400932 0.2413425297
0.5868704915 0.237868309
0.604731679 0.2341813743
0.628660202 0.2309575379
0.6552399397 0.2253670841
0.6869044304 0.2240757048
0.7159317732 0.2205789238
0.7520626187 0.2141196132
0.7909429073 0.2149346173
0.8268916011 0.2148270309
0.8610456586 0.2101163417
0.8884575367 0.2156437039
