0.5335740447 0.6392150521
0.5503947735 0.6399222612
0.5745962262 0.6295900941
0.5824035406 0.6273619533
0.581771493 0.6257067919
0.6005554795 0.6235522032
0.6243065596 0.620888412
0.6412011981 0.6194105744
0.65957582 0.6190713644
0.6819076538 0.6171213388
0.7033623457 0.6154088974
0.7255256772 0.6148977876
0.7457653284 0.6172007322
0.7655839324 0.6192135811
0.7864297628 0.6206016541
0.8125394583 0.6273588538
0.8318795562 0.6329501867
0.858956933 0.6438064575
0.887943387 0.6529275179
0.912011683 0.6606659293
0.944008112 0.6725612879
