0.5197012424 0.1579730958
0.5229235291 0.1593089402
0.5258038044 0.1592171639
0.529702425 0.1592938751
0.5305600166 0.1588407755
0.5319366455 0.1577455848
0.5332775116 0.1573096067
0.5375861526 0.1568105519
0.5455379486 0.1555281878
0.5482137799 0.1549868435
0.5530241728 0.15356493
0.5562445521 0.1534108669
0.5595205426 0.1530864239
0.5651352406 0.1524229795
0.5673810244 0.1519239992
0.5727916956 0.1509647816
0.5757602453 0.150646314
0.5784633756 0.1503334939
0.5829133391 0.1495578736
0.5852159858 0.1490618587
0.5885744691 0.1478459239
0.5895129442 0.1469624341
0.5910151601 0.146271199
0.5940917134 0.1457912326
0.595308423 0.1451560557
0.5952876806 0.1448683441
