0.849395752 0.8956666589
0.8956307769 0.8904693723
0.8956307769 0.8904693723
0.8999806643 0.8899149895
0.8999806643 0.8899149895
0.9016050696 0.8888026476
0.9020859003 0.8890234232
0.9084552526 0.8911405206
0.9145425558 0.8927927017
0.9154865146 0.893201232
0.9191612601 0.893784523
0.9218200445 0.8943427205
0.9190505147 0.8930580616
0.9208487868 0.8945510983
0.9213051796 0.8961927891
0.9200587273 0.8978105783
0.9197355509 0.8984144926
0.9203865528 0.899882555
0.9188981056 0.8997818828
0.9143542051 0.8990262747
0.9143638611 0.8978623152
0.9186104536 0.897816658
0.9234827757 0.8942196965
0.9246731997 0.8922566175
