0.5002260804 0.5766960382
0.5071183443 0.5760424733
0.5094829798 0.5738204122
0.5113686919 0.572593689
0.5170176029 0.5715513229
0.5221162438 0.5704486966
0.5341771245 0.5689635277
0.5396183133 0.5679405928
0.5486918092 0.5653604269
0.5541700721 0.5642912388
0.5594881177 0.5638387203
0.5693500042 0.5644029975
0.5737800002 0.5642930269
0.5780637264 0.5652157664
0.5804260373 0.5657357574
0.5819653869 0.5660466552
0.5840373635 0.5665548444
0.5845328569 0.5665659904
0.5849645138 0.5662529469
0.5846301913 0.5665491819
