0.6876754761 0.08437654376
0.6894655228 0.09593527019
0.6935074925 0.1018477231
0.6935504675 0.1041487455
0.6974102855 0.1109212488
0.7042784691 0.1201700419
0.7101449966 0.1239254177
0.7135522962 0.1228181496
0.7177302837 0.123019062
0.7205697298 0.1214352101
0.7208510637 0.1154556721
0.7200481892 0.1083178893
0.7184358239 0.1029678211
0.7153819799 0.0979533121
0.7113515139 0.09371207654
0.7064447403 0.09177429974
0.6999486685 0.0911969766
0.6969519854 0.08940541744
0.6941011548 0.0886444822
0.6926507354 0.08893063664
0.6936281323 0.08966746181
0.6961735487 0.08860315382
0.7001740932 0.08946816623
0.7061752677 0.08969637007
0.7115911245 0.08575852215
0.7154766321 0.08085378259
0.721493125 0.07562713325
0.7230268121 0.06512323022
0.7201559544 0.04972713441
0.7176402807 0.04017635807

