0.6194017529 0.9092011452
0.618330121 0.9157928824
0.6187340021 0.9213407636
0.6202189326 0.9278959036
0.6239218712 0.9372481108
0.6294041276 0.9458758235
0.6356340051 0.9493923187
0.6417027712 0.9520355463
0.6481078863 0.9515191317
0.6529743075 0.9480712414
0.6586238742 0.9346158504
0.6591059566 0.9264165163
0.6580229402 0.9195873141
0.6555854678 0.9141880274
0.6509683132 0.908266902
0.6449687481 0.9040560722
0.6378303766 0.9020463824
0.6306922436 0.9013271928
0.6258155704 0.9006074071
0.6215466261 0.900673449
0.6198322773 0.9017458558
0.6213564873 0.9025092125
0.6239817142 0.9013447165
0.6285505295 0.9018698335
0.6365991831 0.902191937
0.6438378692 0.901329577
0.6495591402 0.8977400064
0.6548804045 0.8923894167
0.6566890478 0.8849531412

