0.7476231456 0.8038201928
0.7520599961 0.8123021722
0.7575162053 0.8202771544
0.7642313838 0.8262953758
0.7715313435 0.8303505182
0.7787238955 0.8311944008
0.7806946039 0.828015089
0.7795751095 0.821272254
0.7766265869 0.8132010698
0.7721254826 0.8063002229
0.765655458 0.8011853695
0.7587690949 0.7983189821
0.7515481114 0.7985051274
0.7461337447 0.7989243269
0.743476212 0.8000995517
0.7452073097 0.8021638393
0.7504230142 0.802732408
0.7556767464 0.8016904593
0.7633594871 0.799073875
0.7723890543 0.7978169918
0.7798219919 0.7958655357
0.7850090861 0.7929513454
0.7894997597 0.7891638279
0.793032527 0.7867741585
0.792904973 0.7852603197

