0.7613545656 0.3650557995
0.762614131 0.3679615855
0.7625278831 0.3740230799
0.7642151117 0.3803711534
0.7708204985 0.3845259547
0.7761746645 0.3846200705
0.781132102 0.3838184178
0.7863581181 0.3828968406
0.7918118834 0.3786541224
0.7914861441 0.3693597317
0.7874836922 0.3614748418
0.7854070663 0.3588423729
0.7804991603 0.3563013673
0.7724376917 0.3537009358
0.7660360336 0.3530702889
0.7613306046 0.3530629575
0.7603807449 0.3550084233
0.7626984715 0.3566493988
0.7677265406 0.3581723571
0.7741785049 0.3590039015
0.7796573639 0.3580662906
0.7858522534 0.3584164381
0.791846931 0.3554876447
0.7943576574 0.3459478021
0.7964809537 0.3387235999
0.7982959747 0.3314065039
0.7964519858 0.3275045753
0.7943230271 0.3268826604
0.7926274538 0.3306031823
0.7910366058 0.3347406089
0.7891190648 0.3379215598

